0
79
79
79
79
75
76
75
75
75
74
75
75
75
75
76
79
79
79
79
79
79
79
79
79
79
79
79
79
79
79
79
79
78
79
79
78
78
78
78
78
78
78
78
78
-19
-38
19
-38
-37
-39
-38
-39
-39
-37
-37
-38
-38
-35
-38
-38
-39
-39
-39
-38
-38
-38
-38
-37
-38
-37
-99
-99
20
20
20
20
-38
-95
-37
-37
-38
-94
-99
-38
-38
-89
-90
-36
-90
-18
-38
-36
-38
-38
-38
-38
0
0
0
-38
-38
-38
-38
-38
-95
-95
-38
-38
19
-90
-90
-90
-76
76
-38
-38
-95
-38
-38
-38
76
72
72
-38
-36
-38
-36
-38
-38
-38
-38
-38
-38
-38
-38
-36
-38
-38
-38
-38
-38
-38
-38
76
