arya                            
8 50 20 10 0 1
7 11 20 98 4 1 13
141 168 0 7 0 0
384 168 0 2 0 0
627 168 0 0 0 0
870 168 1 9 1 1
1113 168 1 6 0 1
1356 168 0 0 0 0
1599 168 0 0 0 0
20 238 1 3 0 1
263 238 1 3 0 1
506 238 1 0 0 0
749 238 1 9 0 1
992 238 0 0 0 0
1235 238 0 3 0 0
1478 238 1 5 1 1
141 308 1 3 1 1
384 308 0 2 1 0
627 308 1 4 1 0
870 308 0 0 0 0
1113 308 1 6 1 1
1356 308 0 0 0 0
1599 308 1 5 0 1
20 378 1 3 0 1
263 378 0 2 0 0
506 378 0 2 0 0
749 378 1 0 0 0
992 378 0 3 0 0
1235 378 1 0 0 1
1478 378 1 0 0 1
141 448 0 7 0 0
384 448 0 0 0 0
627 448 1 0 0 0
870 448 0 0 0 0
1113 448 0 3 0 0
1356 448 1 0 1 1
1599 448 1 10 1 1
20 518 1 7 1 1
263 518 1 1 0 1
506 518 0 0 0 0
749 518 0 0 0 0
992 518 0 5 0 0
1235 518 1 0 0 1
1478 518 1 0 0 1
141 588 0 8 0 0
384 588 1 1 0 1
627 588 1 8 0 1
870 588 0 0 0 0
1113 588 0 5 0 0
1356 588 0 1 0 0
1599 588 0 1 0 0
20 658 1 7 0 1
263 658 1 1 1 1
506 658 1 8 1 1
749 658 0 0 0 0
992 658 1 11 1 1
1235 658 0 10 1 0
1478 658 1 4 1 1
141 728 0 0 0 0
384 728 1 1 0 1
627 728 0 6 1 0
870 728 0 5 0 0
1113 728 1 11 0 1
1356 728 1 12 1 1
1599 728 1 4 1 1
20 798 1 0 0 0
263 798 0 0 0 0
506 798 0 0 0 0
749 798 1 2 1 1
992 798 0 0 0 0
1235 798 0 0 0 0
1478 798 1 4 0 1
141 868 0 0 0 0
384 868 1 0 0 0
627 868 1 2 0 1
870 868 1 2 0 1
1113 868 1 0 0 0
1356 868 0 0 0 0
1599 868 1 4 0 1
0 5 10 0 0 0 0
5 4
5 5
5 3
6 5
6 3
1 4 10 0 0 0 0
1 7
1 8
1 6
1 5
2 3 10 0 0 0 0
3 9
3 10
2 10
3 4 10 0 0 0 0
0 2
0 3
0 1
1 1
4 4 10 0 0 0 0
6 8
6 9
6 7
6 10
10 2 20 0 0 0 0
6 1
6 2
10 2 20 0 0 0 0
4 2
4 0
10 2 20 0 0 0 0
0 5
0 7
10 2 20 0 0 0 0
2 7
2 6
10 2 20 0 0 0 0
3 0
3 1
10 1 20 0 0 0 0
6 4
10 2 20 0 0 0 0
4 7
4 8
10 1 20 0 0 0 0
5 8
0
0 1 10 -1 -1 1
0 1 10 -1 -1 1
0 1 10 -1 -1 1
0 1 10 -1 -1 1
0 1 10 -1 -1 1
0
