arya                            
8 50 20 10 0 1
7 10 100 176 4 1 13
221 246 0 0 0 0
464 246 0 0 0 0
707 246 0 0 0 0
950 246 1 0 0 0
1193 246 0 0 0 0
1436 246 1 1 1 1
1679 246 1 11 1 1
100 316 1 3 0 1
343 316 0 0 0 0
586 316 1 4 1 1
829 316 0 0 0 0
1072 316 0 0 0 0
1315 316 0 0 0 0
1558 316 0 0 0 0
221 386 1 3 1 1
464 386 0 0 0 0
707 386 1 4 0 1
950 386 0 0 0 0
1193 386 1 9 0 1
1436 386 0 0 0 0
1679 386 1 11 0 1
100 456 0 0 0 0
343 456 0 0 0 0
586 456 0 0 0 0
829 456 1 10 1 1
1072 456 0 0 0 0
1315 456 1 9 0 1
1558 456 1 12 1 1
221 526 1 0 0 1
464 526 1 0 0 1
707 526 0 0 0 0
950 526 1 7 0 1
1193 526 1 9 1 1
1436 526 0 0 0 0
1679 526 0 0 0 0
100 596 1 0 0 0
343 596 1 0 1 1
586 596 1 0 0 0
829 596 0 0 0 0
1072 596 1 7 0 1
1315 596 0 0 0 0
1558 596 0 0 0 0
221 666 0 0 0 0
464 666 0 0 0 0
707 666 0 0 0 0
950 666 1 7 1 1
1193 666 1 5 0 1
1436 666 1 6 0 1
1679 666 1 6 0 1
100 736 0 0 0 0
343 736 0 0 0 0
586 736 1 2 0 1
829 736 0 0 0 0
1072 736 0 0 0 0
1315 736 1 5 0 1
1558 736 1 6 1 1
221 806 0 0 0 0
464 806 0 0 0 0
707 806 1 2 0 1
950 806 1 7 0 1
1193 806 1 5 1 1
1436 806 1 6 0 1
1679 806 0 0 0 0
100 876 0 0 0 0
343 876 1 0 0 0
586 876 1 2 1 1
829 876 1 8 1 1
1072 876 1 5 0 1
1315 876 0 0 0 0
1558 876 1 6 0 1
0 3 46 0 0 0 0
1 5
1 4
0 4
1 1 8 -2 47 0 1
5 0
751 406 286 471 1 1 1 1644501558 477213 0.000000 1 3
747 371 282 436 1 1 1 1644501558 477214 0.000000 1 3
743 336 278 401 1 1 1 1644501558 477214 0.000000 1 3
391 449 286 471 1 1 1 1644501553 477214 180000.000000 1 3
387 414 282 436 1 1 1 1644501553 477214 180000.000000 1 3
383 379 278 401 1 1 1 1644501553 477214 180000.000000 1 3
391 449 286 471 1 1 1 1644501553 477214 360000.000000 1 3
387 414 282 436 1 1 1 1644501553 477214 360000.000000 1 3
383 379 278 401 1 1 1 1644501553 477214 360000.000000 1 3
391 449 286 471 1 1 1 1644501553 477214 540000.000000 1 3
387 414 282 436 1 1 1 1644501553 477215 540000.000000 1 3
1652 729 1659 751 1 1 1 1644501559 23522 0.000000 1 6
1572 799 1579 821 1 1 1 1644501560 43896 0.000000 1 6
1612 764 1619 786 1 1 1 1644501561 27571 0.000000 1 6
1652 729 1659 751 1 1 1 1644501562 48688 0.000000 1 6
1572 799 1579 821 1 1 1 1644501563 33249 0.000000 1 6
377 416 282 436 1 1 1 1644501564 19478 0.000000 1 3
363 383 278 401 1 1 1 1644501565 38974 0.000000 1 3
381 451 286 471 1 1 1 1644501566 26239 0.000000 1 3
1612 764 1619 786 1 1 1 1644501568 812540 0.000000 1 6
1652 729 1659 751 1 1 1 1644501568 812540 0.000000 1 6
1572 799 1579 821 1 1 1 1644501569 17349 0.000000 1 6
1268 557 1254 576 1 1 1 1644501574 185210 0.000000 1 9
1228 522 1214 541 1 1 1 1644501574 185211 0.000000 1 9
1308 592 1294 611 1 1 1 1644501574 185211 0.000000 1 9
1268 557 1254 576 1 1 1 1644501574 185211 180000.000000 1 9
1228 522 1214 541 1 1 1 1644501574 185211 180000.000000 1 9
1308 592 1294 611 1 1 1 1644501575 35492 0.000000 1 9
1268 557 1254 576 1 1 1 1644501576 21367 0.000000 1 9
1228 522 1214 541 1 1 1 1644501577 41364 0.000000 1 9
1308 592 1294 611 1 1 1 1644501578 28716 0.000000 1 9
1268 557 1254 576 1 1 1 1644501579 13300 0.000000 1 9
603 350 278 401 1 1 1 1644501580 33722 0.000000 1 3
621 419 286 471 1 1 1 1644501581 19880 0.000000 1 3
557 390 282 436 1 1 1 1644501582 38533 0.000000 1 3
553 355 278 401 1 1 1 1644501583 24973 0.000000 1 3
679 397 649 401 1 1 1 1644501594 41254 0.000000 1 4
677 362 647 366 1 1 1 1644501594 41254 0.000000 1 4
675 327 645 331 1 1 1 1644501594 41255 0.000000 1 4
679 397 649 401 1 1 1 1644501594 41255 180000.000000 1 4
677 362 647 366 1 1 1 1644501594 41255 180000.000000 1 4
675 327 645 331 1 1 1 1644501594 41255 180000.000000 1 4
679 397 649 401 1 1 1 1644501594 41255 360000.000000 1 4
677 362 647 366 1 1 1 1644501594 41255 360000.000000 1 4
675 327 645 331 1 1 1 1644501594 41261 360000.000000 1 4
679 397 649 401 1 1 1 1644501594 41262 540000.000000 1 4
677 362 647 366 1 1 1 1644501594 41262 540000.000000 1 4
2 3 25 25 57 1 0
2 9
2 8
2 7
467 771 242 471 2 0 1 1644501558 477217 0.000000 2 3
507 736 282 436 2 0 1 1644501558 477217 0.000000 2 3
547 701 322 401 2 0 1 1644501558 477217 0.000000 2 3
473 779 242 471 2 0 1 1644501553 477226 180000.000000 2 3
513 744 282 436 2 0 1 1644501553 477226 180000.000000 2 3
553 709 322 401 2 0 1 1644501553 477226 180000.000000 2 3
473 779 242 471 2 0 1 1644501553 477226 360000.000000 2 3
513 744 282 436 2 0 1 1644501553 477226 360000.000000 2 3
553 709 322 401 2 0 1 1644501553 477226 360000.000000 2 3
473 779 242 471 2 0 1 1644501553 477226 540000.000000 2 3
513 744 282 436 2 0 1 1644501553 477226 540000.000000 2 3
559 717 322 401 2 0 1 1644501563 576025 0.000000 2 3
479 787 242 471 2 0 1 1644501563 576025 0.000000 2 3
519 752 282 436 2 0 1 1644501563 576025 0.000000 2 3
589 757 322 401 2 0 1 1644501553 576025 180000.000000 2 3
509 827 242 471 2 0 1 1644501553 576026 180000.000000 2 3
555 800 282 436 2 0 1 1644501574 185212 0.000000 2 3
595 765 322 401 2 0 1 1644501574 185212 0.000000 2 3
515 835 242 471 2 0 1 1644501574 185213 0.000000 2 3
555 800 282 436 2 0 1 1644501574 185213 180000.000000 2 3
595 765 322 401 2 0 1 1644501574 185213 180000.000000 2 3
515 835 242 471 2 0 1 1644501574 185213 180000.000000 2 3
555 800 282 436 2 0 1 1644501574 185213 360000.000000 2 3
595 765 322 401 2 0 1 1644501574 185213 360000.000000 2 3
515 835 242 471 2 0 1 1644501574 185213 360000.000000 2 3
555 800 282 436 2 0 1 1644501574 185213 540000.000000 2 3
595 765 322 401 2 0 1 1644501574 185213 540000.000000 2 3
521 843 242 471 2 0 1 1644501579 251197 0.000000 2 3
561 808 282 436 2 0 1 1644501579 251197 0.000000 2 3
601 773 322 401 2 0 1 1644501579 251197 0.000000 2 3
551 883 242 471 2 0 1 1644501579 251197 180000.000000 2 3
591 848 282 436 2 0 1 1644501579 251197 180000.000000 2 3
687 891 322 401 2 0 0 1644501580 33723 0.000000 2 3
687 926 687 366 2 0 0 1644501590 843686 0.000000 2 4
647 926 647 366 2 0 0 1644501590 843686 0.000000 2 4
607 926 607 366 2 0 0 1644501590 843686 0.000000 2 4
687 926 687 366 2 0 0 1644501590 843686 180000.000000 2 4
647 926 647 366 2 0 0 1644501590 843686 180000.000000 2 4
607 926 607 366 2 0 0 1644501590 843686 180000.000000 2 4
687 926 687 366 2 0 0 1644501590 843686 360000.000000 2 4
647 926 647 366 2 0 0 1644501590 843686 360000.000000 2 4
607 926 607 366 2 0 0 1644501590 843686 360000.000000 2 4
687 926 687 366 2 0 0 1644501590 843686 540000.000000 2 4
647 926 647 366 2 0 0 1644501591 14872 0.000000 2 4
607 926 607 366 2 0 0 1644501592 34305 0.000000 2 4
687 926 687 366 2 0 0 1644501593 20595 0.000000 2 4
647 926 647 366 2 0 0 1644501594 41252 0.000000 2 4
607 926 607 366 2 0 0 1644501595 26956 0.000000 2 4
687 926 687 366 2 0 0 1644501596 46149 0.000000 2 4
647 926 647 366 2 0 0 1644501597 33366 0.000000 2 4
607 926 607 366 2 0 0 1644501598 19382 0.000000 2 4
687 926 687 366 2 0 0 1644501599 38679 0.000000 2 4
647 926 647 366 2 0 0 1644501600 25074 0.000000 2 4
607 926 607 366 2 0 0 1644501601 11668 0.000000 2 4
687 926 687 366 2 0 0 1644501602 30528 0.000000 2 4
647 926 647 366 2 0 0 1644501603 16877 0.000000 2 4
607 926 607 366 2 0 0 1644501604 36762 0.000000 2 4
3 2 18 18 56 1 1
0 2
0 1
295 469 1501 331 3 1 1 1644501558 477215 0.000000 3 1
291 434 1497 296 3 1 1 1644501558 477215 0.000000 3 1
287 399 1493 261 3 1 1 1644501558 477215 0.000000 3 1
340 459 1501 331 3 1 1 1644501553 477215 180000.000000 3 1
336 424 1497 296 3 1 1 1644501553 477215 180000.000000 3 1
332 389 1493 261 3 1 1 1644501553 477215 180000.000000 3 1
340 459 1501 331 3 1 1 1644501553 477215 360000.000000 3 1
336 424 1497 296 3 1 1 1644501553 477215 360000.000000 3 1
332 389 1493 261 3 1 1 1644501553 477215 360000.000000 3 1
340 459 1501 331 3 1 1 1644501553 477216 540000.000000 3 1
336 424 1497 296 3 1 1 1644501553 477216 540000.000000 3 1
323 391 1493 261 3 1 1 1644501563 576026 0.000000 3 1
331 461 1501 331 3 1 1 1644501563 576026 0.000000 3 1
327 426 1497 296 3 1 1 1644501563 576026 0.000000 3 1
422 369 1493 261 3 0 1 1644501553 576026 180000.000000 3 1
430 439 1501 331 3 0 1 1644501563 845892 0.000000 3 1
426 404 1497 296 3 0 1 1644501563 845892 0.000000 3 1
422 369 1493 261 3 0 1 1644501563 845892 0.000000 3 1
430 439 1501 331 3 0 1 1644501563 845892 180000.000000 3 1
426 404 1497 296 3 0 1 1644501563 845892 180000.000000 3 1
411 371 641 331 3 0 1 1644501574 185214 0.000000 3 4
423 441 653 401 3 0 1 1644501574 185214 0.000000 3 4
417 406 647 366 3 0 1 1644501574 185214 0.000000 3 4
411 371 641 331 3 0 1 1644501574 185214 180000.000000 3 4
423 441 653 401 3 0 1 1644501574 185214 180000.000000 3 4
417 406 647 366 3 0 1 1644501574 185214 180000.000000 3 4
404 373 1493 261 3 0 1 1644501579 251198 0.000000 3 1
412 443 1501 331 3 0 1 1644501579 251198 0.000000 3 1
408 408 1497 296 3 0 1 1644501579 251198 0.000000 3 1
359 383 1493 261 3 0 1 1644501579 251198 180000.000000 3 1
367 453 1501 331 3 0 1 1644501579 251198 180000.000000 3 1
282 436 1497 296 3 0 0 1644501581 52704 0.000000 3 1
278 401 1493 261 3 0 0 1644501581 52705 0.000000 3 1
278 471 886 541 3 0 0 1644501603 118977 0.000000 3 10
282 436 890 506 3 0 0 1644501603 118977 0.000000 3 10
286 401 894 471 3 0 0 1644501603 118977 0.000000 3 10
278 471 886 541 3 0 0 1644501603 118977 180000.000000 3 10
282 436 890 506 3 0 0 1644501603 118977 180000.000000 3 10
286 401 894 471 3 0 0 1644501603 118977 180000.000000 3 10
278 471 886 541 3 0 0 1644501603 118978 360000.000000 3 10
282 436 890 506 3 0 0 1644501603 118978 360000.000000 3 10
286 401 894 471 3 0 0 1644501603 118978 360000.000000 3 10
278 471 886 541 3 0 0 1644501603 118978 540000.000000 3 10
282 436 890 506 3 0 0 1644501603 118978 540000.000000 3 10
286 401 894 471 3 0 0 1644501603 118978 540000.000000 3 10
278 471 886 541 3 0 0 1644501603 118978 720000.000000 3 10
282 436 890 506 3 0 0 1644501603 118978 720000.000000 3 10
286 401 894 471 3 0 0 1644501603 118978 720000.000000 3 10
278 471 886 541 3 0 0 1644501603 118978 900000.000000 3 10
282 436 890 506 3 0 0 1644501603 118978 900000.000000 3 10
286 401 894 471 3 0 0 1644501603 118978 900000.000000 3 10
278 471 886 541 3 0 0 1644501603 118979 1080000.000000 3 10
282 436 890 506 3 0 0 1644501603 118979 1080000.000000 3 10
286 401 894 471 3 0 0 1644501603 118979 1080000.000000 3 10
278 471 886 541 3 0 0 1644501603 118979 1260000.000000 3 10
282 436 890 506 3 0 0 1644501604 36763 0.000000 3 10
4 2 14 14 57 1 0
2 1
2 2
353 456 288 471 4 1 1 1644501558 477227 0.000000 4 3
347 421 282 436 4 1 1 1644501553 477227 0.000000 4 3
341 386 276 401 4 1 1 1644501553 477227 0.000000 4 3
313 464 288 471 4 1 1 1644501553 477227 180000.000000 4 3
307 429 282 436 4 1 1 1644501553 477227 180000.000000 4 3
301 394 276 401 4 1 1 1644501553 477227 180000.000000 4 3
313 464 288 471 4 1 1 1644501553 477228 360000.000000 4 3
307 429 282 436 4 1 1 1644501553 477228 360000.000000 4 3
301 394 276 401 4 1 1 1644501553 477228 360000.000000 4 3
313 464 288 471 4 1 1 1644501553 477228 540000.000000 4 3
307 429 282 436 4 1 1 1644501553 477228 540000.000000 4 3
690 326 1495 261 4 1 1 1644501563 576024 0.000000 4 1
694 396 1499 331 4 1 1 1644501563 576024 0.000000 4 1
692 361 1497 296 4 1 1 1644501563 576024 0.000000 4 1
1465 261 1495 261 4 1 1 1644501553 576024 180000.000000 4 1
1469 331 1499 331 4 1 1 1644501553 576024 180000.000000 4 1
418 627 404 646 4 1 1 1644501565 343511 0.000000 4 0
378 592 364 611 4 1 1 1644501565 343511 0.000000 4 0
458 662 444 681 4 1 1 1644501565 343512 0.000000 4 0
418 627 404 646 4 1 1 1644501565 343512 180000.000000 4 0
378 592 364 611 4 1 1 1644501565 343512 180000.000000 4 0
458 662 444 681 4 1 1 1644501565 343512 180000.000000 4 0
418 627 404 646 4 1 1 1644501565 343512 360000.000000 4 0
378 592 364 611 4 1 1 1644501566 23626 0.000000 4 0
458 662 444 681 4 1 1 1644501567 43392 0.000000 4 0
418 627 404 646 4 1 1 1644501568 29143 0.000000 4 0
378 592 364 611 4 1 1 1644501569 15356 0.000000 4 0
513 424 288 471 4 1 1 1644501579 251198 0.000000 4 3
507 389 282 436 4 1 1 1644501579 251198 0.000000 4 3
501 354 276 401 4 0 1 1644501579 251198 0.000000 4 3
563 414 288 471 4 1 1 1644501579 251199 180000.000000 4 3
557 379 282 436 4 1 1 1644501579 251199 180000.000000 4 3
641 331 276 401 4 0 0 1644501580 33723 0.000000 4 3
687 366 687 926 4 0 0 1644501590 843687 0.000000 4 2
647 366 647 926 4 0 0 1644501590 843687 0.000000 4 2
607 366 607 926 4 0 0 1644501590 843687 0.000000 4 2
687 366 687 926 4 0 0 1644501590 843687 180000.000000 4 2
647 366 647 926 4 0 0 1644501590 843687 180000.000000 4 2
607 366 607 926 4 0 0 1644501590 843687 180000.000000 4 2
687 366 687 926 4 0 0 1644501590 843687 360000.000000 4 2
647 366 647 926 4 0 0 1644501590 843687 360000.000000 4 2
607 366 607 926 4 0 0 1644501590 843687 360000.000000 4 2
687 366 687 926 4 0 0 1644501590 843687 540000.000000 4 2
647 366 647 926 4 0 0 1644501591 14873 0.000000 4 2
607 366 607 926 4 0 0 1644501592 34306 0.000000 4 2
687 366 687 926 4 0 0 1644501593 20595 0.000000 4 2
647 366 647 926 4 0 0 1644501594 41253 0.000000 4 2
607 366 607 926 4 0 0 1644501595 26956 0.000000 4 2
687 366 687 926 4 0 0 1644501596 46149 0.000000 4 2
647 366 647 926 4 0 0 1644501597 33367 0.000000 4 2
607 366 607 926 4 0 0 1644501598 19382 0.000000 4 2
687 366 687 926 4 0 0 1644501599 38680 0.000000 4 2
647 366 647 926 4 0 0 1644501600 25075 0.000000 4 2
607 366 607 926 4 0 0 1644501601 11668 0.000000 4 2
687 366 687 926 4 0 0 1644501602 30529 0.000000 4 2
647 366 647 926 4 0 0 1644501603 16878 0.000000 4 2
607 366 607 926 4 0 0 1644501604 36763 0.000000 4 2
10 4 20 0 0 0 0
4 8
4 9
4 6
5 7
10 5 12 0 0 0 0
6 7
6 6
6 9
5 8
5 6
10 4 20 0 0 0 0
3 6
3 8
3 4
4 5
10 1 20 0 0 0 0
3 9
10 3 10 0 0 0 0
4 4
4 2
5 3
10 1 20 0 0 0 0
3 3
10 2 20 0 0 0 0
6 0
6 2
10 1 20 0 0 0 0
6 3
14
2 585 385 1 1 1644501558 510416 0.000000 4
2 1531 417 1 1 1644501569 119234 0.000000 1
2 1361 291 1 1 1644501563 780545 0.000000 1
2 486 606 0 0 0 0 0.000000 0
2 591 414 1 1 1644501574 185200 0.000000 4
2 1353 445 1 1 1644501579 761704 0.000000 1
2 1619 646 0 0 0 0 0.000000 0
2 1244 565 0 0 0 0 0.000000 0
2 1122 686 0 0 0 0 0.000000 0
2 1181 546 0 0 0 0 0.000000 0
2 647 568 0 0 0 0 0.000000 0
2 1513 510 0 0 0 0 0.000000 0
2 1113 758 0 0 0 0 0.000000 0
2 798 479 0 0 0 0 0.000000 0
0 1 0 -1 -1 1
0 1 10 -1 -1 1
0 1 0 -1 -1 1
0 1 0 -1 -1 1
0 1 0 -1 -1 1
0
