arya                            
8 50 20 10 0 1
7 10 128 156 4 1 13
249 226 1 3 1 1
492 226 0 0 0 0
735 226 0 5 1 0
978 226 0 0 0 0
1221 226 1 0 0 0
1464 226 1 6 0 1
1707 226 1 8 1 1
128 296 0 11 1 0
371 296 1 2 0 1
614 296 0 0 0 0
857 296 0 5 0 0
1100 296 0 0 0 0
1343 296 0 0 0 0
1586 296 1 6 0 1
249 366 1 3 0 1
492 366 1 2 1 1
735 366 1 4 1 1
978 366 1 11 1 1
1221 366 1 1 1 1
1464 366 1 6 1 1
1707 366 1 8 1 1
128 436 0 0 0 0
371 436 1 2 1 1
614 436 1 2 0 1
857 436 1 4 0 1
1100 436 1 1 0 1
1343 436 0 0 0 0
1586 436 1 6 0 1
249 506 1 12 1 1
492 506 0 0 0 0
735 506 1 4 1 1
978 506 1 11 0 1
1221 506 1 1 1 1
1464 506 0 0 0 0
1707 506 1 8 0 1
128 576 0 0 0 0
371 576 1 7 0 1
614 576 0 0 0 0
857 576 0 0 0 0
1100 576 0 0 0 0
1343 576 1 1 0 1
1586 576 1 9 1 1
249 646 0 0 0 0
492 646 1 7 1 1
735 646 0 2 0 0
978 646 0 0 1 0
1221 646 0 0 0 0
1464 646 1 9 0 1
1707 646 1 9 0 1
128 716 0 0 0 0
371 716 0 0 0 0
614 716 0 9 1 0
857 716 0 0 0 0
1100 716 1 0 0 0
1343 716 1 10 1 1
1586 716 1 9 1 1
249 786 1 0 1 1
492 786 1 7 0 1
735 786 1 5 1 1
978 786 0 0 0 0
1221 786 0 3 1 0
1464 786 0 0 0 0
1707 786 1 9 0 1
128 856 1 0 0 1
371 856 0 0 0 0
614 856 0 0 0 0
857 856 1 5 0 1
1100 856 0 0 0 0
1343 856 1 10 0 1
1586 856 1 9 0 1
0 2 10 0 0 0 0
0 8
0 9
1 4 10 0 0 0 0
4 4
4 3
4 2
5 5
2 4 10 0 0 0 0
1 2
1 3
1 1
2 3
3 2 10 0 0 0 0
0 0
0 2
4 3 10 0 0 0 0
2 2
2 4
3 3
10 2 20 0 0 0 0
2 8
3 9
10 4 20 0 0 0 0
5 2
5 0
6 3
6 1
10 3 20 0 0 0 0
1 6
1 5
1 8
10 3 20 0 0 0 0
6 2
6 4
6 0
10 6 20 0 0 0 0
6 7
6 8
6 6
6 9
6 5
5 6
10 2 20 0 0 0 0
5 7
5 9
10 2 20 0 0 0 0
3 2
3 4
10 1 20 0 0 0 0
0 4
0
0 1 10 -1 -1 1
0 1 10 -1 -1 1
0 1 10 -1 -1 1
0 1 10 -1 -1 1
0 1 10 -1 -1 1
0
