arya                            
8 50 20 10 0 1
7 11 142 101 4 1 13
263 171 0 0 0 0
506 171 0 0 0 0
749 171 0 0 0 0
992 171 0 0 0 0
1235 171 0 0 0 0
1478 171 1 0 0 0
1721 171 1 5 1 1
142 241 1 0 0 0
385 241 1 9 0 1
628 241 1 6 0 1
871 241 0 0 0 0
1114 241 1 4 1 1
1357 241 0 0 0 0
1600 241 1 5 0 1
263 311 1 9 0 1
506 311 0 0 0 0
749 311 0 0 0 0
992 311 1 2 0 1
1235 311 0 0 0 0
1478 311 1 12 0 1
1721 311 1 5 0 1
142 381 0 0 0 0
385 381 1 9 1 1
628 381 1 6 1 1
871 381 1 2 1 1
1114 381 0 0 0 0
1357 381 0 0 0 0
1600 381 1 12 1 1
263 451 1 9 0 1
506 451 0 0 0 0
749 451 0 0 0 0
992 451 0 0 0 0
1235 451 0 0 0 0
1478 451 0 0 0 0
1721 451 0 0 0 0
142 521 0 0 0 0
385 521 1 9 0 1
628 521 1 6 0 1
871 521 1 2 0 1
1114 521 1 3 0 1
1357 521 0 0 0 0
1600 521 1 1 0 1
263 591 0 0 0 0
506 591 0 0 0 0
749 591 1 0 0 0
992 591 1 0 0 1
1235 591 1 3 1 1
1478 591 1 1 1 1
1721 591 0 0 0 0
142 661 1 0 0 0
385 661 0 0 0 0
628 661 0 0 0 0
871 661 0 0 0 0
1114 661 0 0 0 0
1357 661 1 1 0 1
1600 661 1 1 0 1
263 731 0 0 0 0
506 731 1 10 1 1
749 731 0 0 0 0
992 731 1 0 1 1
1235 731 1 3 0 1
1478 731 0 0 0 0
1721 731 1 0 0 0
142 801 1 8 0 1
385 801 1 8 0 1
628 801 1 10 0 1
871 801 1 0 0 1
1114 801 0 0 0 0
1357 801 0 0 0 0
1600 801 0 0 0 0
263 871 1 8 1 1
506 871 1 10 0 1
749 871 0 0 0 0
992 871 1 0 0 1
1235 871 1 11 1 1
1478 871 1 7 1 1
1721 871 1 0 0 0
0 4 10 0 0 0 0
3 8
3 9
3 10
3 6
1 4 10 0 0 0 0
5 6
5 7
6 7
6 5
2 3 10 0 0 0 0
3 3
3 2
3 5
3 3 10 0 0 0 0
4 6
4 5
4 8
4 1 10 0 0 0 0
4 1
10 3 20 0 0 0 0
6 0
6 1
6 2
10 3 20 0 0 0 0
2 3
2 5
2 1
10 1 20 0 0 0 0
5 10
10 3 20 0 0 0 0
0 10
0 9
1 9
10 5 20 0 0 0 0
1 3
1 5
1 1
0 4
0 2
10 3 20 0 0 0 0
1 8
1 10
2 9
10 1 20 0 0 0 0
4 10
10 2 20 0 0 0 0
6 3
5 2
0
0 1 10 -1 -1 1
0 1 10 -1 -1 1
0 1 10 -1 -1 1
0 1 10 -1 -1 1
0 1 10 -1 -1 1
0
