arya                            
8 50 20 10 0 1
7 12 110 43 4 1 13
195 92 1 6 1 1
366 92 0 0 0 0
537 92 1 0 0 0
708 92 1 10 1 1
879 92 1 11 1 1
1050 92 1 0 0 1
1221 92 1 0 0 1
110 142 1 6 0 1
281 142 0 0 0 0
452 142 1 3 0 1
623 142 0 0 0 0
794 142 0 0 0 0
965 142 0 0 0 0
1136 142 1 0 1 1
195 191 1 6 0 1
366 191 1 3 1 1
537 191 0 0 0 0
708 191 1 10 0 1
879 191 1 1 0 1
1050 191 0 0 0 0
1221 191 0 0 0 0
110 241 0 0 0 0
281 241 0 0 0 0
452 241 1 3 0 1
623 241 0 0 0 0
794 241 0 0 0 0
965 241 1 1 1 1
1136 241 0 0 0 0
195 290 0 0 0 0
366 290 0 0 0 0
537 290 0 0 0 0
708 290 0 0 0 0
879 290 0 0 0 0
1050 290 1 1 0 1
1221 290 1 5 1 1
110 340 1 9 0 1
281 340 1 7 1 1
452 340 0 0 0 0
623 340 1 0 0 0
794 340 1 4 1 1
965 340 1 1 0 1
1136 340 1 5 0 1
195 389 1 7 0 1
366 389 1 7 0 1
537 389 0 0 0 0
708 389 0 0 0 0
879 389 0 0 0 0
1050 389 0 0 0 0
1221 389 1 5 0 1
110 439 1 9 1 1
281 439 1 7 0 1
452 439 0 0 0 0
623 439 1 0 0 0
794 439 1 4 0 1
965 439 1 0 0 0
1136 439 0 0 0 0
195 488 0 0 0 0
366 488 0 0 0 0
537 488 0 0 0 0
708 488 0 0 0 0
879 488 0 0 0 0
1050 488 0 0 0 0
1221 488 0 0 0 0
110 538 1 9 0 1
281 538 0 0 0 0
452 538 0 0 0 0
623 538 0 0 0 0
794 538 1 0 0 0
965 538 0 0 0 0
1136 538 1 0 0 0
195 587 0 0 0 0
366 587 0 0 0 0
537 587 0 0 0 0
708 587 1 12 0 1
879 587 1 2 0 1
1050 587 0 0 0 0
1221 587 0 0 0 0
110 637 0 0 0 0
281 637 1 0 0 0
452 637 1 8 1 1
623 637 1 12 1 1
794 637 0 0 0 0
965 637 1 2 1 1
1136 637 1 0 0 0
0 3 10 0 0 0 0
6 1
6 0
5 0
1 4 10 0 0 0 0
5 3
5 4
5 5
4 2
2 2 10 0 0 0 0
5 11
4 10
3 3 10 0 0 0 0
1 2
2 3
2 1
4 2 10 0 0 0 0
4 5
4 7
10 3 20 0 0 0 0
6 4
6 5
6 6
10 3 20 0 0 0 0
0 0
0 1
0 2
10 4 20 0 0 0 0
1 5
1 6
1 7
0 6
10 1 20 0 0 0 0
2 11
10 3 20 0 0 0 0
0 7
0 9
0 5
10 2 20 0 0 0 0
3 0
3 2
10 1 20 0 0 0 0
4 0
10 2 20 0 0 0 0
3 11
3 10
0
0 1 10 -1 -1 1
0 1 10 -1 -1 1
0 1 10 -1 -1 1
0 1 10 -1 -1 1
0 1 10 -1 -1 1
0
