arya                            
8 50 20 10 0 1
7 11 155 82 4 1 13
276 152 0 0 0 0
519 152 1 5 1 1
762 152 0 0 0 0
1005 152 1 1 0 1
1248 152 1 7 0 1
1491 152 0 0 0 0
1734 152 0 0 0 0
155 222 0 0 0 0
398 222 0 0 0 0
641 222 1 5 0 1
884 222 1 1 0 1
1127 222 0 0 0 0
1370 222 1 7 1 1
1613 222 0 0 0 0
276 292 0 0 0 0
519 292 0 0 0 0
762 292 1 10 1 1
1005 292 1 1 1 1
1248 292 0 0 0 0
1491 292 0 0 0 0
1734 292 0 0 0 0
155 362 0 0 0 0
398 362 1 9 1 1
641 362 1 10 0 1
884 362 1 1 0 1
1127 362 1 1 0 1
1370 362 0 0 0 0
1613 362 1 12 1 1
276 432 1 2 0 1
519 432 0 0 0 0
762 432 0 0 0 0
1005 432 1 1 0 1
1248 432 0 0 0 0
1491 432 1 12 0 1
1734 432 0 0 0 0
155 502 1 2 0 1
398 502 1 0 0 1
641 502 0 0 0 0
884 502 1 6 0 1
1127 502 1 3 0 1
1370 502 0 0 0 0
1613 502 0 0 0 0
276 572 1 2 1 1
519 572 1 0 1 1
762 572 1 0 0 0
1005 572 1 6 1 1
1248 572 1 3 1 1
1491 572 0 0 0 0
1734 572 0 0 0 0
155 642 1 2 0 1
398 642 1 0 0 1
641 642 0 0 0 0
884 642 1 6 0 1
1127 642 0 0 0 0
1370 642 0 0 0 0
1613 642 0 0 0 0
276 712 1 2 0 1
519 712 0 0 0 0
762 712 0 0 0 0
1005 712 0 0 0 0
1248 712 0 0 0 0
1491 712 0 0 0 0
1734 712 1 8 1 1
155 782 0 0 0 0
398 782 1 11 0 1
641 782 1 0 0 0
884 782 1 0 0 0
1127 782 0 0 0 0
1370 782 0 0 0 0
1613 782 0 0 0 0
276 852 1 11 1 1
519 852 0 0 0 0
762 852 1 0 0 0
1005 852 0 0 0 0
1248 852 1 4 1 1
1491 852 0 0 0 0
1734 852 0 0 0 0
0 3 27 27 62 1 1
1 6
1 7
1 5
620 657 863 377 0 0 0 1644501303 50136 0.000000 0 10
580 622 823 342 0 0 0 1644501303 50136 0.000000 0 10
540 587 783 307 0 0 0 1644501303 50136 0.000000 0 10
620 657 863 377 0 0 0 1644501303 50136 180000.000000 0 10
580 622 823 342 0 0 0 1644501303 50137 180000.000000 0 10
540 587 783 307 0 0 0 1644501303 50137 180000.000000 0 10
620 657 863 377 0 0 0 1644501303 50137 360000.000000 0 10
580 622 823 342 0 0 0 1644501303 50137 360000.000000 0 10
540 587 783 307 0 0 0 1644501303 50137 360000.000000 0 10
620 657 863 377 0 0 0 1644501303 50137 540000.000000 0 10
580 622 823 342 0 0 0 1644501303 50137 540000.000000 0 10
540 587 783 307 0 0 0 1644501303 50137 540000.000000 0 10
620 657 863 377 0 0 0 1644501303 50137 720000.000000 0 10
580 622 823 342 0 0 0 1644501303 50137 720000.000000 0 10
540 587 783 307 0 0 0 1644501303 50137 720000.000000 0 10
620 657 863 377 0 0 0 1644501303 50137 900000.000000 0 10
580 622 823 342 0 0 0 1644501303 50138 900000.000000 0 10
540 587 783 307 0 0 0 1644501303 50138 900000.000000 0 10
620 657 863 377 0 0 0 1644501303 50138 1080000.000000 0 10
580 622 823 342 0 0 0 1644501303 50138 1080000.000000 0 10
540 587 783 307 0 0 0 1644501303 50138 1080000.000000 0 10
620 657 863 377 0 0 0 1644501303 50138 1260000.000000 0 10
580 622 823 342 0 0 0 1644501303 50144 1260000.000000 0 10
540 587 783 307 0 0 0 1644501303 50145 1260000.000000 0 10
620 657 863 377 0 0 0 1644501303 50145 1440000.000000 0 10
580 622 823 342 0 0 0 1644501303 50145 1440000.000000 0 10
540 587 783 307 0 0 0 1644501303 50145 1440000.000000 0 10
620 657 863 377 0 0 0 1644501303 50145 1620000.000000 0 10
580 622 823 342 0 0 0 1644501303 50145 1620000.000000 0 10
540 587 783 307 0 0 0 1644501303 50145 1620000.000000 0 10
620 657 863 377 0 0 0 1644501303 50145 1800000.000000 0 10
580 622 823 342 0 0 0 1644501303 50145 1800000.000000 0 10
540 587 783 307 0 0 0 1644501303 50145 1800000.000000 0 10
620 657 863 377 0 0 0 1644501303 50145 1980000.000000 0 10
580 622 823 342 0 0 0 1644501303 50145 1980000.000000 0 10
540 587 783 307 0 0 0 1644501303 50145 1980000.000000 0 10
620 657 863 377 0 0 0 1644501303 50146 2160000.000000 0 10
580 622 823 342 0 0 0 1644501303 50146 2160000.000000 0 10
540 587 783 307 0 0 0 1644501303 50146 2160000.000000 0 10
580 657 1066 657 0 0 0 1644501305 22760 0.000000 0 6
580 622 1066 622 0 0 0 1644501305 22760 0.000000 0 6
580 587 337 587 0 0 0 1644501329 28455 0.000000 0 2
580 657 337 657 0 0 0 1644501329 28455 0.000000 0 2
580 622 337 622 0 0 0 1644501329 28455 0.000000 0 2
580 587 337 587 0 0 0 1644501329 28455 180000.000000 0 2
580 657 337 657 0 0 0 1644501329 28455 180000.000000 0 2
580 622 337 622 0 0 0 1644501329 28456 180000.000000 0 2
580 587 337 587 0 0 0 1644501329 28456 360000.000000 0 2
580 657 337 657 0 0 0 1644501329 28456 360000.000000 0 2
580 622 337 622 0 0 0 1644501329 28456 360000.000000 0 2
560 587 1046 307 0 0 0 1644501403 92510 0.000000 0 1
600 657 1086 377 0 0 0 1644501403 92510 0.000000 0 1
580 622 1066 342 0 0 0 1644501403 92510 0.000000 0 1
560 587 1046 307 0 0 0 1644501403 92510 180000.000000 0 1
600 657 1086 377 0 0 0 1644501403 92511 180000.000000 0 1
580 622 1066 342 0 0 0 1644501403 92511 180000.000000 0 1
560 587 1046 307 0 0 0 1644501403 92511 360000.000000 0 1
580 657 337 657 0 0 0 1644501411 390852 0.000000 0 2
580 622 337 622 0 0 0 1644501413 533629 0.000000 0 2
580 587 337 587 0 0 0 1644501413 533630 0.000000 0 2
580 657 337 657 0 0 0 1644501423 394862 0.000000 0 2
580 622 337 622 0 0 0 1644501423 394863 0.000000 0 2
1 6 50 50 53 1 0
3 2
3 3
3 1
3 4
3 0
4 3
1056 412 1269 657 1 1 1 1644501336 222223 0.000000 1 3
1096 377 1309 622 1 0 1 1644501336 222223 0.000000 1 3
1136 342 1349 587 1 0 1 1644501336 222223 0.000000 1 3
1026 377 1269 657 1 0 0 1644501271 222223 180000.000000 1 3
1066 342 1309 622 1 0 0 1644501271 222223 180000.000000 1 3
1106 307 1349 587 1 0 0 1644501271 222223 180000.000000 1 3
1026 377 1269 657 1 0 0 1644501271 222223 360000.000000 1 3
1066 342 1309 622 1 0 0 1644501271 222223 360000.000000 1 3
1106 307 1349 587 1 0 0 1644501271 222223 360000.000000 1 3
1026 377 1269 657 1 0 0 1644501271 222223 540000.000000 1 3
1066 342 1309 622 1 0 0 1644501271 222223 540000.000000 1 3
1106 307 1349 587 1 0 0 1644501271 222223 540000.000000 1 3
1026 377 1269 657 1 0 0 1644501271 222223 720000.000000 1 3
1066 342 1309 622 1 0 0 1644501271 222224 720000.000000 1 3
1106 307 1349 587 1 0 0 1644501271 222224 720000.000000 1 3
1026 377 1269 657 1 0 0 1644501271 222224 900000.000000 1 3
1066 342 1309 622 1 0 0 1644501271 222224 900000.000000 1 3
1040 307 311 867 1 0 0 1644501299 140097 0.000000 1 11
1092 377 363 937 1 0 0 1644501299 140097 0.000000 1 11
1066 342 337 902 1 0 0 1644501299 140097 0.000000 1 11
1040 307 311 867 1 0 0 1644501299 140097 180000.000000 1 11
1092 377 363 937 1 0 0 1644501299 140098 180000.000000 1 11
1066 342 337 902 1 0 0 1644501299 140098 180000.000000 1 11
1040 307 311 867 1 0 0 1644501299 140098 360000.000000 1 11
1092 377 363 937 1 0 0 1644501299 140098 360000.000000 1 11
1066 342 337 902 1 0 0 1644501299 140098 360000.000000 1 11
1040 307 311 867 1 0 0 1644501299 140098 540000.000000 1 11
1092 377 363 937 1 0 0 1644501299 140098 540000.000000 1 11
1066 342 337 902 1 0 0 1644501299 140098 540000.000000 1 11
1040 307 311 867 1 0 0 1644501299 140098 720000.000000 1 11
1092 377 363 937 1 0 0 1644501299 140098 720000.000000 1 11
1066 342 337 902 1 0 0 1644501299 140098 720000.000000 1 11
1040 307 311 867 1 0 0 1644501299 140098 900000.000000 1 11
1092 377 363 937 1 0 0 1644501299 140098 900000.000000 1 11
1066 342 337 902 1 0 0 1644501299 140099 900000.000000 1 11
1040 307 311 867 1 0 0 1644501300 24537 0.000000 1 11
1092 377 363 937 1 0 0 1644501301 43680 0.000000 1 11
1066 342 337 902 1 0 0 1644501302 31378 0.000000 1 11
1040 307 311 867 1 0 0 1644501303 15644 0.000000 1 11
1092 377 363 937 1 0 0 1644501304 36892 0.000000 1 11
1066 342 337 902 1 0 0 1644501305 22773 0.000000 1 11
1040 307 311 867 1 0 0 1644501306 42107 0.000000 1 11
1092 377 363 937 1 0 0 1644501307 27657 0.000000 1 11
1066 342 337 902 1 0 0 1644501308 14842 0.000000 1 11
1040 307 311 867 1 0 0 1644501314 34081 0.000000 1 11
1092 377 363 937 1 0 0 1644501315 19361 0.000000 1 11
1066 342 337 902 1 0 0 1644501316 39845 0.000000 1 11
1040 307 311 867 1 0 0 1644501317 26629 0.000000 1 11
1092 377 363 937 1 0 0 1644501318 45480 0.000000 1 11
1066 342 337 902 1 0 0 1644501319 31562 0.000000 1 11
1040 307 311 867 1 0 0 1644501320 17356 0.000000 1 11
1092 377 363 937 1 0 0 1644501321 37814 0.000000 1 11
1066 342 337 902 1 0 0 1644501322 24090 0.000000 1 11
2 5 50 50 53 1 0
0 6
0 7
0 5
0 8
0 4
387 657 1309 657 2 0 1 1644501336 222224 0.000000 2 3
387 622 1309 622 2 0 1 1644501336 222224 0.000000 2 3
387 587 1309 587 2 0 1 1644501336 222224 0.000000 2 3
337 657 1309 657 2 0 0 1644501271 222318 180000.000000 2 3
337 622 1309 622 2 0 0 1644501271 222318 180000.000000 2 3
337 587 1309 587 2 0 0 1644501271 222318 180000.000000 2 3
337 657 1309 657 2 0 0 1644501271 222318 360000.000000 2 3
337 622 1309 622 2 0 0 1644501271 222318 360000.000000 2 3
337 587 1309 587 2 0 0 1644501271 222318 360000.000000 2 3
337 657 1309 657 2 0 0 1644501271 222318 540000.000000 2 3
337 622 1309 622 2 0 0 1644501271 222318 540000.000000 2 3
337 587 1309 587 2 0 0 1644501271 222318 540000.000000 2 3
337 657 1309 657 2 0 0 1644501271 222318 720000.000000 2 3
337 622 1309 622 2 0 0 1644501271 222319 720000.000000 2 3
337 587 1309 587 2 0 0 1644501271 222319 720000.000000 2 3
337 657 1309 657 2 0 0 1644501271 222319 900000.000000 2 3
337 622 1309 622 2 0 0 1644501271 222319 900000.000000 2 3
337 587 1066 587 2 0 0 1644501288 328395 0.000000 2 6
337 657 1066 657 2 0 0 1644501288 328396 0.000000 2 6
337 622 1066 622 2 0 0 1644501288 328396 0.000000 2 6
337 587 1066 587 2 0 0 1644501288 328396 180000.000000 2 6
337 657 1066 657 2 0 0 1644501288 328396 180000.000000 2 6
337 622 1066 622 2 0 0 1644501288 328396 180000.000000 2 6
337 587 1066 587 2 0 0 1644501288 328396 360000.000000 2 6
337 657 1066 657 2 0 0 1644501289 47893 0.000000 2 6
337 622 1066 622 2 0 0 1644501290 27711 0.000000 2 6
337 587 1066 587 2 0 0 1644501291 16880 0.000000 2 6
337 657 1066 657 2 0 0 1644501292 34057 0.000000 2 6
337 622 1066 622 2 0 0 1644501293 20621 0.000000 2 6
337 587 1066 587 2 0 0 1644501294 40381 0.000000 2 6
337 657 1066 657 2 0 0 1644501295 28300 0.000000 2 6
337 622 1066 622 2 0 0 1644501296 46570 0.000000 2 6
337 587 1066 587 2 0 0 1644501297 32178 0.000000 2 6
337 657 1066 657 2 0 0 1644501298 17760 0.000000 2 6
337 622 1066 622 2 0 0 1644501299 38138 0.000000 2 6
337 587 1066 587 2 0 0 1644501300 24537 0.000000 2 6
337 657 1066 657 2 0 0 1644501301 43680 0.000000 2 6
337 622 1066 622 2 0 0 1644501302 31379 0.000000 2 6
337 587 1066 587 2 0 0 1644501303 15645 0.000000 2 6
337 657 1066 657 2 0 0 1644501304 36893 0.000000 2 6
337 622 1066 622 2 0 0 1644501305 22773 0.000000 2 6
337 587 1066 587 2 0 0 1644501306 42107 0.000000 2 6
337 657 1066 657 2 0 0 1644501307 27658 0.000000 2 6
337 622 1066 622 2 0 0 1644501308 14850 0.000000 2 6
337 587 1066 587 2 0 0 1644501314 34082 0.000000 2 6
337 657 1066 657 2 0 0 1644501315 19361 0.000000 2 6
337 622 1066 622 2 0 0 1644501316 39846 0.000000 2 6
337 587 1066 587 2 0 0 1644501317 26630 0.000000 2 6
337 657 1066 657 2 0 0 1644501318 45481 0.000000 2 6
337 622 1066 622 2 0 0 1644501319 31563 0.000000 2 6
337 587 1066 587 2 0 0 1644501320 17357 0.000000 2 6
337 657 1066 657 2 0 0 1644501321 37814 0.000000 2 6
337 622 1066 622 2 0 0 1644501322 24091 0.000000 2 6
3 2 50 50 99 1 0
4 6
4 5
1349 672 1349 902 3 1 1 1644501336 222219 0.000000 3 4
1309 672 1309 902 3 1 1 1644501336 222219 0.000000 3 4
1269 672 1269 902 3 1 1 1644501336 222219 0.000000 3 4
1349 622 1349 902 3 0 0 1644501271 222219 180000.000000 3 4
1309 622 1309 902 3 0 0 1644501271 222220 180000.000000 3 4
1269 622 1269 902 3 0 0 1644501271 222220 180000.000000 3 4
1349 622 1349 902 3 0 0 1644501271 222220 360000.000000 3 4
1309 622 1309 902 3 0 0 1644501271 222220 360000.000000 3 4
1269 622 1269 902 3 0 0 1644501271 222220 360000.000000 3 4
1349 622 1349 902 3 0 0 1644501271 222220 540000.000000 3 4
1309 622 1309 902 3 0 0 1644501271 222220 540000.000000 3 4
1269 622 1269 902 3 0 0 1644501271 222220 540000.000000 3 4
1349 622 1349 902 3 0 0 1644501271 222220 720000.000000 3 4
1309 622 1309 902 3 0 0 1644501271 222220 720000.000000 3 4
1269 622 1269 902 3 0 0 1644501271 222220 720000.000000 3 4
1349 622 1349 902 3 0 0 1644501271 222220 900000.000000 3 4
1309 622 1309 902 3 0 0 1644501271 222220 900000.000000 3 4
1329 587 600 167 3 0 0 1644501297 882178 0.000000 3 5
1289 657 560 237 3 0 0 1644501297 882178 0.000000 3 5
1309 622 580 202 3 0 0 1644501297 882178 0.000000 3 5
1329 587 600 167 3 0 0 1644501297 882178 180000.000000 3 5
1289 657 560 237 3 0 0 1644501297 882178 180000.000000 3 5
1309 622 580 202 3 0 0 1644501297 882178 180000.000000 3 5
1329 587 600 167 3 0 0 1644501297 882178 360000.000000 3 5
1289 657 560 237 3 0 0 1644501297 882178 360000.000000 3 5
1309 622 580 202 3 0 0 1644501297 882178 360000.000000 3 5
1329 587 600 167 3 0 0 1644501297 882186 540000.000000 3 5
1289 657 560 237 3 0 0 1644501297 882186 540000.000000 3 5
1309 622 580 202 3 0 0 1644501297 882186 540000.000000 3 5
1329 587 600 167 3 0 0 1644501298 17761 0.000000 3 5
1289 657 560 237 3 0 0 1644501299 38138 0.000000 3 5
1309 622 580 202 3 0 0 1644501300 24537 0.000000 3 5
1329 587 600 167 3 0 0 1644501301 43681 0.000000 3 5
1289 657 560 237 3 0 0 1644501302 31379 0.000000 3 5
1309 622 580 202 3 0 0 1644501303 15645 0.000000 3 5
1329 587 600 167 3 0 0 1644501304 36893 0.000000 3 5
1289 657 560 237 3 0 0 1644501305 22773 0.000000 3 5
1309 622 580 202 3 0 0 1644501306 42108 0.000000 3 5
1329 587 600 167 3 0 0 1644501307 27658 0.000000 3 5
1289 657 560 237 3 0 0 1644501308 14850 0.000000 3 5
1309 622 580 202 3 0 0 1644501315 19361 0.000000 3 5
1329 587 600 167 3 0 0 1644501316 39846 0.000000 3 5
1289 657 560 237 3 0 0 1644501317 26630 0.000000 3 5
1309 622 580 202 3 0 0 1644501318 45481 0.000000 3 5
1329 587 600 167 3 0 0 1644501319 31563 0.000000 3 5
1289 657 560 237 3 0 0 1644501320 17357 0.000000 3 5
1309 622 580 202 3 0 0 1644501321 37815 0.000000 3 5
1329 587 600 167 3 0 0 1644501322 24091 0.000000 3 5
1289 657 560 237 3 0 0 1644501323 43057 0.000000 3 5
1309 622 580 202 3 0 0 1644501324 29301 0.000000 3 5
1329 587 600 167 3 0 0 1644501325 15729 0.000000 3 5
1289 657 560 237 3 0 0 1644501326 35736 0.000000 3 5
1309 622 580 202 3 0 0 1644501327 21635 0.000000 3 5
1329 587 600 167 3 0 0 1644501328 42520 0.000000 3 5
1289 657 560 237 3 0 0 1644501329 28465 0.000000 3 5
1309 622 580 202 3 0 0 1644501335 47798 0.000000 3 5
1329 587 600 167 3 0 0 1644501336 33087 0.000000 3 5
1289 657 560 237 3 0 0 1644501337 19306 0.000000 3 5
1309 622 580 202 3 0 0 1644501338 38748 0.000000 3 5
1329 587 600 167 3 0 0 1644501339 25262 0.000000 3 5
1289 657 560 237 3 0 0 1644501340 44853 0.000000 3 5
1309 622 580 202 3 0 0 1644501346 30659 0.000000 3 5
1329 587 600 167 3 0 0 1644501347 18223 0.000000 3 5
1289 657 560 237 3 0 0 1644501348 37825 0.000000 3 5
1309 622 580 202 3 0 0 1644501349 23426 0.000000 3 5
1329 587 600 167 3 0 0 1644501350 43274 0.000000 3 5
1289 657 560 237 3 0 0 1644501351 29328 0.000000 3 5
1309 622 580 202 3 0 0 1644501352 15533 0.000000 3 5
1329 587 600 167 3 0 0 1644501358 35324 0.000000 3 5
1289 657 560 237 3 0 0 1644501359 21185 0.000000 3 5
1309 622 580 202 3 0 0 1644501360 40608 0.000000 3 5
1329 587 600 167 3 0 0 1644501361 28178 0.000000 3 5
1289 657 560 237 3 0 0 1644501362 46819 0.000000 3 5
1309 622 580 202 3 0 0 1644501363 33142 0.000000 3 5
1329 587 600 167 3 0 0 1644501369 19417 0.000000 3 5
1289 657 560 237 3 0 0 1644501370 39082 0.000000 3 5
1309 622 580 202 3 0 0 1644501371 24512 0.000000 3 5
1329 587 600 167 3 0 0 1644501372 10867 0.000000 3 5
1289 657 560 237 3 0 0 1644501373 30057 0.000000 3 5
1309 622 580 202 3 0 0 1644501374 17474 0.000000 3 5
1329 587 600 167 3 0 0 1644501380 36977 0.000000 3 5
1289 657 560 237 3 0 0 1644501381 23349 0.000000 3 5
1309 622 580 202 3 0 0 1644501382 42429 0.000000 3 5
1329 587 600 167 3 0 0 1644501383 30526 0.000000 3 5
1289 657 560 237 3 0 0 1644501384 15509 0.000000 3 5
1309 622 580 202 3 0 0 1644501390 35345 0.000000 3 5
1329 587 600 167 3 0 0 1644501391 20778 0.000000 3 5
1289 657 560 237 3 0 0 1644501392 40123 0.000000 3 5
1309 622 580 202 3 0 0 1644501393 25953 0.000000 3 5
1329 587 600 167 3 0 0 1644501394 13465 0.000000 3 5
1289 657 560 237 3 0 0 1644501395 33752 0.000000 3 5
1309 622 1431 272 3 0 0 1644501401 20326 0.000000 3 7
1269 587 1391 237 3 0 0 1644501402 38782 0.000000 3 7
1349 657 1471 307 3 0 0 1644501404 11687 0.000000 3 7
1309 622 1431 272 3 0 0 1644501405 30725 0.000000 3 7
1269 587 1391 237 3 0 0 1644501411 16243 0.000000 3 7
1349 657 1471 307 3 0 0 1644501412 37453 0.000000 3 7
1309 622 1431 272 3 0 0 1644501413 24949 0.000000 3 7
1269 587 1391 237 3 0 0 1644501414 43699 0.000000 3 7
4 1 2 0 111 0 1
4 10
1349 722 1349 622 4 1 1 1644501336 222220 0.000000 4 3
1309 722 1309 622 4 1 1 1644501336 222221 0.000000 4 3
1269 722 1269 622 4 1 1 1644501336 222221 0.000000 4 3
1349 652 1349 622 4 1 1 1644501331 222221 180000.000000 4 3
1309 652 1309 622 4 1 1 1644501331 222221 180000.000000 4 3
1269 652 1269 622 4 1 1 1644501331 222221 180000.000000 4 3
1349 652 1349 622 4 1 1 1644501331 222221 360000.000000 4 3
1309 652 1309 622 4 1 1 1644501331 222221 360000.000000 4 3
1269 652 1269 622 4 1 1 1644501331 222221 360000.000000 4 3
1349 652 1349 622 4 1 1 1644501331 222221 540000.000000 4 3
1309 652 1309 622 4 1 1 1644501331 222221 540000.000000 4 3
1269 652 1269 622 4 1 1 1644501331 222221 540000.000000 4 3
1349 652 1349 622 4 1 1 1644501331 222221 720000.000000 4 3
1309 652 1309 622 4 1 1 1644501331 222221 720000.000000 4 3
1269 652 1269 622 4 1 1 1644501331 222221 720000.000000 4 3
1349 652 1349 622 4 1 1 1644501331 222221 900000.000000 4 3
1309 652 1309 622 4 1 1 1644501331 222221 900000.000000 4 3
1125 611 1106 587 4 1 1 1644501341 458789 0.000000 4 6
1045 681 1026 657 4 1 1 1644501341 458789 0.000000 4 6
1085 646 1066 622 4 1 1 1644501341 458789 0.000000 4 6
1125 611 1106 587 4 1 1 1644501336 458789 180000.000000 4 6
1045 681 1026 657 4 1 1 1644501336 458790 180000.000000 4 6
1309 652 1309 622 4 1 1 1644501352 32180 0.000000 4 3
1269 652 1269 622 4 1 1 1644501352 32180 0.000000 4 3
1349 652 1349 622 4 1 1 1644501352 32180 0.000000 4 3
1309 652 1309 622 4 1 1 1644501352 32180 180000.000000 4 3
1269 652 1269 622 4 1 1 1644501352 32180 180000.000000 4 3
1349 652 1349 622 4 1 1 1644501352 32181 180000.000000 4 3
1309 652 1309 622 4 1 1 1644501352 32181 360000.000000 4 3
1269 652 1269 622 4 1 1 1644501352 32181 360000.000000 4 3
1349 652 1349 622 4 1 1 1644501352 32181 360000.000000 4 3
1309 652 1309 622 4 1 1 1644501352 32181 540000.000000 4 3
1269 652 1269 622 4 1 1 1644501352 32181 540000.000000 4 3
1349 652 1349 622 4 1 1 1644501363 14852 0.000000 4 3
1309 652 1309 622 4 1 1 1644501363 14852 0.000000 4 3
1269 652 1269 622 4 1 1 1644501363 14852 0.000000 4 3
1349 652 1349 622 4 1 1 1644501363 14852 180000.000000 4 3
1309 652 1309 622 4 1 1 1644501363 14853 180000.000000 4 3
1269 652 1269 622 4 1 1 1644501363 14853 180000.000000 4 3
1349 652 1349 622 4 1 1 1644501363 14853 360000.000000 4 3
1309 652 1309 622 4 1 1 1644501363 14853 360000.000000 4 3
1269 652 1269 622 4 1 1 1644501363 14853 360000.000000 4 3
1349 652 1349 622 4 1 1 1644501358 14853 540000.000000 4 3
1309 652 1309 622 4 1 1 1644501358 14853 540000.000000 4 3
1269 652 1269 622 4 1 1 1644501374 29303 0.000000 4 3
1349 652 1349 622 4 1 1 1644501374 29303 0.000000 4 3
1309 652 1309 622 4 1 1 1644501374 29303 0.000000 4 3
1269 652 1269 622 4 1 1 1644501374 29303 180000.000000 4 3
1349 652 1349 622 4 1 1 1644501374 29341 180000.000000 4 3
1309 652 1309 622 4 1 1 1644501374 29341 180000.000000 4 3
1269 652 1269 622 4 1 1 1644501374 29341 360000.000000 4 3
1349 652 1349 622 4 1 1 1644501374 29341 360000.000000 4 3
1309 652 1309 622 4 1 1 1644501374 29341 360000.000000 4 3
1269 652 1269 622 4 1 1 1644501374 29341 540000.000000 4 3
1349 652 1349 622 4 1 1 1644501374 29341 540000.000000 4 3
841 366 823 342 4 1 1 1644501379 401022 0.000000 4 10
881 331 863 307 4 1 1 1644501379 401022 0.000000 4 10
801 401 783 377 4 1 1 1644501379 401023 0.000000 4 10
841 366 823 342 4 1 1 1644501374 401023 180000.000000 4 10
881 331 863 307 4 1 1 1644501374 401023 180000.000000 4 10
564 254 547 237 4 1 1 1644501384 671494 0.000000 4 5
597 219 580 202 4 1 1 1644501384 671494 0.000000 4 5
630 184 613 167 4 1 1 1644501384 671494 0.000000 4 5
564 254 547 237 4 1 1 1644501384 671494 180000.000000 4 5
597 219 580 202 4 1 1 1644501384 671494 180000.000000 4 5
630 184 613 167 4 1 1 1644501385 44853 0.000000 4 5
564 254 547 237 4 1 1 1644501390 893100 0.000000 4 5
597 219 580 202 4 1 1 1644501390 893100 0.000000 4 5
630 184 613 167 4 1 1 1644501390 893100 0.000000 4 5
564 254 547 237 4 1 1 1644501390 893100 180000.000000 4 5
597 219 580 202 4 1 1 1644501390 893100 180000.000000 4 5
630 184 613 167 4 1 1 1644501391 29329 0.000000 4 5
564 254 547 237 4 1 1 1644501392 15533 0.000000 4 5
597 219 580 202 4 1 1 1644501397 217072 0.000000 4 5
630 184 613 167 4 1 1 1644501397 217072 0.000000 4 5
564 254 547 237 4 1 1 1644501397 217072 0.000000 4 5
597 219 580 202 4 1 1 1644501397 217072 180000.000000 4 5
630 184 613 167 4 1 1 1644501397 217072 180000.000000 4 5
564 254 547 237 4 1 1 1644501398 33142 0.000000 4 5
597 219 580 202 4 1 1 1644501403 30059 0.000000 4 5
630 184 613 167 4 1 1 1644501403 30059 0.000000 4 5
564 254 547 237 4 1 1 1644501403 30059 0.000000 4 5
597 219 580 202 4 1 1 1644501403 30059 180000.000000 4 5
630 184 613 167 4 1 1 1644501403 30059 180000.000000 4 5
1462 337 1471 307 4 1 1 1644501404 17475 0.000000 4 7
609 631 580 622 4 1 1 1644501409 15511 0.000000 4 0
622 596 593 587 4 1 1 1644501409 15511 0.000000 4 0
596 666 567 657 4 1 1 1644501409 15511 0.000000 4 0
609 631 580 622 4 1 1 1644501409 15511 180000.000000 4 0
622 596 593 587 4 1 1 1644501409 15511 180000.000000 4 0
596 666 567 657 4 1 1 1644501418 24454 0.000000 4 0
609 631 580 622 4 1 1 1644501418 24454 0.000000 4 0
622 596 593 587 4 1 1 1644501418 24454 0.000000 4 0
596 666 567 657 4 1 1 1644501418 24454 180000.000000 4 0
609 631 580 622 4 1 1 1644501418 24454 180000.000000 4 0
622 596 593 587 4 1 1 1644501418 24454 180000.000000 4 0
596 666 567 657 4 1 1 1644501418 24454 360000.000000 4 0
609 631 580 622 4 1 1 1644501418 24455 360000.000000 4 0
622 596 593 587 4 1 1 1644501418 24455 360000.000000 4 0
596 666 567 657 4 1 1 1644501424 43701 0.000000 4 0
609 631 580 622 4 1 1 1644501424 43701 0.000000 4 0
622 596 593 587 4 1 1 1644501424 43701 0.000000 4 0
596 666 567 657 4 1 1 1644501424 43701 180000.000000 4 0
609 631 580 622 4 1 1 1644501424 43701 180000.000000 4 0
622 596 593 587 4 1 1 1644501424 43701 180000.000000 4 0
596 666 567 657 4 1 1 1644501430 29094 0.000000 4 0
609 631 580 622 4 1 1 1644501430 29094 0.000000 4 0
622 596 593 587 4 1 1 1644501430 29094 0.000000 4 0
646 681 567 657 4 0 1 1644501430 29094 180000.000000 4 0
659 646 580 622 4 0 1 1644501430 29095 180000.000000 4 0
672 611 593 587 4 0 1 1644501430 29095 180000.000000 4 0
4 2 2 0 28 0 0
1 0
2 1
620 592 620 622 4 1 1 1644501409 15511 0.000000 5 0
580 592 580 622 4 1 1 1644501409 15512 0.000000 5 0
540 592 540 622 4 1 1 1644501409 15512 0.000000 5 0
620 592 620 622 4 1 1 1644501409 15512 180000.000000 5 0
580 592 580 622 4 1 1 1644501409 15512 180000.000000 5 0
540 592 540 622 4 1 1 1644501409 15512 180000.000000 5 0
620 592 620 622 4 1 1 1644501409 15512 360000.000000 5 0
1284 607 1309 622 4 1 1 1644501414 930440 0.000000 5 3
1000 397 1329 587 4 1 1 1644501414 930440 0.000000 5 3
1264 642 1289 657 4 1 1 1644501414 930441 0.000000 5 3
1284 607 1309 622 4 1 1 1644501414 930441 180000.000000 5 3
1304 572 1329 587 4 1 1 1644501414 930441 180000.000000 5 3
1264 642 1289 657 4 1 1 1644501415 33753 0.000000 5 3
580 592 580 622 4 1 1 1644501418 24455 0.000000 5 0
540 592 540 622 4 1 1 1644501418 24455 0.000000 5 0
620 592 620 622 4 1 1 1644501418 24455 0.000000 5 0
580 592 580 622 4 1 1 1644501424 43702 0.000000 5 0
540 592 540 622 4 1 1 1644501424 43702 0.000000 5 0
620 592 620 622 4 1 1 1644501424 43702 0.000000 5 0
580 592 580 622 4 1 1 1644501424 43702 180000.000000 5 0
540 592 540 622 4 1 1 1644501424 43702 180000.000000 5 0
620 592 620 622 4 1 1 1644501424 43702 180000.000000 5 0
580 592 580 622 4 1 1 1644501430 29095 0.000000 5 0
540 592 540 622 4 1 1 1644501430 29095 0.000000 5 0
620 592 620 622 4 1 1 1644501430 29095 0.000000 5 0
580 592 580 622 4 1 1 1644501430 29095 180000.000000 5 0
540 592 540 622 4 1 1 1644501430 29095 180000.000000 5 0
620 592 620 622 4 1 1 1644501430 29095 180000.000000 5 0
10 3 15 0 0 0 0
3 6
3 7
3 5
10 2 19 0 0 0 0
5 1
4 0
10 1 20 0 0 0 0
6 8
10 1 20 0 0 0 0
1 3
10 2 15 0 0 0 0
2 2
2 3
10 2 20 0 0 0 0
0 10
1 9
10 2 20 0 0 0 0
6 3
5 4
31
2 580 328 1 1 1644501409 866366 0.000000 4
2 1309 779 1 1 1644501336 392312 0.000000 4
2 1233 799 1 1 1644501341 662417 0.000000 4
2 810 606 0 0 0 0 0.000000 0
2 993 606 1 1 1644501385 826806 0.000000 4
2 584 629 0 0 0 0 0.000000 0
2 740 278 1 1 1644501415 406616 0.000000 4
2 1333 692 1 1 1644501363 490848 0.000000 4
2 475 779 0 0 0 0 0.000000 0
2 768 503 0 0 0 0 0.000000 0
2 1401 340 0 0 0 0 0.000000 0
2 1010 541 1 1 1644501392 151244 0.000000 4
2 1306 464 0 0 0 0 0.000000 0
2 1483 611 0 0 0 0 0.000000 0
2 1036 418 0 0 0 0 0.000000 0
2 1231 796 1 1 1644501379 605539 0.000000 4
2 915 508 1 1 1644501398 747345 0.000000 4
2 786 629 0 0 0 0 0.000000 0
2 1357 634 1 1 1644501404 834665 0.000000 4
2 584 510 1 1 1644501425 472103 0.000000 4
2 689 475 1 0 1644501430 979258 0.000000 4
2 1013 316 0 0 0 0 0.000000 0
2 982 399 0 0 0 0 0.000000 0
2 1436 368 0 0 0 0 0.000000 0
2 784 303 0 0 0 0 0.000000 0
2 628 634 1 1 1644501420 439355 0.000000 4
2 1022 440 0 0 0 0 0.000000 0
2 711 454 0 0 0 0 0.000000 0
2 1361 615 0 0 0 0 0.000000 0
2 1107 389 0 0 0 0 0.000000 0
2 1340 627 0 0 0 0 0.000000 0
0 1 0 -1 -1 1
0 1 0 -1 -1 1
0 1 0 -1 -1 1
0 1 0 -1 -1 1
0 1 10 2 20 1
0
