arya                            
8 50 20 10 0 1
7 9 139 183 4 1 13
260 253 1 8 1 1
503 253 1 1 0 1
746 253 0 2 0 0
989 253 1 3 1 1
1232 253 1 4 1 1
1475 253 0 11 1 0
1718 253 0 4 0 0
139 323 1 0 0 1
382 323 1 8 1 1
625 323 1 1 1 1
868 323 0 10 1 0
1111 323 1 3 0 1
1354 323 0 0 0 0
1597 323 1 5 0 1
260 393 0 10 0 0
503 393 1 1 0 1
746 393 1 1 0 1
989 393 1 3 0 1
1232 393 1 4 0 1
1475 393 1 5 1 1
1718 393 1 12 1 1
139 463 1 0 1 1
382 463 1 2 0 1
625 463 1 1 1 1
868 463 1 10 1 1
1111 463 0 0 0 0
1354 463 0 8 0 0
1597 463 1 5 1 1
260 533 1 0 1 1
503 533 1 2 1 1
746 533 0 0 0 0
989 533 0 0 0 0
1232 533 0 3 0 0
1475 533 0 8 0 0
1718 533 0 4 0 0
139 603 1 0 1 1
382 603 1 2 0 1
625 603 0 0 0 0
868 603 0 0 0 0
1111 603 0 3 1 0
1354 603 1 6 1 1
1597 603 1 7 1 1
260 673 0 0 1 0
503 673 0 1 0 0
746 673 0 6 1 0
989 673 0 0 0 0
1232 673 1 6 1 1
1475 673 0 3 0 0
1718 673 1 7 1 1
139 743 0 0 0 0
382 743 1 10 1 0
625 743 1 2 1 0
868 743 1 9 1 1
1111 743 0 8 1 0
1354 743 0 3 1 0
1597 743 1 7 0 1
260 813 0 10 0 0
503 813 0 2 0 0
746 813 0 0 0 0
989 813 1 9 0 1
1232 813 1 6 1 1
1475 813 1 11 1 1
1718 813 0 0 0 0
0 4 43 0 0 0 0
0 3
0 4
0 5
0 1
4 5 1 0 55 0 0
2 1
2 2
2 3
1 2
1 0
466 408 443 408 1 1 1 1644505575 79648 0.000000 1 8
466 373 443 373 1 1 1 1644505575 79648 0.000000 1 8
466 338 443 338 1 1 1 1644505575 79648 0.000000 1 8
466 408 443 408 1 1 1 1644505575 79648 180000.000000 1 8
466 373 443 373 1 1 1 1644505575 79648 180000.000000 1 8
466 338 443 338 1 1 1 1644505575 79648 180000.000000 1 8
466 408 443 408 1 1 1 1644505575 79649 360000.000000 1 8
466 373 443 373 1 1 1 1644505575 79649 360000.000000 1 8
466 338 443 338 1 1 1 1644505575 79649 360000.000000 1 8
466 408 443 408 1 1 1 1644505575 79649 540000.000000 1 8
466 373 443 373 1 1 1 1644505575 79649 540000.000000 1 8
466 338 443 338 1 1 1 1644505575 79649 540000.000000 1 8
466 408 443 408 1 1 1 1644505575 79649 720000.000000 1 8
466 373 443 373 1 1 1 1644505575 79649 720000.000000 1 8
466 338 443 338 1 1 1 1644505575 79649 720000.000000 1 8
466 408 443 408 1 1 1 1644505575 79649 900000.000000 1 8
713 367 1050 303 2 1 1 1644505581 29495 0.000000 1 3
707 332 1044 268 2 1 1 1644505581 29495 0.000000 1 3
692 408 1056 338 2 1 1 1644505581 301879 0.000000 1 3
686 373 1050 303 2 1 1 1644505581 301879 0.000000 1 3
680 338 1044 268 2 1 1 1644505581 301879 0.000000 1 3
692 408 1056 338 2 1 1 1644505581 301879 180000.000000 1 3
686 373 1050 303 2 1 1 1644505581 301879 180000.000000 1 3
536 518 524 548 2 1 1 1644505581 573154 0.000000 1 2
726 408 604 618 2 1 1 1644505581 573154 0.000000 1 2
686 373 564 583 2 1 1 1644505581 675715 0.000000 1 2
698 334 1044 268 3 1 1 1644505586 808297 0.000000 1 3
692 408 1056 338 3 1 1 1644505586 808297 0.000000 1 3
704 369 1050 303 3 1 1 1644505586 808297 0.000000 1 3
725 328 1044 268 3 1 1 1644505586 808297 180000.000000 1 3
809 382 1056 338 3 1 1 1644505586 808298 180000.000000 1 3
731 363 1050 303 3 1 1 1644505586 808298 180000.000000 1 3
1004 271 1044 268 3 1 1 1644505590 74170 0.000000 1 3
935 354 1056 338 3 1 1 1644505590 74171 0.000000 1 3
911 323 1050 303 3 1 1 1644505590 74171 0.000000 1 3
1013 270 1044 268 3 1 1 1644505590 74171 180000.000000 1 3
953 350 1056 338 3 1 1 1644505591 501064 0.000000 1 3
956 313 1050 303 3 1 1 1644505592 11974 0.000000 1 3
986 273 1044 268 3 1 1 1644505593 32010 0.000000 1 3
737 398 1056 338 3 1 1 1644505594 18084 0.000000 1 3
686 373 1050 303 3 1 1 1644505595 38292 0.000000 1 3
680 338 1044 268 3 1 1 1644505596 23907 0.000000 1 3
616 588 604 618 4 1 1 1644505596 296271 0.000000 1 2
686 373 564 583 4 1 1 1644505596 296272 0.000000 1 2
536 518 524 548 4 1 1 1644505596 465269 0.000000 1 2
616 588 604 618 4 1 1 1644505597 10368 0.000000 1 2
1019 305 1050 303 4 1 1 1644505597 553665 0.000000 1 3
1013 270 1044 268 4 1 1 1644505597 553665 0.000000 1 3
1025 340 1056 338 4 1 1 1644505598 810165 0.000000 1 3
1019 305 1050 303 4 1 1 1644505598 810165 0.000000 1 3
466 338 443 338 4 1 1 1644505600 36607 0.000000 1 8
466 408 443 408 4 1 1 1644505600 36607 0.000000 1 8
466 373 443 373 4 1 1 1644505601 22260 0.000000 1 8
1012 443 1790 688 4 0 1 1644505603 28591 0.000000 1 7
990 513 1768 758 4 0 1 1644505603 28591 0.000000 1 7
4 3 1 0 50 0 0
1 4
1 5
1 3
709 429 726 408 2 1 1 1644505575 79651 0.000000 2 1
669 394 686 373 2 1 1 1644505575 79651 0.000000 2 1
629 359 646 338 2 1 1 1644505575 79651 0.000000 2 1
709 429 726 408 2 1 1 1644505580 79651 180000.000000 2 1
669 394 686 373 2 1 1 1644505580 79657 180000.000000 2 1
629 359 646 338 2 1 1 1644505580 79657 180000.000000 2 1
709 429 726 408 2 1 1 1644505580 79657 360000.000000 2 1
669 394 686 373 2 1 1 1644505580 79657 360000.000000 2 1
629 359 646 338 2 1 1 1644505580 79657 360000.000000 2 1
704 438 726 408 2 1 1 1644505580 79657 540000.000000 2 1
669 394 686 373 2 1 1 1644505580 79657 540000.000000 2 1
629 359 646 338 2 1 1 1644505580 79657 540000.000000 2 1
709 429 726 408 2 1 1 1644505580 79657 720000.000000 2 1
669 394 686 373 2 1 1 1644505580 79657 720000.000000 2 1
629 359 646 338 2 1 1 1644505580 79657 720000.000000 2 1
709 429 726 408 2 1 1 1644505580 79657 900000.000000 2 1
836 413 1050 303 2 1 1 1644505581 29496 0.000000 2 3
816 378 1030 268 2 1 1 1644505581 29496 0.000000 2 3
856 448 1070 338 2 1 1 1644505581 29496 0.000000 2 3
844 408 1050 303 2 1 1 1644505581 29496 180000.000000 2 3
816 378 1030 268 2 1 1 1644505581 29496 180000.000000 2 3
856 448 1070 338 2 1 1 1644505581 29496 180000.000000 2 3
224 515 200 513 2 1 1 1644505582 186184 0.000000 2 0
230 480 206 478 2 1 1 1644505582 321318 0.000000 2 0
856 448 1070 338 2 1 1 1644505586 808298 0.000000 2 3
860 398 1050 303 2 1 1 1644505586 808298 0.000000 2 3
680 463 1030 268 2 1 1 1644505586 808298 0.000000 2 3
976 378 1070 338 2 1 1 1644505586 808298 180000.000000 2 3
1752 717 1779 723 2 1 1 1644505587 862698 0.000000 2 7
1756 682 1783 688 2 1 1 1644505588 33380 0.000000 2 7
1748 752 1775 758 2 1 1 1644505589 20006 0.000000 2 7
1752 717 1779 723 2 1 1 1644505590 39805 0.000000 2 7
1756 682 1783 688 2 1 1 1644505591 26265 0.000000 2 7
1748 752 1775 758 2 1 1 1644505592 11973 0.000000 2 7
654 421 686 373 4 1 1 1644505595 580681 0.000000 2 1
629 359 646 338 4 1 1 1644505595 580682 0.000000 2 1
709 429 726 408 4 1 1 1644505595 580682 0.000000 2 1
669 394 686 373 4 1 1 1644505595 580682 180000.000000 2 1
1008 276 1030 268 4 1 1 1644505597 553665 0.000000 2 3
1048 346 1070 338 4 1 1 1644505597 553665 0.000000 2 3
1028 311 1050 303 4 1 1 1644505597 553665 0.000000 2 3
1008 276 1030 268 4 1 1 1644505597 553665 180000.000000 2 3
1048 346 1070 338 4 1 1 1644505598 810165 0.000000 2 3
1028 311 1050 303 4 1 1 1644505598 810165 0.000000 2 3
1756 682 1783 688 4 1 1 1644505599 254173 0.000000 2 7
1667 741 1775 758 4 0 1 1644505600 36606 0.000000 2 7
455 394 443 373 4 1 1 1644505601 22260 0.000000 2 8
495 359 483 338 4 1 1 1644505601 22260 0.000000 2 8
875 653 1775 758 4 0 1 1644505603 28591 0.000000 2 7
879 618 1779 723 4 0 1 1644505603 28591 0.000000 2 7
4 3 1 0 52 0 0
3 0
3 2
4 1
736 397 692 408 3 1 1 1644505575 79658 0.000000 3 1
770 354 686 373 3 1 1 1644505575 79658 0.000000 3 1
764 319 680 338 3 1 1 1644505575 79658 0.000000 3 1
746 395 692 408 3 1 1 1644505580 79658 180000.000000 3 1
740 360 686 373 3 1 1 1644505580 79658 180000.000000 3 1
734 325 680 338 3 1 1 1644505580 79658 180000.000000 3 1
746 395 692 408 3 1 1 1644505580 79658 360000.000000 3 1
740 360 686 373 3 1 1 1644505580 79658 360000.000000 3 1
704 331 680 338 3 1 1 1644505580 79658 360000.000000 3 1
766 391 692 408 3 1 1 1644505580 79658 540000.000000 3 1
730 362 686 373 3 1 1 1644505580 79659 540000.000000 3 1
704 331 680 338 3 1 1 1644505580 79659 540000.000000 3 1
1056 338 692 408 3 1 1 1644505580 79659 720000.000000 3 1
1050 303 686 373 3 1 1 1644505580 79659 720000.000000 3 1
1044 268 680 338 3 1 1 1644505580 79659 720000.000000 3 1
1056 338 692 408 3 1 1 1644505580 79659 900000.000000 3 1
1050 303 686 373 3 1 1 1644505581 64805 0.000000 3 1
1044 268 680 338 3 1 1 1644505581 64805 0.000000 3 1
1056 338 692 408 3 1 1 1644505581 64805 0.000000 3 1
1050 303 686 373 3 1 1 1644505581 64805 180000.000000 3 1
868 357 544 548 4 1 1 1644505581 538151 0.000000 3 2
908 427 584 618 4 1 1 1644505581 538152 0.000000 3 2
888 392 564 583 4 1 1 1644505581 538152 0.000000 3 2
868 357 544 548 4 1 1 1644505581 538152 180000.000000 3 2
908 427 584 618 4 1 1 1644505581 538152 180000.000000 3 2
987 337 564 583 4 1 1 1644505583 35645 0.000000 3 2
967 302 544 548 4 1 1 1644505583 35646 0.000000 3 2
1007 372 584 618 4 1 1 1644505583 35651 0.000000 3 2
1515 842 1536 863 4 1 1 1644505586 775183 0.000000 3 11
1555 807 1576 828 4 1 1 1644505586 775184 0.000000 3 11
1475 877 1496 898 4 1 1 1644505586 775184 0.000000 3 11
1515 842 1536 863 4 1 1 1644505587 13602 0.000000 3 11
1108 289 1576 828 4 1 1 1644505588 33381 0.000000 3 11
1010 338 1496 898 4 1 1 1644505589 20007 0.000000 3 11
1050 303 1536 863 4 1 1 1644505590 39805 0.000000 3 11
1102 282 1576 828 4 1 1 1644505591 26265 0.000000 3 11
1034 366 1496 898 3 1 1 1644505593 168794 0.000000 3 11
1050 303 1536 863 3 1 1 1644505593 168794 0.000000 3 11
1090 268 1576 828 3 1 1 1644505593 168795 0.000000 3 11
1010 338 1496 898 3 1 1 1644505594 18084 0.000000 3 11
470 367 443 373 4 1 1 1644505600 36608 0.000000 3 8
466 332 439 338 4 1 1 1644505600 36608 0.000000 3 8
474 402 447 408 4 1 1 1644505600 36608 0.000000 3 8
470 367 443 373 4 1 1 1644505600 36608 180000.000000 3 8
466 332 439 338 4 1 1 1644505600 36608 180000.000000 3 8
474 402 447 408 4 1 1 1644505601 22260 0.000000 3 8
470 367 443 373 4 1 1 1644505601 22260 0.000000 3 8
466 332 439 338 4 1 1 1644505601 22261 0.000000 3 8
474 402 447 408 4 1 1 1644505601 22261 180000.000000 3 8
470 367 443 373 4 1 1 1644505601 22261 180000.000000 3 8
1350 429 1799 688 4 0 1 1644505603 28591 0.000000 3 7
1310 499 1759 758 4 0 1 1644505603 28592 0.000000 3 7
4 2 1 0 44 0 0
4 0
4 2
1103 338 1050 338 4 1 1 1644505575 79659 0.000000 4 3
1103 303 1050 303 4 1 1 1644505575 79659 0.000000 4 3
1103 268 1050 268 4 1 1 1644505575 79659 0.000000 4 3
1083 338 1050 338 4 1 1 1644505580 79659 180000.000000 4 3
1073 303 1050 303 4 1 1 1644505580 79659 180000.000000 4 3
1073 268 1050 268 4 1 1 1644505580 79660 180000.000000 4 3
1103 338 1050 338 4 1 1 1644505580 79660 360000.000000 4 3
1103 303 1050 303 4 1 1 1644505580 79660 360000.000000 4 3
1103 268 1050 268 4 1 1 1644505580 79660 360000.000000 4 3
1073 338 1050 338 4 1 1 1644505580 79660 540000.000000 4 3
1103 303 1050 303 4 1 1 1644505580 79660 540000.000000 4 3
1073 268 1050 268 4 1 1 1644505580 79660 540000.000000 4 3
1073 338 1050 338 4 1 1 1644505580 79660 720000.000000 4 3
1073 303 1050 303 4 1 1 1644505580 79660 720000.000000 4 3
1073 268 1050 268 4 1 1 1644505580 79660 720000.000000 4 3
1073 338 1050 338 4 1 1 1644505580 79660 900000.000000 4 3
753 359 686 373 4 1 1 1644505580 996134 0.000000 4 1
749 324 682 338 4 1 1 1644505580 996135 0.000000 4 1
887 379 690 408 4 1 1 1644505580 996135 0.000000 4 1
783 354 686 373 4 1 1 1644505580 996135 180000.000000 4 1
779 319 682 338 4 1 1 1644505580 996135 180000.000000 4 1
906 470 577 618 4 1 1 1644505581 538152 0.000000 4 2
591 566 564 583 4 1 1 1644505583 35651 0.000000 4 2
770 444 551 548 4 1 1 1644505583 35651 0.000000 4 2
604 601 577 618 4 1 1 1644505587 896995 0.000000 4 2
591 566 564 583 4 1 1 1644505587 896996 0.000000 4 2
970 364 551 548 4 1 1 1644505587 896996 0.000000 4 2
604 601 577 618 4 1 1 1644505597 896996 180000.000000 4 2
591 566 564 583 4 1 1 1644505591 60210 0.000000 4 2
578 531 551 548 4 1 1 1644505591 60211 0.000000 4 2
604 601 577 618 4 1 1 1644505591 60211 0.000000 4 2
591 566 564 583 4 1 1 1644505591 60211 180000.000000 4 2
1039 293 682 338 4 1 1 1644505595 580682 0.000000 4 1
717 402 690 408 4 1 1 1644505595 580682 0.000000 4 1
713 367 686 373 4 1 1 1644505595 580682 0.000000 4 1
709 332 682 338 4 1 1 1644505595 580682 180000.000000 4 1
1073 338 1050 338 4 1 1 1644505597 553666 0.000000 4 3
1073 303 1050 303 4 1 1 1644505597 553666 0.000000 4 3
1073 268 1050 268 4 1 1 1644505598 810166 0.000000 4 3
475 404 445 408 4 1 1 1644505600 36608 0.000000 4 8
473 369 443 373 4 1 1 1644505600 36608 0.000000 4 8
471 334 441 338 4 1 1 1644505601 22261 0.000000 4 8
1508 548 1749 758 4 0 1 1644505603 28592 0.000000 4 7
1538 513 1779 723 4 0 1 1644505603 28592 0.000000 4 7
10 3 20 0 0 0 0
5 2
6 3
6 1
10 3 20 0 0 0 0
4 6
4 8
5 5
10 3 13 0 0 0 1
6 6
6 7
6 5
4 2 4 0 13 0 0
1 1
0 0
749 478 1770 758 4 0 1 1644505603 28592 0.000000 8 7
758 443 1779 723 4 0 1 1644505603 28592 0.000000 8 7
767 408 1788 688 4 0 1 1644505603 28592 0.000000 8 7
704 468 1770 758 4 0 1 1644505603 28592 180000.000000 8 7
713 433 1779 723 4 0 1 1644505603 28592 180000.000000 8 7
722 398 1788 688 4 0 1 1644505603 28592 180000.000000 8 7
659 458 1770 758 4 0 1 1644505603 28592 360000.000000 8 7
668 423 1779 723 4 0 1 1644505603 28592 360000.000000 8 7
677 388 1788 688 4 0 1 1644505603 28592 360000.000000 8 7
614 448 1770 758 4 0 1 1644505603 28592 540000.000000 8 7
623 413 1779 723 4 0 1 1644505603 28592 540000.000000 8 7
632 378 1788 688 4 0 1 1644505603 28592 540000.000000 8 7
560 436 1770 758 4 0 1 1644505603 28597 720000.000000 8 7
10 2 20 0 0 0 0
3 7
3 8
10 1 20 0 0 0 0
3 3
10 1 16 0 0 0 0
5 8
10 1 20 0 0 0 0
6 2
10
2 596 357 1 1 1644505575 184214 0.000000 1
2 1558 652 0 0 0 0 0.000000 0
2 331 522 1 1 1644505582 796834 0.000000 2
2 867 602 1 0 1644505600 207143 0.000000 4
2 1317 595 1 1 1644505594 188350 0.000000 4
2 792 435 1 1 1644505588 104344 0.000000 3
2 843 448 1 1 1644505592 826919 0.000000 2
2 1446 795 0 0 0 0 0.000000 0
2 1293 450 0 0 0 0 0.000000 0
2 1720 427 0 0 0 0 0.000000 0
0 1 0 -1 -1 1
0 1 0 -1 -1 1
0 1 0 -1 -1 1
0 1 0 -1 -1 1
0 1 10 2 3 1
0
