arya                            
8 50 20 10 0 1
7 11 111 87 4 1 13
232 157 0 0 0 0
475 157 0 0 0 0
718 157 1 7 0 1
961 157 0 0 0 0
1204 157 0 0 0 0
1447 157 0 0 0 0
1690 157 0 0 0 0
111 227 1 9 1 1
354 227 1 0 1 1
597 227 0 0 0 0
840 227 0 0 0 0
1083 227 1 0 0 0
1326 227 1 0 0 0
1569 227 0 0 0 0
232 297 1 0 0 1
475 297 1 0 0 1
718 297 1 7 1 1
961 297 0 0 0 0
1204 297 0 0 0 0
1447 297 1 0 0 0
1690 297 0 0 0 0
111 367 0 0 0 0
354 367 0 0 0 0
597 367 0 0 0 0
840 367 1 6 0 1
1083 367 0 0 0 0
1326 367 0 0 0 0
1569 367 1 0 0 0
232 437 1 12 0 1
475 437 1 11 1 1
718 437 1 6 0 1
961 437 1 6 0 1
1204 437 1 0 0 0
1447 437 0 0 0 0
1690 437 0 0 0 0
111 507 1 12 0 1
354 507 1 11 0 1
597 507 0 0 0 0
840 507 1 6 1 1
1083 507 0 0 0 0
1326 507 0 0 0 0
1569 507 1 8 0 1
232 577 1 12 1 1
475 577 0 0 0 0
718 577 0 0 0 0
961 577 0 0 0 0
1204 577 1 1 0 1
1447 577 1 4 0 1
1690 577 0 0 0 0
111 647 0 0 0 0
354 647 1 10 0 1
597 647 1 5 0 1
840 647 0 0 0 0
1083 647 1 1 1 1
1326 647 1 4 1 1
1569 647 1 8 1 1
232 717 1 3 0 1
475 717 1 10 1 1
718 717 1 5 1 1
961 717 0 0 0 0
1204 717 1 1 0 1
1447 717 0 0 0 0
1690 717 0 0 0 0
111 787 0 0 0 0
354 787 0 0 0 0
597 787 0 0 0 0
840 787 0 0 0 0
1083 787 1 1 0 1
1326 787 0 0 0 0
1569 787 1 8 0 1
232 857 1 3 1 1
475 857 1 10 0 1
718 857 0 0 0 0
961 857 0 0 0 0
1204 857 1 2 1 1
1447 857 0 0 0 0
1690 857 1 0 0 0
0 3 31 0 0 0 0
1 1
1 2
0 2
3 4 21 0 28 0 0
4 7
4 8
4 6
4 9
810 795 785 802 1 1 1 1644507574 25435 0.000000 1 5
804 760 779 767 1 1 1 1644507574 25435 0.000000 1 5
798 725 773 732 1 1 1 1644507574 25435 0.000000 1 5
810 795 785 802 1 1 1 1644507574 25435 180000.000000 1 5
804 760 779 767 1 1 1 1644507574 25435 180000.000000 1 5
798 725 773 732 1 1 1 1644507574 25435 180000.000000 1 5
810 795 785 802 1 1 1 1644507574 25435 360000.000000 1 5
804 760 779 767 1 1 1 1644507574 25435 360000.000000 1 5
798 725 773 732 1 1 1 1644507574 25435 360000.000000 1 5
1150 732 785 802 1 1 1 1644507574 25435 540000.000000 1 5
804 760 779 767 1 1 1 1644507574 25435 540000.000000 1 5
798 725 773 732 1 1 1 1644507574 25435 540000.000000 1 5
1150 732 785 802 1 1 1 1644507574 25436 720000.000000 1 5
1144 697 779 767 1 1 1 1644507574 25436 720000.000000 1 5
1138 662 773 732 1 1 1 1644507574 25436 720000.000000 1 5
1150 732 785 802 1 1 1 1644507574 25436 900000.000000 1 5
1144 697 779 767 1 1 1 1644507574 25436 900000.000000 1 5
1138 662 773 732 1 1 1 1644507574 25436 900000.000000 1 5
1150 732 785 802 1 1 1 1644507574 25436 1080000.000000 1 5
1144 697 779 767 1 1 1 1644507574 25436 1080000.000000 1 5
1138 662 773 732 1 1 1 1644507574 25436 1080000.000000 1 5
1150 732 785 802 1 1 1 1644507574 25436 1260000.000000 1 5
1144 697 779 767 1 1 1 1644507574 25436 1260000.000000 1 5
1138 662 773 732 1 1 1 1644507574 25436 1260000.000000 1 5
1210 916 1225 942 2 1 1 1644507575 454573 0.000000 1 2
1144 697 1265 907 2 1 1 1644507575 454574 0.000000 1 2
1184 662 1305 872 2 1 1 1644507575 623371 0.000000 1 2
1210 916 1225 942 2 1 1 1644507575 793951 0.000000 1 2
3 1 9 0 42 0 0
4 10
1116 753 1104 732 2 1 1 1644507574 25436 0.000000 2 1
1187 772 1144 697 2 1 1 1644507574 25437 0.000000 2 1
1248 773 1184 662 2 1 1 1644507574 25437 0.000000 2 1
1116 753 1104 732 2 1 1 1644507574 25437 180000.000000 2 1
1182 763 1144 697 2 1 1 1644507574 25442 180000.000000 2 1
1248 773 1184 662 2 1 1 1644507574 25442 180000.000000 2 1
1116 753 1104 732 2 1 1 1644507574 25442 360000.000000 2 1
1182 763 1144 697 2 1 1 1644507574 25442 360000.000000 2 1
1248 773 1184 662 2 1 1 1644507574 25442 360000.000000 2 1
1116 753 1104 732 2 1 1 1644507574 25442 540000.000000 2 1
1182 763 1144 697 2 1 1 1644507574 25442 540000.000000 2 1
1248 773 1184 662 2 1 1 1644507574 25442 540000.000000 2 1
1116 753 1104 732 2 1 1 1644507574 25442 720000.000000 2 1
1166 736 1144 697 2 1 1 1644507574 25442 720000.000000 2 1
1248 773 1184 662 2 1 1 1644507574 25442 720000.000000 2 1
1116 753 1104 732 2 1 1 1644507574 25442 900000.000000 2 1
1166 736 1144 697 2 1 1 1644507574 25442 900000.000000 2 1
1248 773 1184 662 2 1 1 1644507574 25442 900000.000000 2 1
1116 753 1104 732 2 1 1 1644507574 25442 1080000.000000 2 1
1166 736 1144 697 2 1 1 1644507574 25442 1080000.000000 2 1
1248 773 1184 662 2 1 1 1644507574 25442 1080000.000000 2 1
1116 753 1104 732 2 1 1 1644507574 25442 1260000.000000 2 1
1166 736 1144 697 2 1 1 1644507574 25443 1260000.000000 2 1
1248 773 1184 662 2 1 1 1644507574 25443 1260000.000000 2 1
1116 753 1104 732 3 1 1 1644507577 392578 0.000000 2 1
1156 718 1144 697 3 1 1 1644507577 392578 0.000000 2 1
1196 683 1184 662 3 1 1 1644507577 392578 0.000000 2 1
1116 753 1104 732 3 1 1 1644507577 392578 180000.000000 2 1
1156 718 1144 697 3 1 1 1644507577 392578 180000.000000 2 1
1196 683 1184 662 3 1 1 1644507577 935332 0.000000 2 1
1116 753 1104 732 3 1 1 1644507577 935332 0.000000 2 1
1156 718 1144 697 3 1 1 1644507577 935332 0.000000 2 1
1196 683 1184 662 3 1 1 1644507577 935332 180000.000000 2 1
1116 753 1104 732 3 1 1 1644507577 935332 180000.000000 2 1
1156 718 1144 697 3 1 1 1644507577 935332 180000.000000 2 1
1196 683 1184 662 3 1 1 1644507577 935333 360000.000000 2 1
1116 753 1104 732 3 1 1 1644507577 935333 360000.000000 2 1
1156 718 1144 697 3 1 1 1644507577 935333 360000.000000 2 1
1196 683 1184 662 3 1 1 1644507578 105165 0.000000 2 1
1116 753 1104 732 3 1 1 1644507578 105165 0.000000 2 1
1156 718 1144 697 3 1 1 1644507578 105165 0.000000 2 1
1196 683 1184 662 3 1 1 1644507578 105165 180000.000000 2 1
3 2 3 0 28 0 0
0 10
0 8
1233 942 1265 942 3 1 1 1644507574 25443 0.000000 3 2
1233 907 1265 907 3 1 1 1644507574 25443 0.000000 3 2
1233 872 1265 872 3 1 1 1644507574 25443 0.000000 3 2
1233 942 1265 942 3 1 1 1644507574 25443 180000.000000 3 2
1233 907 1265 907 3 1 1 1644507574 25443 180000.000000 3 2
1233 872 1265 872 3 1 1 1644507574 25443 180000.000000 3 2
1233 942 1265 942 3 1 1 1644507574 25443 360000.000000 3 2
1233 907 1265 907 3 1 1 1644507574 25443 360000.000000 3 2
1233 872 1265 872 3 1 1 1644507574 25443 360000.000000 3 2
1233 942 1265 942 3 1 1 1644507574 25443 540000.000000 3 2
1233 907 1265 907 3 1 1 1644507574 25444 540000.000000 3 2
1233 872 1265 872 3 1 1 1644507574 25444 540000.000000 3 2
1233 942 1265 942 3 1 1 1644507574 25444 720000.000000 3 2
1233 907 1265 907 3 1 1 1644507574 25444 720000.000000 3 2
1233 872 1265 872 3 1 1 1644507574 25444 720000.000000 3 2
1233 942 1265 942 3 1 1 1644507574 25444 900000.000000 3 2
1233 907 1265 907 3 1 1 1644507574 25444 900000.000000 3 2
1233 872 1265 872 3 1 1 1644507574 25444 900000.000000 3 2
1233 942 1265 942 3 1 1 1644507574 25444 1080000.000000 3 2
1233 907 1265 907 3 1 1 1644507574 25444 1080000.000000 3 2
1233 872 1265 872 3 1 1 1644507574 25444 1080000.000000 3 2
1233 942 1265 942 3 1 1 1644507574 25444 1260000.000000 3 2
1233 907 1265 907 3 1 1 1644507574 25444 1260000.000000 3 2
1233 872 1265 872 3 1 1 1644507574 25444 1260000.000000 3 2
1120 734 1152 732 3 1 1 1644507577 392578 0.000000 3 1
1112 699 1144 697 3 1 1 1644507577 392579 0.000000 3 1
1104 664 1136 662 3 1 1 1644507577 392579 0.000000 3 1
1120 734 1152 732 3 1 1 1644507578 105165 0.000000 3 1
4 2 1 0 30 0 0
5 7
5 6
1287 732 1144 732 4 1 1 1644507574 25444 0.000000 4 1
1177 697 1144 697 4 1 1 1644507574 25444 0.000000 4 1
1177 662 1144 662 4 1 1 1644507574 25445 0.000000 4 1
1287 732 1144 732 4 1 1 1644507574 25445 180000.000000 4 1
1177 697 1144 697 4 1 1 1644507574 25445 180000.000000 4 1
1177 662 1144 662 4 1 1 1644507574 25445 180000.000000 4 1
1287 732 1144 732 4 1 1 1644507574 25445 360000.000000 4 1
1177 697 1144 697 4 1 1 1644507574 25445 360000.000000 4 1
1177 662 1144 662 4 1 1 1644507574 25445 360000.000000 4 1
1287 732 1144 732 4 1 1 1644507574 25445 540000.000000 4 1
1167 697 1144 697 4 1 1 1644507574 25445 540000.000000 4 1
1167 662 1144 662 4 1 1 1644507574 25445 540000.000000 4 1
1287 732 1144 732 4 1 1 1644507574 25445 720000.000000 4 1
1207 697 1144 697 4 1 1 1644507574 25445 720000.000000 4 1
1177 662 1144 662 4 1 1 1644507574 25445 720000.000000 4 1
1287 732 1144 732 4 1 1 1644507574 25445 900000.000000 4 1
1207 697 1144 697 4 1 1 1644507574 25445 900000.000000 4 1
1177 662 1144 662 4 1 1 1644507574 25445 900000.000000 4 1
1287 732 1144 732 4 1 1 1644507574 25445 1080000.000000 4 1
1207 697 1144 697 4 1 1 1644507574 25445 1080000.000000 4 1
1167 662 1144 662 4 1 1 1644507574 25445 1080000.000000 4 1
1287 732 1144 732 4 1 1 1644507574 25445 1260000.000000 4 1
1207 697 1144 697 4 1 1 1644507574 25445 1260000.000000 4 1
1167 662 1144 662 4 1 1 1644507574 25446 1260000.000000 4 1
782 395 759 382 4 1 1 1644507579 125265 0.000000 4 7
802 360 779 347 4 1 1 1644507579 125265 0.000000 4 7
822 325 799 312 4 1 1 1644507579 125265 0.000000 4 7
782 395 759 382 4 1 1 1644507579 125265 180000.000000 4 7
802 360 779 347 4 1 1 1644507579 125266 180000.000000 4 7
948 398 799 312 4 0 1 1644507580 10939 0.000000 4 7
10 2 9 0 0 0 0
2 8
2 7
10 4 20 0 0 0 0
3 5
3 4
3 3
2 4
10 2 15 0 0 0 1
2 2
2 0
10 3 20 0 0 0 0
6 7
6 9
6 5
10 1 20 0 0 0 0
0 1
10 3 20 0 0 0 0
1 8
1 7
1 10
10 2 20 0 0 0 0
1 4
1 5
10 3 20 0 0 0 0
0 6
0 5
0 4
9
4 1017 429 0 0 0 0 0.000000 0
4 667 403 0 0 0 0 0.000000 0
4 536 681 0 0 0 0 0.000000 0
4 861 473 0 0 0 0 0.000000 0
4 1349 666 1 1 1644507574 59588 0.000000 4
4 640 751 1 0 1644507578 513672 0.000000 3
4 1089 509 0 0 0 0 0.000000 0
4 1387 597 1 0 1644507580 44380 0.000000 4
4 662 532 0 0 0 0 0.000000 0
0 1 10 -1 -1 1
0 1 10 -1 -1 1
0 1 10 -1 -1 1
0 1 10 4 5 1
0 1 10 4 7 1
0
