arya                            
8 50 20 10 0 1
7 11 148 88 4 1 13
269 158 1 9 1 1
512 158 1 0 0 0
755 158 0 0 0 0
998 158 1 12 1 1
1241 158 1 8 1 1
1484 158 1 2 1 1
1727 158 0 0 0 0
148 228 0 0 0 0
391 228 0 7 0 0
634 228 1 0 0 0
877 228 0 0 0 0
1120 228 0 4 1 0
1363 228 1 2 0 1
1606 228 1 1 0 1
269 298 1 9 1 1
512 298 1 0 1 1
755 298 1 0 0 0
998 298 0 0 0 0
1241 298 1 8 0 1
1484 298 0 0 0 0
1727 298 1 1 0 1
148 368 0 0 0 0
391 368 1 0 0 1
634 368 1 0 0 1
877 368 0 5 0 0
1120 368 0 4 0 0
1363 368 0 10 1 0
1606 368 1 1 1 1
269 438 1 7 0 1
512 438 1 0 1 1
755 438 1 10 0 1
998 438 0 0 0 0
1241 438 0 0 0 0
1484 438 1 1 0 1
1727 438 1 1 0 1
148 508 1 7 1 1
391 508 0 1 1 0
634 508 0 0 0 0
877 508 1 10 1 1
1120 508 0 0 0 0
1363 508 1 0 0 0
1606 508 0 3 0 0
269 578 0 0 0 0
512 578 0 1 0 0
755 578 1 3 0 1
998 578 0 0 0 0
1241 578 0 0 0 0
1484 578 0 0 0 0
1727 578 0 0 0 0
148 648 1 7 1 1
391 648 0 0 0 0
634 648 1 3 0 1
877 648 1 3 0 1
1120 648 1 4 1 1
1363 648 1 11 1 0
1606 648 0 6 1 0
269 718 1 0 0 0
512 718 1 5 0 1
755 718 1 3 1 1
998 718 0 0 0 0
1241 718 0 0 0 0
1484 718 0 0 0 0
1727 718 0 6 0 0
148 788 0 0 0 0
391 788 1 5 0 1
634 788 0 0 0 0
877 788 1 3 0 1
1120 788 0 0 0 0
1363 788 0 0 0 0
1606 788 1 11 0 1
269 858 0 0 0 0
512 858 1 5 1 1
755 858 1 3 0 1
998 858 1 6 1 1
1241 858 0 8 1 0
1484 858 0 0 0 0
1727 858 1 11 1 1
0 4 10 0 0 0 0
1 4
1 3
1 2
2 3
1 5 10 0 0 0 0
6 3
6 4
6 2
6 1
5 4
2 2 10 0 0 0 0
5 0
5 1
3 6 10 0 0 0 0
2 8
2 7
2 10
2 6
3 9
3 7
4 1 10 0 0 0 0
4 7
10 3 20 0 0 0 0
1 10
1 9
1 8
10 1 20 0 0 0 0
3 10
10 3 20 0 0 0 0
0 5
0 4
0 7
10 2 20 0 0 0 0
4 0
4 2
10 2 20 0 0 0 0
0 0
0 2
10 2 20 0 0 0 0
3 5
2 4
10 2 20 0 0 0 0
6 10
6 9
10 1 20 0 0 0 0
3 0
0
0 1 10 -1 -1 1
0 1 10 -1 -1 1
0 1 10 -1 -1 1
0 1 10 -1 -1 1
0 1 10 -1 -1 1
0
