arya                            
8 50 20 10 0 1
7 11 22 85 4 1 13
143 155 0 0 0 0
386 155 0 0 0 0
629 155 1 0 1 1
872 155 0 0 0 0
1115 155 0 0 0 0
1358 155 0 0 0 0
1601 155 0 0 0 0
22 225 1 12 1 1
265 225 0 0 0 0
508 225 0 0 0 0
751 225 0 0 0 0
994 225 0 0 0 0
1237 225 1 2 0 1
1480 225 1 0 0 0
143 295 0 0 0 0
386 295 0 0 0 0
629 295 1 0 0 1
872 295 0 0 0 0
1115 295 0 0 0 0
1358 295 1 2 0 1
1601 295 1 0 0 0
22 365 0 0 0 0
265 365 1 4 1 1
508 365 0 0 0 0
751 365 1 3 1 1
994 365 1 7 1 1
1237 365 1 2 1 1
1480 365 1 1 0 1
143 435 0 0 0 0
386 435 1 4 0 1
629 435 1 3 0 1
872 435 0 0 0 0
1115 435 1 2 0 1
1358 435 1 1 0 1
1601 435 0 0 0 0
22 505 0 0 0 0
265 505 1 4 0 1
508 505 1 6 1 1
751 505 1 3 0 1
994 505 0 0 0 0
1237 505 1 2 0 1
1480 505 1 1 1 1
143 575 0 0 0 0
386 575 0 0 0 0
629 575 0 0 0 0
872 575 0 0 0 0
1115 575 0 0 0 0
1358 575 1 1 0 1
1601 575 0 0 0 0
22 645 0 0 0 0
265 645 1 10 1 1
508 645 1 6 0 1
751 645 1 5 0 1
994 645 0 0 0 0
1237 645 1 9 1 1
1480 645 0 0 0 0
143 715 1 10 0 1
386 715 1 10 0 1
629 715 1 8 1 1
872 715 1 5 1 1
1115 715 0 0 0 0
1358 715 0 0 0 0
1601 715 0 0 0 0
22 785 1 11 1 1
265 785 1 10 0 1
508 785 0 0 0 0
751 785 1 5 0 1
994 785 1 5 0 1
1237 785 1 9 0 1
1480 785 1 0 0 0
143 855 1 11 0 1
386 855 0 0 0 0
629 855 0 0 0 0
872 855 1 5 0 1
1115 855 0 0 0 0
1358 855 1 0 0 0
1601 855 0 0 0 0
0 2 10 0 0 0 0
2 0
2 2
1 4 10 0 0 0 0
6 5
6 3
5 6
5 4
2 5 10 0 0 0 0
5 3
5 2
5 5
5 1
4 4
3 3 10 0 0 0 0
3 3
3 5
2 4
4 3 10 0 0 0 0
1 3
1 4
1 5
10 5 20 0 0 0 0
3 8
3 9
3 7
3 10
4 9
10 2 20 0 0 0 0
2 5
2 7
10 1 20 0 0 0 0
4 3
10 1 20 0 0 0 0
2 8
10 2 20 0 0 0 0
5 7
5 9
10 4 20 0 0 0 0
1 7
1 8
1 9
0 8
10 2 20 0 0 0 0
0 9
0 10
10 1 20 0 0 0 0
0 1
0
0 1 10 -1 -1 1
0 1 10 -1 -1 1
0 1 10 -1 -1 1
0 1 10 -1 -1 1
0 1 10 -1 -1 1
0
