arya                            
8 50 20 10 0 1
7 10 46 137 4 1 13
167 207 1 0 0 0
410 207 1 0 0 1
653 207 1 0 0 1
896 207 1 11 0 1
1139 207 1 10 1 1
1382 207 0 0 0 0
1625 207 0 0 0 0
46 277 0 0 0 0
289 277 0 0 0 0
532 277 1 0 1 1
775 277 1 11 1 1
1018 277 1 10 0 1
1261 277 1 10 0 1
1504 277 0 0 0 0
167 347 0 0 0 0
410 347 1 0 0 1
653 347 0 0 0 0
896 347 0 0 0 0
1139 347 0 0 0 0
1382 347 0 0 0 0
1625 347 1 8 1 1
46 417 0 0 0 0
289 417 0 0 0 0
532 417 1 0 0 1
775 417 1 6 0 1
1018 417 0 0 0 0
1261 417 1 9 0 1
1504 417 0 0 0 0
167 487 0 0 0 0
410 487 1 0 0 0
653 487 1 7 1 1
896 487 1 6 1 1
1139 487 0 0 0 0
1382 487 0 0 0 0
1625 487 0 0 0 0
46 557 1 0 0 0
289 557 0 0 0 0
532 557 0 0 0 0
775 557 1 6 0 1
1018 557 1 6 0 1
1261 557 1 9 1 1
1504 557 0 0 0 0
167 627 0 0 0 0
410 627 1 1 0 1
653 627 0 0 0 0
896 627 1 6 0 1
1139 627 0 0 0 0
1382 627 0 0 0 0
1625 627 1 5 1 1
46 697 1 2 0 1
289 697 1 1 0 1
532 697 0 0 0 0
775 697 1 4 0 1
1018 697 1 3 0 1
1261 697 1 9 0 1
1504 697 1 5 0 1
167 767 1 2 1 1
410 767 1 1 1 1
653 767 1 4 0 1
896 767 1 3 0 1
1139 767 0 0 0 0
1382 767 0 0 0 0
1625 767 0 0 0 0
46 837 0 0 0 0
289 837 0 0 0 0
532 837 1 1 0 1
775 837 1 4 1 1
1018 837 1 3 1 1
1261 837 1 12 1 1
1504 837 0 0 0 0
0 5 10 0 0 0 0
2 1
2 0
2 3
1 2
1 0
1 4 10 0 0 0 0
1 8
1 7
1 6
2 9
2 2 10 0 0 0 0
0 8
0 7
3 3 10 0 0 0 0
4 9
4 7
3 8
4 3 10 0 0 0 0
3 9
3 7
2 8
10 2 20 0 0 0 0
6 6
6 7
10 5 20 0 0 0 0
3 4
3 5
3 3
3 6
4 5
10 1 20 0 0 0 0
2 4
10 1 20 0 0 0 0
6 2
10 3 20 0 0 0 0
5 5
5 7
5 3
10 3 20 0 0 0 0
4 0
4 1
5 1
10 2 20 0 0 0 0
3 1
3 0
10 1 20 0 0 0 0
5 9
0
0 1 10 -1 -1 1
0 1 10 -1 -1 1
0 1 10 -1 -1 1
0 1 10 -1 -1 1
0 1 10 -1 -1 1
0
