arya                            
8 50 20 10 0 1
7 10 93 108 4 1 13
178 157 1 12 1 1
349 157 1 9 1 1
520 157 1 0 0 0
691 157 0 0 0 0
862 157 1 0 0 0
1033 157 1 10 1 1
1204 157 0 0 0 0
93 207 1 5 0 1
264 207 1 9 0 1
435 207 1 9 0 1
606 207 0 0 0 0
777 207 0 0 0 0
948 207 0 0 0 0
1119 207 1 7 0 1
178 256 0 0 0 0
349 256 0 0 0 0
520 256 0 0 0 0
691 256 0 0 0 0
862 256 1 8 0 1
1033 256 0 0 0 0
1204 256 0 0 0 0
93 306 1 5 1 1
264 306 1 11 0 1
435 306 0 0 0 0
606 306 1 1 0 1
777 306 1 8 1 1
948 306 0 0 0 0
1119 306 1 7 1 1
178 355 0 0 0 0
349 355 1 2 0 1
520 355 0 0 0 0
691 355 1 1 0 1
862 355 0 0 0 0
1033 355 0 0 0 0
1204 355 1 7 0 1
93 405 0 0 0 0
264 405 1 11 1 1
435 405 1 2 1 1
606 405 1 1 1 1
777 405 1 8 0 1
948 405 1 3 0 1
1119 405 0 0 0 0
178 454 1 11 0 1
349 454 1 2 0 1
520 454 1 1 0 1
691 454 0 0 0 0
862 454 1 3 0 1
1033 454 1 3 0 1
1204 454 0 0 0 0
93 504 1 4 0 1
264 504 1 0 0 1
435 504 1 2 0 1
606 504 0 0 0 0
777 504 1 0 0 0
948 504 1 3 1 1
1119 504 1 6 1 1
178 553 0 0 0 0
349 553 1 0 0 1
520 553 0 0 0 0
691 553 0 0 0 0
862 553 1 3 0 1
1033 553 1 3 0 1
1204 553 1 6 0 1
93 603 1 4 1 1
264 603 1 0 1 1
435 603 0 0 0 0
606 603 1 0 0 0
777 603 0 0 0 0
948 603 0 0 0 0
1119 603 1 6 0 1
0 3 10 0 0 0 0
1 9
1 8
1 7
1 4 10 0 0 0 0
3 5
3 4
3 3
2 6
2 4 10 0 0 0 0
2 5
2 7
1 6
1 4
3 6 10 0 0 0 0
5 7
5 8
5 6
5 5
4 8
4 6
4 2 10 0 0 0 0
0 9
0 7
10 2 20 0 0 0 0
0 3
0 1
10 3 20 0 0 0 0
6 7
6 8
6 9
10 3 20 0 0 0 0
6 3
6 4
6 1
10 3 20 0 0 0 0
4 3
4 2
4 5
10 3 20 0 0 0 0
1 0
1 1
2 1
10 1 20 0 0 0 0
5 0
10 3 20 0 0 0 0
1 5
1 3
0 6
10 1 20 0 0 0 0
0 0
0
0 1 10 -1 -1 1
0 1 10 -1 -1 1
0 1 10 -1 -1 1
0 1 10 -1 -1 1
0 1 10 -1 -1 1
0
