arya
8 50 20 10 0 1
7 11 111 87 4 1 13
232 157 0 0 0 0
475 157 1 1 1 1
718 157 0 0 0 0
961 157 1 4 0 1
1204 157 0 0 0 0
1447 157 1 11 1 1
1690 157 0 0 0 0
111 227 0 0 0 0
354 227 1 1 0 1
597 227 0 0 0 0
840 227 1 4 0 1
1083 227 1 4 0 1
1326 227 0 0 0 0
1569 227 0 0 0 0
232 297 0 0 0 0
475 297 0 0 0 0
718 297 1 3 0 1
961 297 1 4 1 1
1204 297 1 0 0 0
1447 297 0 0 0 0
1690 297 1 0 0 0
111 367 1 0 0 1
354 367 1 0 0 1
597 367 1 3 1 1
840 367 0 0 0 0
1083 367 0 0 0 0
1326 367 0 0 0 0
1569 367 1 2 0 1
232 437 1 0 1 1
475 437 1 3 0 1
718 437 0 0 0 0
961 437 1 4 0 1
1204 437 0 0 0 0
1447 437 0 0 0 0
1690 437 0 0 0 0
111 507 0 0 0 0
354 507 1 0 0 1
597 507 1 3 0 1
840 507 0 0 0 0
1083 507 0 0 0 0
1326 507 1 8 0 1
1569 507 1 2 1 1
232 577 0 0 0 0
475 577 1 0 0 0
718 577 0 0 0 0
961 577 0 0 0 0
1204 577 1 8 1 1
1447 577 1 2 0 1
1690 577 1 2 0 1
111 647 1 12 1 1
354 647 1 0 0 0
597 647 0 0 0 0
840 647 0 0 0 0
1083 647 0 0 0 0
1326 647 0 0 0 0
1569 647 1 2 0 1
232 717 1 9 0 1
475 717 0 0 0 0
718 717 0 0 0 0
961 717 0 0 0 0
1204 717 1 6 0 1
1447 717 0 0 0 0
1690 717 0 0 0 0
111 787 1 9 0 1
354 787 1 5 0 1
597 787 0 0 0 0
840 787 1 10 0 1
1083 787 0 0 0 0
1326 787 1 6 1 1
1569 787 1 7 0 1
232 857 1 9 1 1
475 857 1 5 1 1
718 857 0 0 0 0
961 857 1 10 1 1
1204 857 0 0 0 0
1447 857 0 0 0 0
1690 857 1 7 1 1
0 4 38 0 0 0 1
0 4
0 3
1 5
1 3
1 2 15 15 38 1 0
1 0
1 1
575 378 618 452 1 1 1 1644501953 853157 0.000000 1 3
611 335 658 417 1 1 1 1644501953 853157 0.000000 1 3
683 356 698 382 1 1 1 1644501953 853157 0.000000 1 3
561 354 618 452 1 1 1 1644501953 853157 180000.000000 1 3
643 391 658 417 1 1 1 1644501953 853157 180000.000000 1 3
683 356 698 382 1 1 1 1644501953 853158 180000.000000 1 3
594 410 618 452 1 0 1 1644501953 853158 360000.000000 1 3
634 375 658 417 1 0 1 1644501953 853158 360000.000000 1 3
674 340 698 382 1 0 1 1644501953 853158 360000.000000 1 3
580 386 618 452 1 0 1 1644501948 853158 540000.000000 1 3
620 351 658 417 1 0 1 1644501948 853158 540000.000000 1 3
660 316 698 382 1 0 1 1644501948 853158 540000.000000 1 3
660 324 1731 942 1 0 1 1644501954 330624 0.000000 1 7
680 289 1751 907 1 0 1 1644501955 43965 0.000000 1 7
700 254 1771 872 1 0 1 1644501956 30317 0.000000 1 7
660 324 1731 942 1 0 1 1644501957 15441 0.000000 1 7
680 289 1751 907 1 0 1 1644501958 35152 0.000000 1 7
700 254 1771 872 1 0 1 1644501959 22945 0.000000 1 7
652 319 1731 942 1 0 1 1644501960 41959 0.000000 1 7
672 284 1751 907 1 0 1 1644501961 27260 0.000000 1 7
692 249 1771 872 1 0 1 1644501962 47100 0.000000 1 7
652 319 1731 942 1 0 1 1644501963 33440 0.000000 1 7
672 284 1751 907 1 0 1 1644501964 18883 0.000000 1 7
556 172 1771 872 1 0 0 1644501965 38225 0.000000 1 7
516 242 1731 942 1 0 0 1644501966 25406 0.000000 1 7
536 207 1751 907 1 0 0 1644501967 45337 0.000000 1 7
556 172 1771 872 1 0 0 1644501968 30974 0.000000 1 7
516 242 1731 942 1 0 0 1644501969 18308 0.000000 1 7
536 207 1751 907 1 0 0 1644501970 36859 0.000000 1 7
556 172 1771 872 1 0 0 1644501971 22954 0.000000 1 7
516 242 1731 942 1 0 0 1644501972 43506 0.000000 1 7
536 207 1751 907 1 0 0 1644501973 28438 0.000000 1 7
556 172 1771 872 1 0 0 1644501974 14956 0.000000 1 7
516 242 1731 942 1 0 0 1644501975 34179 0.000000 1 7
536 207 1751 907 1 0 0 1644501976 20106 0.000000 1 7
556 172 1771 872 1 0 0 1644501977 40584 0.000000 1 7
516 242 1731 942 1 0 0 1644501978 27216 0.000000 1 7
536 207 1751 907 1 0 0 1644501979 49533 0.000000 1 7
2 5 15 15 38 1 1
6 5
6 6
6 7
6 3
5 6
685 455 653 452 2 1 1 1644501953 853158 0.000000 2 3
970 448 658 417 2 1 1 1644501953 853159 0.000000 2 3
1055 421 663 382 2 1 1 1644501953 853159 0.000000 2 3
685 455 653 452 2 1 1 1644501953 853159 180000.000000 2 3
690 420 658 417 2 1 1 1644501953 853168 180000.000000 2 3
965 412 663 382 2 1 1 1644501953 853168 180000.000000 2 3
685 455 653 452 2 1 1 1644501953 853168 360000.000000 2 3
690 420 658 417 2 1 1 1644501953 853168 360000.000000 2 3
965 412 663 382 2 1 1 1644501953 853168 360000.000000 2 3
685 455 653 452 2 1 1 1644501943 853169 540000.000000 2 3
690 420 658 417 2 1 1 1644501943 853169 540000.000000 2 3
935 409 663 382 2 1 1 1644501943 853169 540000.000000 2 3
1296 655 1271 662 2 1 1 1644501949 464752 0.000000 2 8
1290 620 1265 627 2 1 1 1644501950 43965 0.000000 2 8
1284 585 1259 592 2 1 1 1644501951 30317 0.000000 2 8
1296 655 1271 662 2 1 1 1644501952 15442 0.000000 2 8
1290 620 1265 627 2 1 1 1644501953 35153 0.000000 2 8
1284 585 1259 592 2 1 1 1644501954 22945 0.000000 2 8
1465 560 653 452 2 0 1 1644501964 427587 0.000000 2 3
1470 525 658 417 2 0 1 1644501964 427587 0.000000 2 3
1475 490 663 382 2 0 1 1644501964 427587 0.000000 2 3
1515 570 653 452 2 0 1 1644501964 427587 180000.000000 2 3
1520 535 658 417 2 0 1 1644501964 427587 180000.000000 2 3
1670 522 1548 172 2 0 0 1644501973 743517 0.000000 2 11
1590 592 1468 242 2 0 0 1644501973 743517 0.000000 2 11
1630 557 1508 207 2 0 0 1644501973 743517 0.000000 2 11
1670 522 1548 172 2 0 0 1644501973 743517 180000.000000 2 11
1590 592 1468 242 2 0 0 1644501973 743517 180000.000000 2 11
1630 557 1508 207 2 0 0 1644501973 743517 180000.000000 2 11
1670 522 1548 172 2 0 0 1644501973 743518 360000.000000 2 11
1590 592 1468 242 2 0 0 1644501973 743518 360000.000000 2 11
1630 557 1508 207 2 0 0 1644501973 743518 360000.000000 2 11
1670 522 1548 172 2 0 0 1644501974 14957 0.000000 2 11
1590 592 1468 242 2 0 0 1644501975 34181 0.000000 2 11
1630 557 1508 207 2 0 0 1644501976 20107 0.000000 2 11
1670 522 1548 172 2 0 0 1644501977 40585 0.000000 2 11
1590 592 1468 242 2 0 0 1644501978 27217 0.000000 2 11
1630 557 1508 207 2 0 0 1644501979 49534 0.000000 2 11
1 4 17 11 42 1 1
2 3
2 2
2 5
1 4
214 715 192 732 3 1 1 1644501953 853154 0.000000 3 12
194 680 172 697 3 1 1 1644501953 853155 0.000000 3 12
174 645 152 662 3 1 1 1644501953 853155 0.000000 3 12
214 715 192 732 3 1 1 1644501953 853155 180000.000000 3 12
194 680 172 697 3 1 1 1644501953 853155 180000.000000 3 12
174 645 152 662 3 1 1 1644501953 853155 180000.000000 3 12
214 715 192 732 3 1 1 1644501953 853155 360000.000000 3 12
194 680 172 697 3 1 1 1644501953 853155 360000.000000 3 12
174 645 152 662 3 1 1 1644501953 853155 360000.000000 3 12
214 715 192 732 3 1 1 1644501948 853155 540000.000000 3 12
194 680 172 697 3 1 1 1644501948 853155 540000.000000 3 12
174 645 152 662 3 1 1 1644501948 853156 540000.000000 3 12
214 715 192 732 3 1 1 1644501954 23218 0.000000 3 12
498 444 293 487 3 0 1 1644501959 361343 0.000000 3 0
642 383 287 452 3 1 1 1644501959 361343 0.000000 3 0
504 479 299 522 3 0 1 1644501959 361344 0.000000 3 0
498 444 293 487 3 0 1 1644501959 361344 180000.000000 3 0
632 384 287 452 3 1 1 1644501959 361344 180000.000000 3 0
504 479 299 522 3 0 1 1644501960 41959 0.000000 3 0
498 444 293 487 3 0 1 1644501961 27261 0.000000 3 0
602 387 287 452 3 1 1 1644501962 47101 0.000000 3 0
504 479 299 522 3 0 1 1644501963 33441 0.000000 3 0
498 444 293 487 3 0 1 1644501964 18883 0.000000 3 0
708 387 1635 522 1 1 1 1644501964 700013 0.000000 3 2
716 459 1625 592 1 0 1 1644501964 700013 0.000000 3 2
721 424 1630 557 1 0 1 1644501964 700014 0.000000 3 2
681 384 1635 522 1 0 1 1644501964 700014 180000.000000 3 2
671 454 1625 592 1 0 1 1644501964 700024 180000.000000 3 2
676 419 1630 557 1 0 1 1644501964 700024 180000.000000 3 2
663 382 1635 522 1 0 1 1644501959 700024 360000.000000 3 2
653 452 1625 592 1 0 1 1644501959 700024 360000.000000 3 2
658 417 1022 347 1 0 0 1644501973 28440 0.000000 3 4
652 382 1016 312 1 0 0 1644501973 28440 0.000000 3 4
664 452 1028 382 1 0 0 1644501973 28440 0.000000 3 4
658 417 1022 347 1 0 0 1644501973 28440 180000.000000 3 4
652 382 1016 312 1 0 0 1644501973 28440 180000.000000 3 4
664 452 1028 382 1 0 0 1644501973 28440 180000.000000 3 4
658 417 1022 347 1 0 0 1644501973 28440 360000.000000 3 4
652 382 1016 312 1 0 0 1644501973 28440 360000.000000 3 4
664 452 1028 382 1 0 0 1644501973 28440 360000.000000 3 4
658 417 1022 347 1 0 0 1644501973 28441 540000.000000 3 4
652 382 1016 312 1 0 0 1644501973 28441 540000.000000 3 4
4 5 17 17 38 1 0
3 2
3 1
3 4
3 0
4 1
908 401 664 452 4 1 1 1644501953 853169 0.000000 4 3
902 366 658 417 4 1 1 1644501953 853169 0.000000 4 3
756 359 652 382 4 1 1 1644501953 853169 0.000000 4 3
958 391 664 452 4 1 1 1644501953 853170 180000.000000 4 3
952 356 658 417 4 1 1 1644501953 853170 180000.000000 4 3
786 353 652 382 4 0 1 1644501953 853170 180000.000000 4 3
1008 384 664 452 4 1 1 1644501953 853170 360000.000000 4 3
842 378 658 417 4 0 1 1644501953 853170 360000.000000 4 3
836 343 652 382 4 0 1 1644501953 853170 360000.000000 4 3
868 409 664 452 4 0 1 1644501943 853170 540000.000000 4 3
862 374 658 417 4 0 1 1644501943 853170 540000.000000 4 3
856 339 652 382 4 0 1 1644501943 853170 540000.000000 4 3
878 407 664 452 4 0 1 1644501964 427588 0.000000 4 3
872 372 658 417 4 0 1 1644501964 427589 0.000000 4 3
866 337 652 382 4 0 1 1644501964 427590 0.000000 4 3
928 397 664 452 4 0 1 1644501964 427614 180000.000000 4 3
922 362 658 417 4 0 1 1644501964 427614 180000.000000 4 3
916 327 652 382 4 0 1 1644501964 427614 180000.000000 4 3
978 387 664 452 4 0 1 1644501964 427614 360000.000000 4 3
972 352 658 417 4 0 1 1644501964 427614 360000.000000 4 3
966 317 652 382 4 0 1 1644501964 427614 360000.000000 4 3
1028 382 664 452 4 0 0 1644501959 427614 540000.000000 4 3
1022 347 658 417 4 0 0 1644501959 427614 540000.000000 4 3
1062 312 1305 592 4 0 0 1644501975 136768 0.000000 4 8
982 382 1225 662 4 0 0 1644501975 136768 0.000000 4 8
1022 347 1265 627 4 0 0 1644501975 136768 0.000000 4 8
1062 312 1305 592 4 0 0 1644501975 136768 180000.000000 4 8
982 382 1225 662 4 0 0 1644501975 136768 180000.000000 4 8
1022 347 1265 627 4 0 0 1644501975 136768 180000.000000 4 8
1062 312 1305 592 4 0 0 1644501975 136768 360000.000000 4 8
982 382 1225 662 4 0 0 1644501975 136768 360000.000000 4 8
1022 347 1265 627 4 0 0 1644501975 136768 360000.000000 4 8
1062 312 1305 592 4 0 0 1644501975 136769 540000.000000 4 8
982 382 1225 662 4 0 0 1644501975 136769 540000.000000 4 8
1022 347 1265 627 4 0 0 1644501976 20107 0.000000 4 8
1062 312 1305 592 4 0 0 1644501977 40585 0.000000 4 8
982 382 1225 662 4 0 0 1644501978 27217 0.000000 4 8
1022 347 1265 627 4 0 0 1644501979 49534 0.000000 4 8
10 2 20 0 0 0 0
1 10
1 9
10 2 20 0 0 0 0
5 9
4 8
10 2 20 0 0 0 1
6 10
6 9
10 2 14 0 0 0 0
4 6
5 5
10 3 20 0 0 0 0
0 10
0 9
0 8
10 2 20 0 0 0 0
3 10
3 9
10 1 20 0 0 0 0
5 0
10 1 7 0 0 0 0
0 7
13
2 492 496 1 1 1644501954 296217 0.000000 3
2 1277 618 0 0 0 0 0.000000 0
2 1531 559 1 1 1644501959 361330 0.000000 2
2 518 601 0 0 0 0 0.000000 0
2 431 444 1 1 1644501964 971029 0.000000 3
2 407 562 0 0 0 0 0.000000 0
2 1022 576 0 0 0 0 0.000000 0
2 213 752 0 0 0 0 0.000000 0
2 847 891 0 0 0 0 0.000000 0
2 433 485 0 0 0 0 0.000000 0
2 1556 779 0 0 0 0 0.000000 0
2 1581 401 0 0 0 0 0.000000 0
2 1119 443 0 0 0 0 0.000000 0
0 1 0 -1 -1 1
0 1 0 -1 -1 1
0 1 0 -1 -1 1
0 1 10 2 4 1
0 1 0 -1 -1 1
0
