arya                            
8 50 20 10 0 1
7 9 127 199 4 1 13
248 269 0 0 0 0
491 269 0 0 0 0
734 269 1 0 1 1
977 269 1 11 0 1
1220 269 1 11 0 1
1463 269 0 0 0 0
1706 269 1 7 1 1
127 339 0 0 0 0
370 339 0 0 0 0
613 339 0 0 0 0
856 339 1 0 0 1
1099 339 1 11 1 1
1342 339 0 0 0 0
1585 339 1 5 0 1
248 409 1 1 1 1
491 409 0 0 0 0
734 409 0 0 0 0
977 409 0 0 0 0
1220 409 1 11 0 1
1463 409 0 0 0 0
1706 409 0 0 0 0
127 479 0 0 0 0
370 479 0 0 0 0
613 479 1 0 0 0
856 479 0 0 0 0
1099 479 0 0 0 0
1342 479 1 8 0 1
1585 479 1 5 1 1
248 549 0 0 0 0
491 549 0 0 0 0
734 549 0 0 0 0
977 549 1 10 1 1
1220 549 0 0 0 0
1463 549 1 5 0 1
1706 549 0 0 0 0
127 619 0 0 0 0
370 619 1 3 1 1
613 619 1 0 0 0
856 619 0 0 0 0
1099 619 1 10 0 1
1342 619 1 8 1 1
1585 619 1 5 0 1
248 689 1 3 0 1
491 689 0 0 0 0
734 689 0 0 0 0
977 689 0 0 0 0
1220 689 0 0 0 0
1463 689 1 6 0 1
1706 689 0 0 0 0
127 759 1 12 0 1
370 759 1 3 0 1
613 759 0 0 0 0
856 759 1 4 0 1
1099 759 1 2 0 1
1342 759 0 0 0 0
1585 759 1 6 1 1
248 829 1 12 1 1
491 829 1 9 1 1
734 829 1 4 1 1
977 829 0 0 0 0
1220 829 1 2 1 1
1463 829 1 6 0 1
1706 829 1 6 0 1
0 2 32 0 0 0 0
2 0
3 1
4 1 0 0 53 0 1
0 2
376 678 391 704 1 1 1 1644506684 700863 0.000000 1 3
388 595 431 669 1 1 1 1644506684 700864 0.000000 1 3
451 600 471 634 1 1 1 1644506684 700864 0.000000 1 3
376 678 391 704 1 1 1 1644506684 700864 180000.000000 1 3
416 643 431 669 1 1 1 1644506684 700864 180000.000000 1 3
451 600 471 634 1 1 1 1644506684 700864 180000.000000 1 3
376 678 391 704 1 1 1 1644506684 700864 360000.000000 1 3
416 643 431 669 1 1 1 1644506684 700864 360000.000000 1 3
456 608 471 634 1 1 1 1644506684 700864 360000.000000 1 3
376 678 391 704 1 1 1 1644506684 700864 540000.000000 1 3
416 643 431 669 1 1 1 1644506684 700864 540000.000000 1 3
456 608 471 634 1 1 1 1644506684 700864 540000.000000 1 3
376 678 391 704 1 1 1 1644506684 700864 720000.000000 1 3
416 643 431 669 1 1 1 1644506684 700864 720000.000000 1 3
456 608 471 634 1 1 1 1644506684 700864 720000.000000 1 3
376 678 391 704 1 1 1 1644506685 483440 0.000000 1 3
416 643 431 669 1 1 1 1644506686 27588 0.000000 1 3
451 600 471 634 1 1 1 1644506687 12869 0.000000 1 3
303 497 1266 914 1 1 1 1644506690 38890 0.000000 1 2
318 462 1281 879 1 1 1 1644506690 38890 0.000000 1 2
1269 832 1296 844 4 1 1 1644506690 211397 0.000000 1 2
1239 902 1266 914 4 1 1 1644506690 922999 0.000000 1 2
1254 867 1281 879 4 1 1 1644506691 26808 0.000000 1 2
1035 730 1296 844 4 1 1 1644506692 44957 0.000000 1 2
1239 902 1266 914 4 1 1 1644506692 181792 0.000000 1 2
1254 867 1281 879 4 1 1 1644506693 31658 0.000000 1 2
1269 832 1296 844 4 1 1 1644506693 31658 0.000000 1 2
1239 902 1266 914 4 1 1 1644506693 31659 0.000000 1 2
1254 867 1281 879 4 1 1 1644506693 303852 0.000000 1 2
1386 629 1409 634 4 1 1 1644506694 17227 0.000000 1 8
1374 699 1397 704 4 1 1 1644506694 17227 0.000000 1 8
1380 664 1403 669 4 1 1 1644506694 17227 0.000000 1 8
981 349 1764 284 4 1 1 1644506695 36831 0.000000 1 7
1014 416 1770 354 4 1 1 1644506695 36832 0.000000 1 7
984 384 1767 319 4 1 1 1644506695 36832 0.000000 1 7
864 362 1764 284 4 1 1 1644506696 23105 0.000000 1 7
1672 354 1770 354 4 0 1 1644506696 23105 0.000000 1 7
1669 319 1767 319 4 0 1 1644506696 23105 0.000000 1 7
1386 304 1764 284 4 0 1 1644506697 43318 0.000000 1 7
1392 374 1770 354 4 0 1 1644506697 43319 0.000000 1 7
1389 339 1767 319 4 0 1 1644506697 43319 0.000000 1 7
1125 333 1764 284 4 0 1 1644506698 29365 0.000000 1 7
1131 403 1770 354 4 0 1 1644506698 29365 0.000000 1 7
1128 368 1767 319 4 0 1 1644506698 29365 0.000000 1 7
756 500 1409 634 4 0 1 1644506699 456973 0.000000 1 8
744 570 1397 704 4 0 1 1644506699 456973 0.000000 1 8
750 535 1403 669 4 0 1 1644506699 456978 0.000000 1 8
603 469 1409 634 4 0 1 1644506700 35572 0.000000 1 8
591 539 1397 704 4 0 1 1644506700 35572 0.000000 1 8
597 504 1403 669 4 0 1 1644506700 35572 0.000000 1 8
337 424 1647 494 4 0 1 1644506701 21092 0.000000 1 5
335 494 1645 564 4 0 1 1644506701 21092 0.000000 1 5
336 459 1646 529 4 0 1 1644506701 21092 0.000000 1 5
4 2 0 0 59 0 0
4 8
4 7
1063 851 423 704 2 1 1 1644506684 700864 0.000000 2 3
1031 804 431 669 2 1 1 1644506684 700865 0.000000 2 3
679 683 439 634 2 1 1 1644506684 700865 0.000000 2 3
1083 857 423 704 2 1 1 1644506684 700865 180000.000000 2 3
1031 804 431 669 2 1 1 1644506684 700869 180000.000000 2 3
669 680 439 634 2 1 1 1644506684 700869 180000.000000 2 3
1093 860 423 704 2 1 1 1644506684 700869 360000.000000 2 3
1031 804 431 669 2 1 1 1644506684 700869 360000.000000 2 3
489 644 439 634 2 1 1 1644506684 700869 360000.000000 2 3
1113 866 423 704 2 1 1 1644506684 700869 540000.000000 2 3
1021 801 431 669 2 1 1 1644506684 700870 540000.000000 2 3
469 640 439 634 2 1 1 1644506684 700870 540000.000000 2 3
1133 872 423 704 2 1 1 1644506684 700870 720000.000000 2 3
1101 825 431 669 2 1 1 1644506684 700870 720000.000000 2 3
609 668 439 634 2 1 1 1644506684 700870 720000.000000 2 3
356 521 294 494 4 1 1 1644506686 978764 0.000000 2 1
371 486 309 459 4 1 1 1644506686 978765 0.000000 2 1
346 433 324 424 4 1 1 1644506686 978765 0.000000 2 1
546 604 294 494 4 1 1 1644506688 950747 0.000000 2 1
331 468 309 459 4 1 1 1644506688 950748 0.000000 2 1
346 433 324 424 4 1 1 1644506690 73201 0.000000 2 1
576 617 294 494 4 1 1 1644506690 73201 0.000000 2 1
971 879 795 879 4 1 1 1644506691 161893 0.000000 2 4
821 844 795 844 4 1 1 1644506692 44958 0.000000 2 4
453 710 423 704 4 1 1 1644506693 31659 0.000000 2 3
461 675 431 669 4 1 1 1644506693 31659 0.000000 2 3
999 757 439 634 4 1 1 1644506693 31659 0.000000 2 3
821 914 795 914 4 1 1 1644506693 779349 0.000000 2 4
821 879 795 879 4 1 1 1644506694 17228 0.000000 2 4
821 844 795 844 4 1 1 1644506694 17228 0.000000 2 4
821 914 795 914 4 1 1 1644506694 17228 0.000000 2 4
821 879 795 879 4 1 1 1644506694 492523 0.000000 2 4
821 844 795 844 4 1 1 1644506694 595986 0.000000 2 4
1748 408 1807 354 4 1 1 1644506695 36832 0.000000 2 7
1694 387 1767 319 4 1 1 1644506695 36832 0.000000 2 7
1668 338 1727 284 4 1 1 1644506695 36832 0.000000 2 7
1755 401 1807 354 4 1 1 1644506695 819213 0.000000 2 7
1708 373 1767 319 4 1 1 1644506696 23105 0.000000 2 7
1675 331 1727 284 4 1 1 1644506696 23105 0.000000 2 7
1748 408 1807 354 4 1 1 1644506696 23105 0.000000 2 7
1743 338 1767 319 4 1 1 1644506696 738466 0.000000 2 7
1703 303 1727 284 4 1 1 1644506696 738466 0.000000 2 7
1783 373 1807 354 4 1 1 1644506696 738467 0.000000 2 7
1743 338 1767 319 4 1 1 1644506697 43319 0.000000 2 7
1703 303 1727 284 4 1 1 1644506697 43319 0.000000 2 7
1783 373 1807 354 4 1 1 1644506697 43319 0.000000 2 7
1743 338 1767 319 4 1 1 1644506697 43319 180000.000000 2 7
1703 303 1727 284 4 1 1 1644506698 29365 0.000000 2 7
1783 373 1807 354 4 1 1 1644506698 29366 0.000000 2 7
1743 338 1767 319 4 1 1 1644506698 29366 0.000000 2 7
1608 776 1640 774 4 1 1 1644506699 15443 0.000000 2 6
1620 846 1652 844 4 1 1 1644506699 15443 0.000000 2 6
1614 811 1646 809 4 1 1 1644506699 15443 0.000000 2 6
1563 781 1640 774 4 0 1 1644506700 35571 0.000000 2 6
1575 851 1652 844 4 0 1 1644506700 35571 0.000000 2 6
1569 816 1646 809 4 0 1 1644506700 35571 0.000000 2 6
1302 838 1640 774 4 0 1 1644506701 21090 0.000000 2 6
1314 908 1652 844 4 0 1 1644506701 21091 0.000000 2 6
1308 873 1646 809 4 0 1 1644506701 21091 0.000000 2 6
4 3 0 0 67 0 0
1 5
1 7
0 6
1745 356 1776 354 3 1 1 1644506684 700862 0.000000 3 7
1736 321 1767 319 3 1 1 1644506684 700862 0.000000 3 7
1727 286 1758 284 3 1 1 1644506684 700862 0.000000 3 7
1745 356 1776 354 3 1 1 1644506684 700862 180000.000000 3 7
1736 321 1767 319 3 1 1 1644506684 700862 180000.000000 3 7
1727 286 1758 284 3 1 1 1644506684 700862 180000.000000 3 7
1745 356 1776 354 3 1 1 1644506684 700862 360000.000000 3 7
1736 321 1767 319 3 1 1 1644506684 700862 360000.000000 3 7
1727 286 1758 284 3 1 1 1644506684 700862 360000.000000 3 7
1745 356 1776 354 3 1 1 1644506684 700862 540000.000000 3 7
1736 321 1767 319 3 1 1 1644506684 700862 540000.000000 3 7
431 631 1758 284 3 1 1 1644506684 700862 540000.000000 3 7
467 695 1776 354 3 1 1 1644506684 700862 720000.000000 3 7
476 654 1767 319 3 1 1 1644506684 700862 720000.000000 3 7
422 634 1758 284 3 1 1 1644506684 700862 720000.000000 3 7
1745 356 1776 354 3 1 1 1644506685 41270 0.000000 3 7
431 669 1767 319 1 1 1 1644506685 483439 0.000000 3 7
1727 286 1758 284 1 1 1 1644506685 653135 0.000000 3 7
1745 356 1776 354 1 1 1 1644506685 653135 0.000000 3 7
1736 321 1767 319 1 1 1 1644506685 822787 0.000000 3 7
1727 286 1758 284 1 1 1 1644506685 822787 0.000000 3 7
1745 356 1776 354 1 1 1 1644506685 822787 0.000000 3 7
1736 321 1767 319 1 1 1 1644506685 992722 0.000000 3 7
1727 286 1758 284 1 1 1 1644506685 992722 0.000000 3 7
647 635 1776 354 1 1 1 1644506685 992722 0.000000 3 7
1736 321 1767 319 1 1 1 1644506686 27587 0.000000 3 7
1727 286 1758 284 1 1 1 1644506686 198287 0.000000 3 7
638 638 1776 354 1 1 1 1644506686 198293 0.000000 3 7
1736 321 1767 319 1 1 1 1644506686 198293 0.000000 3 7
1727 286 1758 284 1 1 1 1644506686 266467 0.000000 3 7
594 742 1273 914 1 1 1 1644506690 38890 0.000000 3 2
449 673 1281 879 1 1 1 1644506690 38890 0.000000 3 2
628 676 1289 844 1 1 1 1644506690 38890 0.000000 3 2
954 822 1273 914 1 1 1 1644506690 38891 180000.000000 3 2
503 645 1767 319 1 1 1 1644506691 127671 0.000000 3 7
521 601 1758 284 1 1 1 1644506692 44957 0.000000 3 7
1745 356 1776 354 1 1 1 1644506693 31658 0.000000 3 7
467 657 1767 319 1 1 1 1644506694 17228 0.000000 3 7
787 828 815 844 4 1 1 1644506694 324549 0.000000 3 4
747 898 775 914 4 1 1 1644506694 324549 0.000000 3 4
1736 321 1767 319 4 1 1 1644506695 36832 0.000000 3 7
1043 429 1758 284 4 1 1 1644506695 36832 0.000000 3 7
1745 356 1776 354 4 1 1 1644506695 36832 0.000000 3 7
767 863 795 879 4 1 1 1644506695 310056 0.000000 3 4
787 828 815 844 4 1 1 1644506695 310056 0.000000 3 4
747 898 775 914 4 1 1 1644506695 310056 0.000000 3 4
1736 321 1767 319 4 1 1 1644506695 581310 0.000000 3 7
1232 387 1758 284 4 1 1 1644506695 819214 0.000000 3 7
1745 356 1776 354 4 1 1 1644506695 819214 0.000000 3 7
1736 321 1767 319 4 1 1 1644506696 23105 0.000000 3 7
1232 387 1758 284 4 1 1 1644506696 23105 0.000000 3 7
1745 356 1776 354 4 1 1 1644506696 23105 0.000000 3 7
1511 362 1767 319 4 0 1 1644506697 43319 0.000000 3 7
1502 327 1758 284 4 0 1 1644506697 43319 0.000000 3 7
1520 397 1776 354 4 0 1 1644506697 43319 0.000000 3 7
1250 420 1767 319 4 0 1 1644506698 29366 0.000000 3 7
1241 385 1758 284 4 0 1 1644506698 29366 0.000000 3 7
1259 455 1776 354 4 0 1 1644506698 29366 0.000000 3 7
921 669 1403 669 4 0 1 1644506699 456978 0.000000 3 8
921 634 1403 634 4 0 1 1644506699 456978 0.000000 3 8
921 704 1403 704 4 0 1 1644506699 456978 0.000000 3 8
751 669 1403 669 4 0 1 1644506700 35573 0.000000 3 8
751 634 1403 634 4 0 1 1644506700 35573 0.000000 3 8
751 704 1403 704 4 0 1 1644506700 35573 0.000000 3 8
458 663 1646 529 4 0 1 1644506701 21092 0.000000 3 5
454 628 1642 494 4 0 1 1644506701 21092 0.000000 3 5
462 698 1650 564 4 0 1 1644506701 21092 0.000000 3 5
4 2 0 0 62 0 0
2 8
3 7
1075 914 1281 914 4 1 1 1644506684 700870 0.000000 4 2
1035 879 1281 879 4 1 1 1644506684 700870 0.000000 4 2
1005 844 1281 844 4 1 1 1644506684 700870 0.000000 4 2
1095 914 1281 914 4 1 1 1644506684 700870 180000.000000 4 2
1055 879 1281 879 4 1 1 1644506684 700870 180000.000000 4 2
995 844 1281 844 4 1 1 1644506684 700870 180000.000000 4 2
1255 914 1281 914 4 1 1 1644506684 700870 360000.000000 4 2
1075 879 1281 879 4 1 1 1644506684 700870 360000.000000 4 2
995 844 1281 844 4 1 1 1644506684 700870 360000.000000 4 2
1255 914 1281 914 4 1 1 1644506684 700870 540000.000000 4 2
1255 879 1281 879 4 1 1 1644506684 700870 540000.000000 4 2
995 844 1281 844 4 1 1 1644506684 700870 540000.000000 4 2
1255 914 1281 914 4 1 1 1644506684 700871 720000.000000 4 2
1255 879 1281 879 4 1 1 1644506684 700871 720000.000000 4 2
985 844 1281 844 4 1 1 1644506684 700871 720000.000000 4 2
300 509 279 494 4 1 1 1644506686 978765 0.000000 4 1
619 725 309 459 4 1 1 1644506686 978765 0.000000 4 1
360 439 339 424 4 1 1 1644506688 950748 0.000000 4 1
501 683 279 494 4 1 1 1644506688 950748 0.000000 4 1
651 753 309 459 4 1 1 1644506690 73201 0.000000 4 1
673 711 339 424 4 1 1 1644506690 73201 0.000000 4 1
1263 634 1787 354 4 1 1 1644506691 26807 0.000000 4 7
1115 679 1767 319 4 1 1 1644506692 44956 0.000000 4 7
518 672 451 634 4 1 1 1644506693 31659 0.000000 4 3
433 716 411 704 4 1 1 1644506693 31659 0.000000 4 3
453 681 431 669 4 1 1 1644506693 31659 0.000000 4 3
473 646 451 634 4 1 1 1644506694 17229 0.000000 4 3
433 716 411 704 4 1 1 1644506694 17229 0.000000 4 3
453 681 431 669 4 1 1 1644506694 17229 0.000000 4 3
473 646 451 634 4 1 1 1644506694 17229 180000.000000 4 3
1761 363 1787 354 4 1 1 1644506695 36832 0.000000 4 7
1741 328 1767 319 4 1 1 1644506695 36833 0.000000 4 7
1505 394 1747 284 4 1 1 1644506695 36833 0.000000 4 7
1761 363 1787 354 4 1 1 1644506695 581310 0.000000 4 7
1741 328 1767 319 4 1 1 1644506695 581310 0.000000 4 7
1721 293 1747 284 4 1 1 1644506695 581310 0.000000 4 7
1761 363 1787 354 4 1 1 1644506695 581310 180000.000000 4 7
1741 328 1767 319 4 1 1 1644506695 819214 0.000000 4 7
1721 293 1747 284 4 1 1 1644506695 819214 0.000000 4 7
1761 363 1787 354 4 1 1 1644506696 23105 0.000000 4 7
1741 328 1767 319 4 1 1 1644506696 23106 0.000000 4 7
1721 293 1747 284 4 1 1 1644506696 23106 0.000000 4 7
1761 363 1787 354 4 1 1 1644506696 738467 0.000000 4 7
1741 328 1767 319 4 1 1 1644506696 738467 0.000000 4 7
1721 293 1747 284 4 1 1 1644506696 738467 0.000000 4 7
1761 363 1787 354 4 1 1 1644506696 738467 180000.000000 4 7
1741 328 1767 319 4 1 1 1644506696 738467 180000.000000 4 7
1721 293 1747 284 4 1 1 1644506697 43319 0.000000 4 7
1761 363 1787 354 4 1 1 1644506697 43319 0.000000 4 7
1741 328 1767 319 4 1 1 1644506697 43319 0.000000 4 7
1514 389 1747 284 4 0 1 1644506698 29366 0.000000 4 7
1554 459 1787 354 4 0 1 1644506698 29366 0.000000 4 7
1534 424 1767 319 4 0 1 1644506698 29366 0.000000 4 7
1224 680 1391 634 4 0 1 1644506699 456978 0.000000 4 8
1248 750 1415 704 4 0 1 1644506699 456978 0.000000 4 8
1236 715 1403 669 4 0 1 1644506699 456979 0.000000 4 8
1071 731 1391 634 4 0 1 1644506700 35573 0.000000 4 8
1095 801 1415 704 4 0 1 1644506700 35573 0.000000 4 8
1083 766 1403 669 4 0 1 1644506700 35573 0.000000 4 8
808 832 1632 494 4 0 1 1644506701 21092 0.000000 4 5
836 902 1660 564 4 0 1 1644506701 21092 0.000000 4 5
822 867 1646 529 4 0 1 1644506701 21092 0.000000 4 5
10 4 20 0 0 0 1
6 3
6 5
6 1
5 4
10 4 17 0 0 0 1
6 7
6 8
5 8
5 6
4 1 15 15 63 1 0
6 0
1319 613 815 914 1 1 1 1644506691 127670 0.000000 7 4
1164 653 795 879 1 1 1 1644506691 127670 0.000000 7 4
1000 698 775 844 1 1 1 1644506691 195912 0.000000 7 4
1085 743 815 914 1 1 1 1644506692 44956 0.000000 7 4
1037 385 309 459 1 1 1 1644506695 71625 0.000000 7 1
1034 350 306 424 1 1 1 1644506695 71625 0.000000 7 1
1100 414 312 494 1 1 1 1644506695 71625 0.000000 7 1
1057 383 309 459 1 1 1 1644506695 71625 180000.000000 7 1
914 362 306 424 1 1 1 1644506695 71625 180000.000000 7 1
1740 354 312 494 1 1 1 1644506697 76858 0.000000 7 1
1717 319 309 459 1 1 1 1644506697 76858 0.000000 7 1
1244 329 306 424 1 1 1 1644506697 76858 0.000000 7 1
1770 354 312 494 1 1 1 1644506697 76858 180000.000000 7 1
1517 337 309 459 1 1 1 1644506697 76858 180000.000000 7 1
1234 330 306 424 1 1 1 1644506697 76858 180000.000000 7 1
1770 354 312 494 1 1 1 1644506698 63469 0.000000 7 1
1717 319 309 459 1 1 1 1644506698 63469 0.000000 7 1
1704 284 306 424 1 1 1 1644506698 63469 0.000000 7 1
1770 354 312 494 1 1 1 1644506698 63469 180000.000000 7 1
1423 644 1403 669 4 1 1 1644506699 456979 0.000000 7 8
1390 609 1370 634 4 1 1 1644506699 456979 0.000000 7 8
1456 679 1436 704 4 1 1 1644506699 456979 0.000000 7 8
1444 623 1403 669 4 0 1 1644506699 456979 180000.000000 7 8
1411 588 1370 634 4 0 1 1644506699 456979 180000.000000 7 8
1477 658 1436 704 4 0 1 1644506699 456979 180000.000000 7 8
1479 588 1403 669 4 0 1 1644506699 456979 360000.000000 7 8
1446 553 1370 634 4 0 1 1644506699 456979 360000.000000 7 8
1512 623 1436 704 4 0 1 1644506699 456979 360000.000000 7 8
1514 553 1403 669 4 0 1 1644506699 456979 540000.000000 7 8
1481 518 1370 634 4 0 1 1644506699 456979 540000.000000 7 8
1547 588 1436 704 4 0 1 1644506699 456979 540000.000000 7 8
1556 511 1403 669 4 0 1 1644506699 456979 720000.000000 7 8
1523 476 1370 634 4 0 1 1644506699 456979 720000.000000 7 8
1561 574 1436 704 4 0 1 1644506700 35573 0.000000 7 8
1528 539 1403 669 4 0 1 1644506700 35573 0.000000 7 8
1495 504 1370 634 4 0 1 1644506700 35573 0.000000 7 8
1596 539 1436 704 4 0 1 1644506700 35573 180000.000000 7 8
1563 504 1403 669 4 0 1 1644506700 35573 180000.000000 7 8
1530 469 1370 634 4 0 1 1644506700 35573 180000.000000 7 8
1631 504 1436 704 4 0 1 1644506700 35573 360000.000000 7 8
1598 469 1403 669 4 0 1 1644506700 35573 360000.000000 7 8
1565 434 1370 634 4 0 1 1644506700 35573 360000.000000 7 8
1666 469 1436 704 4 0 1 1644506700 35573 540000.000000 7 8
1633 434 1403 669 4 0 1 1644506700 35573 540000.000000 7 8
1600 399 1370 634 4 0 1 1644506700 35574 540000.000000 7 8
1792 378 1686 564 4 0 1 1644506701 21092 0.000000 7 5
1752 343 1646 529 4 0 1 1644506701 21092 0.000000 7 5
1712 308 1606 494 4 0 1 1644506701 21093 0.000000 7 5
1807 354 1686 564 4 0 0 1644506701 21093 180000.000000 7 5
1767 319 1646 529 4 0 0 1644506701 21093 180000.000000 7 5
1727 284 1606 494 4 0 0 1644506701 21093 180000.000000 7 5
1807 354 1686 564 4 0 0 1644506701 21093 360000.000000 7 5
1767 319 1646 529 4 0 0 1644506701 21093 360000.000000 7 5
1727 284 1606 494 4 0 0 1644506701 21093 360000.000000 7 5
1807 354 1686 564 4 0 0 1644506701 21097 540000.000000 7 5
1767 319 1646 529 4 0 0 1644506701 21097 540000.000000 7 5
1727 284 1606 494 4 0 0 1644506701 21097 540000.000000 7 5
1807 354 1686 564 4 0 0 1644506701 21097 720000.000000 7 5
1767 319 1646 529 4 0 0 1644506701 21097 720000.000000 7 5
1727 284 1606 494 4 0 0 1644506701 21097 720000.000000 7 5
1807 354 1686 564 4 0 0 1644506701 21098 900000.000000 7 5
1767 319 1646 529 4 0 0 1644506701 21098 900000.000000 7 5
1727 284 1606 494 4 0 0 1644506701 21098 900000.000000 7 5
10 2 14 0 0 0 1
5 5
5 3
10 1 20 0 0 0 0
1 8
10 2 20 0 0 0 0
3 4
4 5
10 4 20 0 0 0 0
4 1
4 2
4 0
3 0
10 2 20 0 0 0 0
0 8
0 7
5
3 925 523 1 1 1644506686 333566 0.000000 3
3 1602 538 1 0 1644506697 688977 0.000000 4
3 1222 616 1 1 1644506692 623015 0.000000 4
3 768 531 1 1 1644506694 188049 0.000000 1
3 1554 810 0 0 0 0 0.000000 0
0 1 10 -1 -1 1
0 1 10 -1 -1 1
0 1 10 -1 -1 1
0 1 10 -1 -1 1
0 1 10 -1 1 3
0
