arya                            
8 50 20 10 0 1
7 9 115 195 4 1 13
236 265 0 10 1 0
479 265 1 7 0 1
722 265 0 0 0 0
965 265 1 5 1 1
1208 265 0 0 0 0
1451 265 1 0 0 1
1694 265 1 11 1 1
115 335 0 0 0 0
358 335 0 0 0 0
601 335 1 7 1 1
844 335 0 6 1 0
1087 335 1 5 0 1
1330 335 0 0 0 0
1573 335 0 3 0 0
236 405 0 0 0 0
479 405 0 0 0 0
722 405 1 7 0 1
965 405 0 6 0 0
1208 405 1 10 1 1
1451 405 1 0 1 1
1694 405 1 3 0 1
115 475 1 2 1 1
358 475 1 4 0 1
601 475 1 4 0 1
844 475 0 6 0 0
1087 475 0 4 0 0
1330 475 1 0 0 1
1573 475 1 0 0 1
236 545 1 2 0 1
479 545 1 4 1 1
722 545 1 8 1 1
965 545 0 4 0 0
1208 545 0 0 0 0
1451 545 1 0 0 1
1694 545 1 3 1 1
115 615 0 7 1 0
358 615 0 2 1 0
601 615 0 0 0 0
844 615 0 0 0 0
1087 615 0 4 1 0
1330 615 0 11 1 0
1573 615 0 0 1 0
236 685 1 12 0 1
479 685 0 0 0 0
722 685 0 0 0 0
965 685 1 1 1 1
1208 685 0 4 0 0
1451 685 1 9 0 1
1694 685 1 3 0 1
115 755 1 12 1 1
358 755 0 2 0 0
601 755 1 6 1 1
844 755 0 0 0 0
1087 755 0 4 0 0
1330 755 0 0 0 0
1573 755 0 0 0 0
236 825 0 1 0 0
479 825 1 6 0 1
722 825 0 0 0 0
965 825 0 8 0 0
1208 825 0 0 0 0
1451 825 1 9 1 1
1694 825 0 0 0 0
0 5 10 0 0 0 0
5 2
5 3
5 4
5 0
6 3
1 1 10 0 0 0 0
3 6
2 2 10 0 0 0 0
0 3
0 4
3 3 10 0 0 0 0
6 4
6 6
6 2
4 3 10 0 0 0 0
1 4
1 3
2 3
10 2 20 0 0 0 0
3 0
4 1
10 2 20 0 0 0 0
2 7
1 8
10 3 20 0 0 0 0
2 1
2 2
1 0
10 1 20 0 0 0 0
2 4
10 2 20 0 0 0 0
5 8
5 6
10 1 20 0 0 0 0
4 2
10 1 20 0 0 0 0
6 0
10 2 20 0 0 0 0
0 7
0 6
0
0 1 10 -1 -1 1
0 1 10 -1 -1 1
0 1 10 -1 -1 1
0 1 10 -1 -1 1
0 1 10 -1 -1 1
0
