arya
8 50 20 10 0 1
7 11 111 87 4 1 13
232 157 0 0 0 0
475 157 1 1 1 1
718 157 0 0 0 0
961 157 1 4 0 1
1204 157 0 0 0 0
1447 157 1 11 1 1
1690 157 0 0 0 0
111 227 0 0 0 0
354 227 1 1 0 1
597 227 0 0 0 0
840 227 1 4 0 1
1083 227 1 4 0 1
1326 227 0 0 0 0
1569 227 0 0 0 0
232 297 0 0 0 0
475 297 0 0 0 0
718 297 1 3 0 1
961 297 1 4 1 1
1204 297 1 0 0 0
1447 297 0 0 0 0
1690 297 1 0 0 0
111 367 1 0 0 1
354 367 1 0 0 1
597 367 1 3 1 1
840 367 0 0 0 0
1083 367 0 0 0 0
1326 367 0 0 0 0
1569 367 1 2 0 1
232 437 1 0 1 1
475 437 1 3 0 1
718 437 0 0 0 0
961 437 1 4 0 1
1204 437 0 0 0 0
1447 437 0 0 0 0
1690 437 0 0 0 0
111 507 0 0 0 0
354 507 1 0 0 1
597 507 1 3 0 1
840 507 0 0 0 0
1083 507 0 0 0 0
1326 507 1 8 0 1
1569 507 1 2 1 1
232 577 0 0 0 0
475 577 1 0 0 0
718 577 0 0 0 0
961 577 0 0 0 0
1204 577 1 8 1 1
1447 577 1 2 0 1
1690 577 1 2 0 1
111 647 1 12 1 1
354 647 1 0 0 0
597 647 0 0 0 0
840 647 0 0 0 0
1083 647 0 0 0 0
1326 647 0 0 0 0
1569 647 1 2 0 1
232 717 1 9 0 1
475 717 0 0 0 0
718 717 0 0 0 0
961 717 0 0 0 0
1204 717 1 6 0 1
1447 717 0 0 0 0
1690 717 0 0 0 0
111 787 1 9 0 1
354 787 1 5 0 1
597 787 0 0 0 0
840 787 1 10 0 1
1083 787 0 0 0 0
1326 787 1 6 1 1
1569 787 1 7 0 1
232 857 1 9 1 1
475 857 1 5 1 1
718 857 0 0 0 0
961 857 1 10 1 1
1204 857 0 0 0 0
1447 857 0 0 0 0
1690 857 1 7 1 1
0 4 49 0 0 0 0
0 4
0 3
1 5
1 3
1 2 16 16 49 1 1
1 0
1 1
634 266 1012 382 1 1 1 1644503218 698812 0.000000 1 4
644 231 1022 347 1 1 1 1644503218 698812 0.000000 1 4
654 196 1032 312 1 0 1 1644503218 698812 0.000000 1 4
598 258 1012 382 1 1 1 1644503223 698812 180000.000000 1 4
608 223 1022 347 1 1 1 1644503223 698813 180000.000000 1 4
618 188 1032 312 1 0 1 1644503223 698813 180000.000000 1 4
553 248 1012 382 1 1 1 1644503223 698813 360000.000000 1 4
563 213 1022 347 1 1 1 1644503223 698813 360000.000000 1 4
573 178 1032 312 1 0 1 1644503223 698813 360000.000000 1 4
535 244 1012 382 1 1 1 1644503233 698813 540000.000000 1 4
545 209 1022 347 1 0 1 1644503233 698813 540000.000000 1 4
564 176 1771 872 1 0 1 1644503237 840650 0.000000 1 7
524 246 1731 942 1 1 1 1644503237 840650 0.000000 1 7
544 211 1751 907 1 0 1 1644503237 840650 0.000000 1 7
564 176 1771 872 1 0 1 1644503237 840650 180000.000000 1 7
524 246 1731 942 1 1 1 1644503237 840650 180000.000000 1 7
544 211 1751 907 1 0 1 1644503237 840651 180000.000000 1 7
564 176 1771 872 1 0 1 1644503237 840651 360000.000000 1 7
524 246 1731 942 1 1 1 1644503237 840651 360000.000000 1 7
544 211 1751 907 1 0 1 1644503237 840651 360000.000000 1 7
564 176 1771 872 1 0 1 1644503237 840651 540000.000000 1 7
524 246 1731 942 1 1 1 1644503237 840651 540000.000000 1 7
544 211 1751 907 1 0 1 1644503237 840651 540000.000000 1 7
564 176 1771 872 1 0 1 1644503237 840651 720000.000000 1 7
524 246 1731 942 1 0 1 1644503237 840651 720000.000000 1 7
544 211 1751 907 1 0 1 1644503237 840651 720000.000000 1 7
564 176 1771 872 1 0 1 1644503237 840651 900000.000000 1 7
524 246 1731 942 1 0 1 1644503237 840651 900000.000000 1 7
544 211 1751 907 1 0 1 1644503237 840652 900000.000000 1 7
564 176 1771 872 1 0 1 1644503237 840652 1080000.000000 1 7
524 246 1731 942 1 0 1 1644503238 42896 0.000000 1 7
544 211 1751 907 1 0 1 1644503239 30572 0.000000 1 7
564 176 1771 872 1 0 1 1644503240 15738 0.000000 1 7
516 242 1731 942 1 0 0 1644503251 35980 0.000000 1 7
536 207 1751 907 1 0 0 1644503252 22759 0.000000 1 7
556 172 1771 872 1 0 0 1644503253 42152 0.000000 1 7
516 242 1731 942 1 0 0 1644503254 28381 0.000000 1 7
536 207 1751 907 1 0 0 1644503255 13795 0.000000 1 7
556 172 1771 872 1 0 0 1644503256 36527 0.000000 1 7
516 242 1731 942 1 0 0 1644503257 19222 0.000000 1 7
536 207 1751 907 1 0 0 1644503258 40194 0.000000 1 7
556 172 1771 872 1 0 0 1644503254 25541 0.000000 1 7
516 242 1731 942 1 0 0 1644503255 11645 0.000000 1 7
536 207 1751 907 1 0 0 1644503256 31923 0.000000 1 7
556 172 1771 872 1 0 0 1644503257 17643 0.000000 1 7
516 242 1731 942 1 0 0 1644503258 38013 0.000000 1 7
536 207 1751 907 1 0 0 1644503254 23541 0.000000 1 7
556 172 1771 872 1 0 0 1644503255 44074 0.000000 1 7
516 242 1731 942 1 0 0 1644503256 29634 0.000000 1 7
2 5 16 16 49 1 0
6 5
6 6
6 7
6 3
5 6
1498 544 1010 382 2 0 1 1644503218 698813 0.000000 2 4
1510 509 1022 347 2 0 1 1644503218 698814 0.000000 2 4
1522 474 1034 312 2 0 1 1644503218 698814 0.000000 2 4
1538 560 1010 382 2 0 1 1644503223 698814 180000.000000 2 4
1550 525 1022 347 2 0 1 1644503223 698822 180000.000000 2 4
1562 490 1034 312 2 0 1 1644503223 698822 180000.000000 2 4
1588 580 1010 382 2 0 1 1644503223 698822 360000.000000 2 4
1600 545 1022 347 2 0 1 1644503223 698822 360000.000000 2 4
1612 510 1034 312 2 0 1 1644503223 698822 360000.000000 2 4
1608 588 1010 382 2 0 1 1644503233 698822 540000.000000 2 4
1620 553 1022 347 2 0 1 1644503233 698822 540000.000000 2 4
1611 524 284 872 2 0 1 1644503235 767959 0.000000 2 9
1629 594 302 942 2 0 1 1644503235 767959 0.000000 2 9
1620 559 293 907 2 0 1 1644503235 767959 0.000000 2 9
1611 524 284 872 2 0 1 1644503235 767959 180000.000000 2 9
1629 594 302 942 2 0 1 1644503235 767959 180000.000000 2 9
1620 559 293 907 2 0 1 1644503235 767959 180000.000000 2 9
1611 524 284 872 2 0 1 1644503235 767960 360000.000000 2 9
1629 594 302 942 2 0 1 1644503235 767960 360000.000000 2 9
1620 559 293 907 2 0 1 1644503235 767960 360000.000000 2 9
1611 524 284 872 2 0 1 1644503235 767960 540000.000000 2 9
1629 594 302 942 2 0 1 1644503235 767960 540000.000000 2 9
1620 559 293 907 2 0 1 1644503235 767960 540000.000000 2 9
1611 524 284 872 2 0 1 1644503236 40252 0.000000 2 9
1629 594 302 942 2 0 1 1644503237 26425 0.000000 2 9
1620 559 293 907 2 0 1 1644503238 12977 0.000000 2 9
1611 524 284 872 2 0 1 1644503239 32565 0.000000 2 9
1629 594 302 942 2 0 1 1644503240 19847 0.000000 2 9
1620 559 293 907 2 0 1 1644503236 39135 0.000000 2 9
1611 524 284 872 2 0 1 1644503237 24524 0.000000 2 9
1629 594 302 942 2 0 1 1644503238 42897 0.000000 2 9
1620 559 293 907 2 0 1 1644503239 30573 0.000000 2 9
1611 524 284 872 2 0 1 1644503240 15739 0.000000 2 9
1639 592 302 942 2 0 0 1644503251 35981 0.000000 2 9
1630 557 293 907 2 0 0 1644503252 22759 0.000000 2 9
1621 522 284 872 2 0 0 1644503253 42153 0.000000 2 9
1639 592 302 942 2 0 0 1644503254 28382 0.000000 2 9
1630 557 293 907 2 0 0 1644503255 13796 0.000000 2 9
1621 522 284 872 2 0 0 1644503256 36528 0.000000 2 9
1639 592 302 942 2 0 0 1644503257 19223 0.000000 2 9
1630 557 293 907 2 0 0 1644503258 40194 0.000000 2 9
1621 522 284 872 2 0 0 1644503254 25542 0.000000 2 9
1639 592 302 942 2 0 0 1644503255 11646 0.000000 2 9
1630 557 293 907 2 0 0 1644503256 31923 0.000000 2 9
1621 522 284 872 2 0 0 1644503257 17643 0.000000 2 9
1639 592 302 942 2 0 0 1644503258 38027 0.000000 2 9
1630 557 293 907 2 0 0 1644503254 23541 0.000000 2 9
1621 522 284 872 2 0 0 1644503255 44074 0.000000 2 9
1639 592 302 942 2 0 0 1644503256 29634 0.000000 2 9
3 4 1 -2 46 0 0
2 3
2 2
2 5
1 4
763 430 1028 382 3 1 1 1644503218 698823 0.000000 3 4
757 395 1022 347 3 1 1 1644503218 698823 0.000000 3 4
751 360 1016 312 3 1 1 1644503218 698823 0.000000 3 4
727 438 1028 382 3 1 1 1644503223 698823 180000.000000 3 4
721 403 1022 347 3 1 1 1644503223 698823 180000.000000 3 4
715 368 1016 312 3 1 1 1644503223 698823 180000.000000 3 4
682 448 1028 382 3 1 1 1644503223 698823 360000.000000 3 4
676 413 1022 347 3 1 1 1644503223 698824 360000.000000 3 4
670 378 1016 312 3 1 1 1644503223 698824 360000.000000 3 4
997 384 1028 382 3 1 1 1644503233 698824 540000.000000 3 4
991 349 1022 347 3 1 1 1644503233 698824 540000.000000 3 4
715 368 1016 312 3 1 1 1644503221 419575 0.000000 3 4
727 438 1028 382 3 1 1 1644503221 419575 0.000000 3 4
721 403 1022 347 3 1 1 1644503221 419576 0.000000 3 4
715 368 1016 312 3 1 1 1644503222 38183 0.000000 3 4
727 438 1028 382 3 1 1 1644503223 19100 0.000000 3 4
676 413 1022 347 3 1 1 1644503224 36047 0.000000 3 4
498 841 496 872 3 1 1 1644503231 892354 0.000000 3 5
578 911 576 942 3 1 1 1644503231 892354 0.000000 3 5
538 876 536 907 3 1 1 1644503232 28624 0.000000 3 5
498 841 496 872 3 1 1 1644503233 15771 0.000000 3 5
578 911 576 942 3 1 1 1644503234 34803 0.000000 3 5
538 876 536 907 3 1 1 1644503235 20185 0.000000 3 5
498 841 496 872 3 1 1 1644503236 40253 0.000000 3 5
578 911 576 942 3 1 1 1644503237 26425 0.000000 3 5
538 876 536 907 3 1 1 1644503238 12977 0.000000 3 5
498 841 496 872 3 1 1 1644503239 32565 0.000000 3 5
578 911 576 942 3 1 1 1644503240 19847 0.000000 3 5
538 876 536 907 3 1 1 1644503236 39136 0.000000 3 5
498 841 496 872 3 1 1 1644503237 24525 0.000000 3 5
578 911 576 942 3 1 1 1644503238 42897 0.000000 3 5
538 876 536 907 3 1 1 1644503239 30573 0.000000 3 5
498 841 496 872 3 1 1 1644503240 15739 0.000000 3 5
578 911 576 942 3 1 1 1644503248 40197 0.000000 3 5
538 876 536 907 3 1 1 1644503248 40197 0.000000 3 5
498 841 496 872 3 1 1 1644503248 40197 0.000000 3 5
578 911 576 942 3 1 1 1644503248 40197 180000.000000 3 5
538 876 536 907 3 1 1 1644503248 40197 180000.000000 3 5
498 841 496 872 3 1 1 1644503248 40197 180000.000000 3 5
578 911 576 942 3 1 1 1644503248 40197 360000.000000 3 5
538 876 536 907 3 1 1 1644503248 40197 360000.000000 3 5
661 319 576 172 3 1 1 1644503252 17645 0.000000 3 1
529 299 496 242 3 1 1 1644503252 17645 0.000000 3 1
595 309 536 207 3 1 1 1644503252 17645 0.000000 3 1
640 283 576 172 3 1 1 1644503252 17645 180000.000000 3 1
1231 652 1253 662 3 1 1 1644503253 377465 0.000000 3 8
4 5 19 19 49 1 0
3 2
3 1
3 4
3 0
4 1
1062 877 1062 907 4 1 1 1644503218 698810 0.000000 4 10
1022 877 1022 907 4 1 1 1644503218 698810 0.000000 4 10
982 877 982 907 4 1 1 1644503218 698810 0.000000 4 10
1062 877 1062 907 4 1 1 1644503218 698810 180000.000000 4 10
1022 877 1022 907 4 1 1 1644503218 698810 180000.000000 4 10
982 877 982 907 4 1 1 1644503218 698810 180000.000000 4 10
1062 877 1062 907 4 1 1 1644503218 698810 360000.000000 4 10
1022 877 1022 907 4 1 1 1644503218 698810 360000.000000 4 10
982 877 982 907 4 1 1 1644503218 698811 360000.000000 4 10
1062 877 1062 907 4 1 1 1644503218 698811 540000.000000 4 10
1022 877 1022 907 4 1 1 1644503218 698811 540000.000000 4 10
806 349 652 382 4 1 1 1644503223 900234 0.000000 4 3
818 419 664 452 4 1 1 1644503223 900234 0.000000 4 3
812 384 658 417 4 1 1 1644503223 900235 0.000000 4 3
766 357 652 382 4 1 1 1644503223 900235 180000.000000 4 3
778 427 664 452 4 1 1 1644503223 900235 180000.000000 4 3
772 392 658 417 4 1 1 1644503224 36048 0.000000 4 3
766 357 652 382 4 1 1 1644503235 19849 0.000000 4 3
778 427 664 452 4 1 1 1644503235 19850 0.000000 4 3
772 392 658 417 4 1 1 1644503235 19850 0.000000 4 3
766 357 652 382 4 1 1 1644503235 19850 180000.000000 4 3
778 427 664 452 4 1 1 1644503235 19850 180000.000000 4 3
732 400 658 417 4 1 1 1644503235 19850 180000.000000 4 3
726 365 652 382 4 1 1 1644503235 19850 360000.000000 4 3
738 435 664 452 4 1 1 1644503235 19850 360000.000000 4 3
732 400 658 417 4 1 1 1644503235 19850 360000.000000 4 3
676 375 652 382 4 1 1 1644503235 19850 540000.000000 4 3
688 445 664 452 4 1 1 1644503235 19851 540000.000000 4 3
1022 347 536 907 4 0 0 1644503250 117773 0.000000 4 5
982 312 496 872 4 0 0 1644503250 117773 0.000000 4 5
1062 382 576 942 4 0 0 1644503250 117773 0.000000 4 5
1022 347 536 907 4 0 0 1644503250 117773 180000.000000 4 5
982 312 496 872 4 0 0 1644503250 117774 180000.000000 4 5
1062 382 576 942 4 0 0 1644503251 35981 0.000000 4 5
1022 347 536 907 4 0 0 1644503252 22760 0.000000 4 5
982 312 496 872 4 0 0 1644503253 42153 0.000000 4 5
1062 382 576 942 4 0 0 1644503254 28382 0.000000 4 5
1022 347 536 907 4 0 0 1644503255 13796 0.000000 4 5
982 312 496 872 4 0 0 1644503256 36529 0.000000 4 5
1062 382 576 942 4 0 0 1644503257 19223 0.000000 4 5
1022 347 536 907 4 0 0 1644503258 40195 0.000000 4 5
982 312 496 872 4 0 0 1644503254 25542 0.000000 4 5
1062 382 576 942 4 0 0 1644503255 11647 0.000000 4 5
1022 347 536 907 4 0 0 1644503256 31924 0.000000 4 5
982 312 496 872 4 0 0 1644503257 17644 0.000000 4 5
1062 382 576 942 4 0 0 1644503258 38028 0.000000 4 5
1022 347 536 907 4 0 0 1644503254 23541 0.000000 4 5
982 312 496 872 4 0 0 1644503255 44075 0.000000 4 5
1062 382 576 942 4 0 0 1644503256 29635 0.000000 4 5
3 2 4 0 7 0 0
1 10
1 9
576 267 576 207 3 1 1 1644503252 17646 0.000000 5 1
536 297 536 207 3 1 1 1644503252 17646 0.000000 5 1
496 297 496 207 3 1 1 1644503252 17646 0.000000 5 1
576 267 576 207 3 1 1 1644503252 17646 180000.000000 5 1
536 297 536 207 3 1 1 1644503252 17646 180000.000000 5 1
496 297 496 207 3 1 1 1644503252 17646 180000.000000 5 1
576 267 576 207 3 1 1 1644503252 17646 360000.000000 5 1
10 2 20 0 0 0 0
5 9
4 8
10 2 20 0 0 0 1
6 10
6 9
10 2 19 0 0 0 0
4 6
5 5
10 3 20 0 0 0 1
0 10
0 9
0 8
10 2 9 0 0 0 0
3 10
3 9
10 1 20 0 0 0 0
5 0
10 1 20 0 0 0 0
0 7
15
2 1022 426 1 1 1644503218 834762 0.000000 4
2 912 352 1 1 1644503224 104745 0.000000 4
2 905 465 0 0 0 0 0.000000 0
2 1157 747 0 0 0 0 0.000000 0
2 1058 294 1 1 1644503235 54360 0.000000 4
2 620 552 1 1 1644503248 345445 0.000000 3
2 1001 705 0 0 0 0 0.000000 0
2 803 583 0 0 0 0 0.000000 0
2 1138 457 0 0 0 0 0.000000 0
2 1046 485 0 0 0 0 0.000000 0
2 627 348 1 1 1644503240 117748 0.000000 3
2 893 416 0 0 0 0 0.000000 0
2 526 891 0 0 0 0 0.000000 0
2 785 445 1 0 1644503253 683284 0.000000 3
2 1146 867 0 0 0 0 0.000000 0
0 1 0 -1 -1 1
0 1 0 -1 -1 1
0 1 0 -1 -1 1
0 1 10 2 13 1
0 1 0 -1 -1 1
0
