arya                            
8 50 20 10 0 1
7 11 111 87 4 1 13
232 157 0 0 0 0
475 157 1 1 1 1
718 157 0 0 0 0
961 157 1 4 0 1
1204 157 0 0 0 0
1447 157 1 11 1 1
1690 157 0 0 0 0
111 227 0 0 0 0
354 227 1 1 0 1
597 227 0 0 0 0
840 227 1 4 0 1
1083 227 1 4 0 1
1326 227 0 0 0 0
1569 227 0 0 0 0
232 297 0 0 0 0
475 297 0 0 0 0
718 297 1 3 0 1
961 297 1 4 1 1
1204 297 1 0 0 0
1447 297 0 0 0 0
1690 297 1 0 0 0
111 367 1 0 0 1
354 367 1 0 0 1
597 367 1 3 1 1
840 367 0 0 0 0
1083 367 0 0 0 0
1326 367 0 0 0 0
1569 367 1 2 0 1
232 437 1 0 1 1
475 437 1 3 0 1
718 437 0 0 0 0
961 437 1 4 0 1
1204 437 0 0 0 0
1447 437 0 0 0 0
1690 437 0 0 0 0
111 507 0 0 0 0
354 507 1 0 0 1
597 507 1 3 0 1
840 507 0 0 0 0
1083 507 0 0 0 0
1326 507 1 8 0 1
1569 507 1 2 1 1
232 577 0 0 0 0
475 577 1 0 0 0
718 577 0 0 0 0
961 577 0 0 0 0
1204 577 1 8 1 1
1447 577 1 2 0 1
1690 577 1 2 0 1
111 647 1 12 1 1
354 647 1 0 0 0
597 647 0 0 0 0
840 647 0 0 0 0
1083 647 0 0 0 0
1326 647 0 0 0 0
1569 647 1 2 0 1
232 717 1 9 0 1
475 717 0 0 0 0
718 717 0 0 0 0
961 717 0 0 0 0
1204 717 1 6 0 1
1447 717 0 0 0 0
1690 717 0 0 0 0
111 787 1 9 0 1
354 787 1 5 0 1
597 787 0 0 0 0
840 787 1 10 0 1
1083 787 0 0 0 0
1326 787 1 6 1 1
1569 787 1 7 0 1
232 857 1 9 1 1
475 857 1 5 1 1
718 857 0 0 0 0
961 857 1 10 1 1
1204 857 0 0 0 0
1447 857 0 0 0 0
1690 857 1 7 1 1
0 4 10 0 0 0 0
0 4
0 3
1 5
1 3
1 2 10 0 0 0 0
1 0
1 1
2 5 10 0 0 0 0
6 5
6 6
6 7
6 3
5 6
3 4 10 0 0 0 0
2 3
2 2
2 5
1 4
4 5 10 0 0 0 0
3 2
3 1
3 4
3 0
4 1
10 2 20 0 0 0 0
1 10
1 9
10 2 20 0 0 0 0
5 9
4 8
10 2 20 0 0 0 0
6 10
6 9
10 2 20 0 0 0 0
4 6
5 5
10 3 20 0 0 0 0
0 10
0 9
0 8
10 2 20 0 0 0 0
3 10
3 9
10 1 20 0 0 0 0
5 0
10 1 20 0 0 0 0
0 7
0
0 1 10 -1 -1 1
0 1 10 -1 -1 1
0 1 10 -1 -1 1
0 1 10 -1 -1 1
0 1 10 -1 -1 1
0
