arya                            
8 50 20 10 0 1
7 11 132 103 4 1 13
253 173 0 0 0 0
496 173 0 0 0 0
739 173 1 0 0 0
982 173 0 0 0 0
1225 173 1 0 1 1
1468 173 0 0 0 0
1711 173 0 0 0 0
132 243 1 5 0 1
375 243 1 5 0 1
618 243 0 0 0 0
861 243 0 0 0 0
1104 243 1 0 0 1
1347 243 0 0 0 0
1590 243 0 0 0 0
253 313 1 5 1 1
496 313 0 0 0 0
739 313 1 0 0 0
982 313 1 3 1 1
1225 313 0 0 0 0
1468 313 1 11 1 1
1711 313 1 0 0 0
132 383 1 5 0 1
375 383 1 1 0 1
618 383 0 0 0 0
861 383 1 3 0 1
1104 383 1 3 0 1
1347 383 0 0 0 0
1590 383 1 11 0 1
253 453 1 5 0 1
496 453 1 1 1 1
739 453 1 0 0 0
982 453 1 3 0 1
1225 453 1 0 0 0
1468 453 0 0 0 0
1711 453 1 0 0 0
132 523 0 0 0 0
375 523 1 1 0 1
618 523 1 1 0 1
861 523 0 0 0 0
1104 523 0 0 0 0
1347 523 1 6 0 1
1590 523 0 0 0 0
253 593 0 0 0 0
496 593 0 0 0 0
739 593 0 0 0 0
982 593 1 10 1 1
1225 593 0 0 0 0
1468 593 1 6 1 1
1711 593 0 0 0 0
132 663 1 7 0 1
375 663 1 8 1 1
618 663 0 0 0 0
861 663 0 0 0 0
1104 663 0 0 0 0
1347 663 0 0 0 0
1590 663 1 6 0 1
253 733 1 7 0 1
496 733 0 0 0 0
739 733 0 0 0 0
982 733 0 0 0 0
1225 733 0 0 0 0
1468 733 0 0 0 0
1711 733 0 0 0 0
132 803 1 7 1 1
375 803 0 0 0 0
618 803 1 12 1 1
861 803 0 0 0 0
1104 803 1 2 1 1
1347 803 1 9 1 1
1590 803 0 0 0 0
253 873 0 0 0 0
496 873 0 0 0 0
739 873 0 0 0 0
982 873 0 0 0 0
1225 873 0 0 0 0
1468 873 0 0 0 0
1711 873 1 4 1 1
0 2 10 0 0 0 0
4 0
4 1
1 4 10 0 0 0 0
1 4
1 5
1 3
2 5
2 1 10 0 0 0 0
4 9
3 4 10 0 0 0 0
3 2
3 3
3 4
4 3
4 1 10 0 0 0 0
6 10
10 5 20 0 0 0 0
0 2
0 3
0 1
0 4
1 1
10 3 20 0 0 0 0
5 6
5 5
6 7
10 3 20 0 0 0 0
0 9
0 8
0 7
10 1 20 0 0 0 0
1 7
10 1 20 0 0 0 0
5 9
10 1 20 0 0 0 0
3 6
10 2 20 0 0 0 0
5 2
6 3
10 1 20 0 0 0 0
2 9
0
0 1 10 -1 -1 1
0 1 10 -1 -1 1
0 1 10 -1 -1 1
0 1 10 -1 -1 1
0 1 10 -1 -1 1
0
