arya                            
8 50 20 10 0 1
7 9 87 185 4 1 13
208 255 0 0 0 0
451 255 1 8 1 1
694 255 1 4 1 1
937 255 1 0 0 1
1180 255 0 0 0 0
1423 255 1 11 1 1
1666 255 0 0 0 0
87 325 1 2 0 1
330 325 1 2 1 1
573 325 1 4 0 1
816 325 1 0 0 1
1059 325 1 0 0 1
1302 325 0 8 1 0
1545 325 0 0 0 0
208 395 1 2 1 1
451 395 0 5 0 0
694 395 0 9 1 0
937 395 1 0 1 1
1180 395 1 1 0 1
1423 395 1 11 0 1
1666 395 1 12 1 1
87 465 0 2 1 0
330 465 0 0 0 0
573 465 0 4 0 0
816 465 0 0 0 0
1059 465 1 0 0 1
1302 465 1 1 0 1
1545 465 0 6 1 0
208 535 0 0 0 0
451 535 0 4 0 0
694 535 1 10 1 1
937 535 0 0 0 0
1180 535 1 1 1 1
1423 535 1 7 0 1
1666 535 1 7 0 1
87 605 1 6 1 1
330 605 0 0 0 0
573 605 0 4 1 0
816 605 0 10 1 0
1059 605 1 1 1 1
1302 605 1 1 0 1
1545 605 1 7 1 1
208 675 0 3 0 0
451 675 0 4 0 0
694 675 1 9 0 1
937 675 1 3 1 1
1180 675 0 0 0 0
1423 675 1 5 1 1
1666 675 1 7 0 1
87 745 0 0 0 0
330 745 0 0 0 0
573 745 0 0 0 0
816 745 0 10 0 0
1059 745 1 3 0 1
1302 745 1 5 1 1
1545 745 0 0 0 0
208 815 0 3 1 0
451 815 0 0 0 0
694 815 1 9 1 1
937 815 0 0 0 0
1180 815 1 5 0 1
1423 815 0 0 0 0
1666 815 0 0 1 0
0 5 10 0 0 0 0
3 2
3 1
3 0
4 3
4 1
1 5 10 0 0 0 0
4 4
4 5
4 2
5 5
5 3
2 3 10 0 0 0 0
0 2
0 1
1 1
3 2 10 0 0 0 0
3 6
4 7
4 2 10 0 0 0 0
2 0
2 1
10 3 20 0 0 0 0
5 7
5 6
4 8
10 1 20 0 0 0 0
0 5
10 4 20 0 0 0 0
6 5
6 6
6 4
5 4
10 1 20 0 0 0 0
1 0
10 2 20 0 0 0 0
2 8
2 6
10 1 20 0 0 0 0
2 4
10 2 20 0 0 0 0
5 0
5 2
10 1 20 0 0 0 0
6 2
0
0 1 10 -1 -1 1
0 1 10 -1 -1 1
0 1 10 -1 -1 1
0 1 10 -1 -1 1
0 1 10 -1 -1 1
0
