arya                            
8 50 20 10 0 1
7 11 145 90 4 1 13
266 160 1 1 0 1
509 160 0 0 0 0
752 160 0 0 0 0
995 160 0 0 0 0
1238 160 1 12 1 1
1481 160 0 0 0 0
1724 160 0 0 0 0
145 230 0 0 0 0
388 230 1 1 0 1
631 230 0 0 0 0
874 230 0 0 0 0
1117 230 1 12 0 1
1360 230 0 0 0 0
1603 230 1 10 1 1
266 300 1 1 1 1
509 300 0 0 0 0
752 300 1 7 0 1
995 300 1 6 0 1
1238 300 0 0 0 0
1481 300 1 10 0 1
1724 300 1 2 0 1
145 370 0 0 0 0
388 370 0 0 0 0
631 370 0 0 0 0
874 370 0 0 0 0
1117 370 1 6 0 1
1360 370 0 0 0 0
1603 370 0 0 0 0
266 440 0 0 0 0
509 440 0 0 0 0
752 440 1 7 1 1
995 440 1 6 1 1
1238 440 1 0 0 0
1481 440 1 11 0 1
1724 440 1 2 1 1
145 510 0 0 0 0
388 510 1 5 1 1
631 510 1 7 0 1
874 510 0 0 0 0
1117 510 0 0 0 0
1360 510 0 0 0 0
1603 510 0 0 0 0
266 580 1 4 0 1
509 580 0 0 0 0
752 580 0 0 0 0
995 580 1 6 0 1
1238 580 0 0 0 0
1481 580 1 11 1 1
1724 580 0 0 0 0
145 650 1 4 0 1
388 650 0 0 0 0
631 650 1 8 1 1
874 650 1 9 0 1
1117 650 0 0 0 0
1360 650 1 3 0 1
1603 650 0 0 0 0
266 720 1 4 1 1
509 720 1 8 0 1
752 720 0 0 0 0
995 720 1 9 0 1
1238 720 0 0 0 0
1481 720 1 3 0 1
1724 720 0 0 0 0
145 790 1 4 0 1
388 790 0 0 0 0
631 790 0 0 0 0
874 790 1 9 1 1
1117 790 0 0 0 0
1360 790 1 3 1 1
1603 790 1 0 0 1
266 860 0 0 0 0
509 860 1 0 0 0
752 860 0 0 0 0
995 860 0 0 0 0
1238 860 1 3 0 1
1481 860 0 0 0 0
1724 860 1 0 1 1
0 2 50 0 0 0 0
6 10
6 9
4 3 1 1 53 1 0
0 2
0 0
1 1
776 516 803 525 1 1 1 1644506274 34450 0.000000 1 7
786 481 813 490 1 1 1 1644506274 34451 0.000000 1 7
796 446 823 455 1 1 1 1644506274 34451 0.000000 1 7
776 516 803 525 1 1 1 1644506274 34451 180000.000000 1 7
786 481 813 490 1 1 1 1644506274 34451 180000.000000 1 7
796 446 823 455 1 1 1 1644506274 34451 180000.000000 1 7
776 516 803 525 1 1 1 1644506274 34451 360000.000000 1 7
786 481 813 490 1 1 1 1644506274 34451 360000.000000 1 7
796 446 823 455 1 1 1 1644506274 34451 360000.000000 1 7
776 516 803 525 1 1 1 1644506274 34451 540000.000000 1 7
786 481 813 490 1 1 1 1644506274 34451 540000.000000 1 7
796 446 823 455 1 1 1 1644506274 34451 540000.000000 1 7
776 516 803 525 1 1 1 1644506274 34451 720000.000000 1 7
777 478 813 490 1 1 1 1644506274 34451 720000.000000 1 7
760 435 823 455 1 1 1 1644506274 34451 720000.000000 1 7
776 516 803 525 1 1 1 1644506274 34452 900000.000000 1 7
759 473 813 490 1 1 1 1644506274 34452 900000.000000 1 7
733 426 823 455 1 1 1 1644506274 34452 900000.000000 1 7
776 516 803 525 1 1 1 1644506274 34452 1080000.000000 1 7
741 467 813 490 1 1 1 1644506274 34452 1080000.000000 1 7
715 421 823 455 1 1 1 1644506274 34452 1080000.000000 1 7
776 516 803 525 1 1 1 1644506274 34452 1260000.000000 1 7
786 481 813 490 1 1 1 1644506274 34452 1260000.000000 1 7
697 415 823 455 1 1 1 1644506274 34452 1260000.000000 1 7
1388 866 1406 875 4 1 1 1644506278 248561 0.000000 1 3
1403 831 1421 840 4 1 1 1644506278 248561 0.000000 1 3
1418 796 1436 805 4 1 1 1644506278 248561 0.000000 1 3
1757 522 1782 525 4 1 1 1644506280 51958 0.000000 1 2
1760 487 1785 490 4 1 1 1644506280 51958 0.000000 1 2
1407 791 1436 805 4 1 1 1644506281 37010 0.000000 1 3
1755 522 1782 525 4 1 1 1644506283 42923 0.000000 1 2
1758 487 1785 490 4 1 1 1644506283 42924 0.000000 1 2
796 446 823 455 4 1 1 1644506285 49619 0.000000 1 7
776 516 803 525 4 1 1 1644506285 49619 0.000000 1 7
786 481 813 490 4 1 1 1644506286 783041 0.000000 1 7
1271 175 1294 175 4 1 1 1644506290 420455 0.000000 1 12
1281 245 1304 245 4 1 1 1644506290 420455 0.000000 1 12
1276 210 1299 210 4 1 1 1644506290 420455 0.000000 1 12
1271 175 1294 175 4 1 1 1644506290 420455 180000.000000 1 12
1281 245 1304 245 4 1 1 1644506292 459617 0.000000 1 12
1276 210 1299 210 4 1 1 1644506292 459618 0.000000 1 12
1271 175 1294 175 4 1 1 1644506293 39687 0.000000 1 12
883 857 907 875 4 1 1 1644506294 465843 0.000000 1 9
911 822 935 840 4 1 1 1644506296 31907 0.000000 1 9
939 787 963 805 4 1 1 1644506296 31907 0.000000 1 9
883 857 907 875 4 1 1 1644506297 118887 0.000000 1 9
434 534 449 560 4 1 1 1644506298 681959 0.000000 1 5
474 499 489 525 4 1 1 1644506299 839854 0.000000 1 5
394 569 409 595 4 1 1 1644506300 926744 0.000000 1 5
434 534 449 560 4 1 1 1644506301 29296 0.000000 1 5
951 432 1062 455 4 0 1 1644506302 15727 0.000000 1 6
642 441 1050 525 4 0 1 1644506303 137298 0.000000 1 6
327 350 1056 490 4 0 0 1644506304 124135 0.000000 1 6
4 2 1 1 72 1 0
6 4
6 2
812 428 324 385 2 1 1 1644506274 34452 0.000000 2 1
775 389 327 350 2 1 1 1644506274 34452 0.000000 2 1
358 316 330 315 2 1 1 1644506274 34452 0.000000 2 1
802 427 324 385 2 1 1 1644506274 34452 180000.000000 2 1
765 388 327 350 2 1 1 1644506274 34458 180000.000000 2 1
348 315 330 315 2 1 1 1644506274 34458 180000.000000 2 1
792 426 324 385 2 1 1 1644506274 34458 360000.000000 2 1
735 385 327 350 2 1 1 1644506274 34458 360000.000000 2 1
358 316 330 315 2 1 1 1644506274 34458 360000.000000 2 1
782 425 324 385 2 1 1 1644506274 34458 540000.000000 2 1
345 350 327 350 2 1 1 1644506274 34459 540000.000000 2 1
348 315 330 315 2 1 1 1644506274 34459 540000.000000 2 1
1642 511 324 385 2 1 1 1644506274 34459 720000.000000 2 1
345 350 327 350 2 1 1 1644506274 34459 720000.000000 2 1
348 315 330 315 2 1 1 1644506274 34459 720000.000000 2 1
1632 510 324 385 2 1 1 1644506274 34459 900000.000000 2 1
355 351 327 350 2 1 1 1644506274 34459 900000.000000 2 1
358 316 330 315 2 1 1 1644506274 34459 900000.000000 2 1
1702 517 324 385 2 1 1 1644506274 34459 1080000.000000 2 1
345 350 327 350 2 1 1 1644506274 34459 1080000.000000 2 1
348 315 330 315 2 1 1 1644506274 34459 1080000.000000 2 1
1702 517 324 385 2 1 1 1644506274 34459 1260000.000000 2 1
1665 478 327 350 2 1 1 1644506274 34459 1260000.000000 2 1
348 315 330 315 2 1 1 1644506274 34459 1260000.000000 2 1
1468 858 1454 875 3 1 1 1644506275 595945 0.000000 2 3
1435 823 1421 840 3 1 1 1644506275 699631 0.000000 2 3
1402 788 1388 805 3 1 1 1644506275 699632 0.000000 2 3
1468 858 1454 875 3 1 1 1644506275 767043 0.000000 2 3
1435 823 1421 840 3 1 1 1644506275 767044 0.000000 2 3
1402 788 1388 805 3 1 1 1644506275 767044 0.000000 2 3
1468 858 1454 875 3 1 1 1644506275 868672 0.000000 2 3
1435 823 1421 840 3 1 1 1644506275 868672 0.000000 2 3
1402 788 1388 805 3 1 1 1644506275 868672 0.000000 2 3
1468 858 1454 875 3 1 1 1644506275 971124 0.000000 2 3
1435 823 1421 840 3 1 1 1644506275 971124 0.000000 2 3
1416 773 1388 805 3 1 1 1644506275 971124 0.000000 2 3
1468 858 1454 875 3 1 1 1644506276 39091 0.000000 2 3
1435 823 1421 840 3 1 1 1644506276 39091 0.000000 2 3
1402 788 1388 805 3 1 1 1644506276 39091 0.000000 2 3
1468 858 1454 875 3 1 1 1644506276 39091 180000.000000 2 3
1435 823 1421 840 3 1 1 1644506276 141292 0.000000 2 3
1402 788 1388 805 3 1 1 1644506276 141292 0.000000 2 3
1468 858 1454 875 3 1 1 1644506276 141292 0.000000 2 3
1435 823 1421 840 3 1 1 1644506277 24959 0.000000 2 3
1408 780 1388 805 3 1 1 1644506278 283609 0.000000 2 3
1474 850 1454 875 3 1 1 1644506279 31545 0.000000 2 3
1441 815 1421 840 3 1 1 1644506280 17212 0.000000 2 3
845 455 813 455 4 1 1 1644506285 49620 0.000000 2 7
845 525 813 525 4 1 1 1644506286 783041 0.000000 2 7
956 826 935 840 4 1 1 1644506288 652050 0.000000 2 9
942 791 921 805 4 1 1 1644506288 652051 0.000000 2 9
970 861 949 875 4 1 1 1644506288 652051 0.000000 2 9
956 826 935 840 4 1 1 1644506288 652051 180000.000000 2 9
942 791 921 805 4 1 1 1644506288 652051 180000.000000 2 9
970 861 949 875 4 1 1 1644506288 652051 180000.000000 2 9
956 826 935 840 4 1 1 1644506288 652051 360000.000000 2 9
1346 190 1319 175 4 1 1 1644506290 420455 0.000000 2 12
1306 260 1279 245 4 1 1 1644506290 420455 0.000000 2 12
1326 225 1299 210 4 1 1 1644506292 459618 0.000000 2 12
1346 190 1319 175 4 1 1 1644506292 459618 0.000000 2 12
1306 260 1279 245 4 1 1 1644506293 39687 0.000000 2 12
956 826 935 840 4 1 1 1644506294 465843 0.000000 2 9
942 791 921 805 4 1 1 1644506296 31908 0.000000 2 9
970 861 949 875 4 1 1 1644506296 31908 0.000000 2 9
956 826 935 840 4 1 1 1644506297 118892 0.000000 2 9
474 522 448 525 4 1 1 1644506298 681959 0.000000 2 5
466 593 450 595 4 1 1 1644506299 839854 0.000000 2 5
785 526 449 560 4 0 1 1644506300 926744 0.000000 2 5
814 488 448 525 4 0 1 1644506301 29296 0.000000 2 5
1105 525 1056 525 4 0 1 1644506302 15727 0.000000 2 6
1435 490 1056 490 4 0 1 1644506303 137299 0.000000 2 6
1785 455 1056 455 4 0 0 1644506304 124135 0.000000 2 6
4 4 1 1 67 1 0
5 9
5 8
5 7
4 10
1802 537 1818 525 3 1 1 1644506274 34460 0.000000 3 2
1687 574 1785 490 3 1 1 1644506274 34460 0.000000 3 2
1626 567 1752 455 3 1 1 1644506274 34460 0.000000 3 2
1796 543 1818 525 3 1 1 1644506274 34460 180000.000000 3 2
1688 574 1785 490 3 1 1 1644506274 34460 180000.000000 3 2
1626 567 1752 455 3 1 1 1644506274 34460 180000.000000 3 2
1803 536 1818 525 3 1 1 1644506274 34460 360000.000000 3 2
1770 501 1785 490 3 1 1 1644506274 34460 360000.000000 3 2
1662 532 1752 455 3 1 1 1644506274 34460 360000.000000 3 2
1796 543 1818 525 3 1 1 1644506274 34460 540000.000000 3 2
1763 508 1785 490 3 1 1 1644506274 34460 540000.000000 3 2
1730 473 1752 455 3 1 1 1644506274 34460 540000.000000 3 2
1796 543 1818 525 3 1 1 1644506274 34460 720000.000000 3 2
1763 508 1785 490 3 1 1 1644506274 34460 720000.000000 3 2
1730 473 1752 455 3 1 1 1644506274 34460 720000.000000 3 2
1803 536 1818 525 3 1 1 1644506274 34460 900000.000000 3 2
1770 501 1785 490 3 1 1 1644506274 34460 900000.000000 3 2
1737 466 1752 455 3 1 1 1644506274 34461 900000.000000 3 2
1796 543 1818 525 3 1 1 1644506274 34461 1080000.000000 3 2
1763 508 1785 490 3 1 1 1644506274 34461 1080000.000000 3 2
1730 473 1752 455 3 1 1 1644506274 34461 1080000.000000 3 2
1796 543 1818 525 3 1 1 1644506274 34461 1260000.000000 3 2
1763 508 1785 490 3 1 1 1644506274 34461 1260000.000000 3 2
1730 473 1752 455 3 1 1 1644506274 34461 1260000.000000 3 2
1254 803 312 385 3 1 1 1644506276 39091 0.000000 3 1
1269 768 327 350 3 1 1 1644506276 39091 0.000000 3 1
1398 787 342 315 3 1 1 1644506276 583479 0.000000 3 1
1406 875 312 385 3 1 1 1644506276 583487 0.000000 3 1
1383 822 327 350 3 1 1 1644506276 583487 0.000000 3 1
1398 787 342 315 3 1 1 1644506276 583487 180000.000000 3 1
1406 875 312 385 3 1 1 1644506276 583487 180000.000000 3 1
1421 840 327 350 3 1 1 1644506276 583487 180000.000000 3 1
1398 787 342 315 3 1 1 1644506276 854720 0.000000 3 1
1406 875 312 385 3 1 1 1644506276 854721 0.000000 3 1
1421 840 327 350 3 1 1 1644506276 854721 0.000000 3 1
1436 805 342 315 3 1 1 1644506276 854721 180000.000000 3 1
1406 875 312 385 3 1 1 1644506276 854721 180000.000000 3 1
1421 840 327 350 3 1 1 1644506276 854721 180000.000000 3 1
1417 796 342 315 3 1 1 1644506276 854721 360000.000000 3 1
323 390 312 385 4 1 1 1644506277 229346 0.000000 3 1
338 355 327 350 4 1 1 1644506277 229347 0.000000 3 1
1485 616 1502 595 3 1 1 1644506278 215412 0.000000 3 11
1565 686 1582 665 3 1 1 1644506278 215412 0.000000 3 11
1761 508 1785 490 4 1 1 1644506283 42924 0.000000 3 2
1728 473 1752 455 4 1 1 1644506283 42924 0.000000 3 2
816 538 793 525 4 1 1 1644506285 49620 0.000000 3 7
836 503 813 490 4 1 1 1644506285 49620 0.000000 3 7
856 468 833 455 4 1 1 1644506286 783041 0.000000 3 7
816 538 793 525 4 1 1 1644506286 783041 0.000000 3 7
1302 240 1299 210 4 1 1 1644506290 420455 0.000000 3 12
1342 205 1339 175 4 1 1 1644506290 420456 0.000000 3 12
1262 275 1259 245 4 1 1 1644506290 420456 0.000000 3 12
1302 240 1299 210 4 1 1 1644506290 420456 180000.000000 3 12
1342 205 1339 175 4 1 1 1644506292 459618 0.000000 3 12
1262 275 1259 245 4 1 1 1644506292 459618 0.000000 3 12
1302 240 1299 210 4 1 1 1644506293 39687 0.000000 3 12
961 805 935 805 4 1 1 1644506294 465844 0.000000 3 9
961 875 935 875 4 1 1 1644506296 31908 0.000000 3 9
961 840 935 840 4 1 1 1644506296 31908 0.000000 3 9
961 805 935 805 4 1 1 1644506297 118892 0.000000 3 9
461 599 439 595 4 1 1 1644506298 681959 0.000000 3 5
471 564 449 560 4 1 1 1644506299 839854 0.000000 3 5
471 527 459 525 4 1 1 1644506300 926749 0.000000 3 5
461 599 439 595 4 1 1 1644506301 29296 0.000000 3 5
1077 511 1056 490 4 1 1 1644506302 15727 0.000000 3 6
1173 538 1089 455 4 0 1 1644506303 137299 0.000000 3 6
1388 875 1023 525 4 0 0 1644506304 124135 0.000000 3 6
4 4 1 1 54 1 0
0 8
0 9
0 7
0 6
1360 869 1419 875 4 1 1 1644506274 34461 0.000000 4 3
1210 818 1421 840 4 1 1 1644506274 34461 0.000000 4 3
1212 783 1423 805 4 1 1 1644506274 34461 0.000000 4 3
1391 872 1419 875 4 1 1 1644506274 34461 180000.000000 4 3
1336 831 1421 840 4 1 1 1644506274 34461 180000.000000 4 3
1357 798 1423 805 4 1 1 1644506274 34461 180000.000000 4 3
1365 869 1419 875 4 1 1 1644506274 34462 360000.000000 4 3
1367 834 1421 840 4 1 1 1644506274 34462 360000.000000 4 3
1369 799 1423 805 4 1 1 1644506274 34462 360000.000000 4 3
1377 870 1419 875 4 1 1 1644506274 34462 540000.000000 4 3
1379 835 1421 840 4 1 1 1644506274 34462 540000.000000 4 3
1343 797 1423 805 4 1 1 1644506274 34462 540000.000000 4 3
1399 873 1419 875 4 1 1 1644506274 34462 720000.000000 4 3
1401 838 1421 840 4 1 1 1644506274 34462 720000.000000 4 3
1346 797 1423 805 4 1 1 1644506274 34462 720000.000000 4 3
1373 870 1419 875 4 1 1 1644506274 34462 900000.000000 4 3
1375 835 1421 840 4 1 1 1644506274 34462 900000.000000 4 3
1377 800 1423 805 4 1 1 1644506274 34462 900000.000000 4 3
1404 873 1419 875 4 1 1 1644506274 34462 1080000.000000 4 3
1406 838 1421 840 4 1 1 1644506274 34462 1080000.000000 4 3
1408 803 1423 805 4 1 1 1644506274 34462 1080000.000000 4 3
1388 871 1419 875 4 1 1 1644506274 34462 1260000.000000 4 3
1390 836 1421 840 4 1 1 1644506274 34462 1260000.000000 4 3
1373 800 1423 805 4 1 1 1644506274 34462 1260000.000000 4 3
367 370 367 350 4 1 1 1644506277 229347 0.000000 4 1
327 370 327 350 4 1 1 1644506277 229347 0.000000 4 1
287 370 287 350 4 1 1 1644506277 229347 0.000000 4 1
1389 872 1419 875 4 1 1 1644506278 248561 0.000000 4 3
1761 490 1785 490 4 1 1 1644506280 51958 0.000000 4 2
1755 455 1779 455 4 1 1 1644506280 51959 0.000000 4 2
1765 525 1791 525 4 1 1 1644506283 42924 0.000000 4 2
1759 490 1785 490 4 1 1 1644506283 42924 0.000000 4 2
1753 455 1779 455 4 1 1 1644506283 42924 0.000000 4 2
811 533 833 525 4 1 1 1644506285 49620 0.000000 4 7
791 498 813 490 4 1 1 1644506285 49620 0.000000 4 7
771 463 793 455 4 1 1 1644506286 783041 0.000000 4 7
1293 254 1319 245 4 1 1 1644506290 420456 0.000000 4 12
1273 219 1299 210 4 1 1 1644506290 420456 0.000000 4 12
1253 184 1279 175 4 1 1 1644506290 420456 0.000000 4 12
1293 254 1319 245 4 1 1 1644506290 420456 180000.000000 4 12
1273 219 1299 210 4 1 1 1644506292 459618 0.000000 4 12
1253 184 1279 175 4 1 1 1644506292 459618 0.000000 4 12
1293 254 1319 245 4 1 1 1644506293 39687 0.000000 4 12
912 835 935 840 4 1 1 1644506294 465844 0.000000 4 9
916 800 939 805 4 1 1 1644506296 31908 0.000000 4 9
908 870 931 875 4 1 1 1644506296 31908 0.000000 4 9
912 835 935 840 4 1 1 1644506297 118893 0.000000 4 9
392 546 409 525 4 1 1 1644506298 681959 0.000000 4 5
472 616 489 595 4 1 1 1644506299 839854 0.000000 4 5
432 581 449 560 4 1 1 1644506300 926750 0.000000 4 5
392 546 409 525 4 1 1 1644506301 29297 0.000000 4 5
968 554 1069 525 4 0 1 1644506302 15727 0.000000 4 6
651 633 1056 490 4 0 1 1644506303 137299 0.000000 4 6
314 735 1043 455 4 0 0 1644506304 124135 0.000000 4 6
4 1 6 6 42 1 0
1 5
1043 525 1060 525 4 1 1 1644506302 15727 0.000000 5 6
1039 490 1056 490 4 1 1 1644506302 15727 0.000000 5 6
1035 455 1052 455 4 1 1 1644506302 15727 0.000000 5 6
1036 526 1060 525 4 1 1 1644506302 15727 180000.000000 5 6
1032 491 1056 490 4 1 1 1644506302 15727 180000.000000 5 6
1028 456 1052 455 4 1 1 1644506302 15727 180000.000000 5 6
991 528 1060 525 4 0 1 1644506302 15728 360000.000000 5 6
987 493 1056 490 4 0 1 1644506302 15728 360000.000000 5 6
983 458 1052 455 4 0 1 1644506302 15732 360000.000000 5 6
946 532 1060 525 4 0 1 1644506302 15732 540000.000000 5 6
942 497 1056 490 4 0 1 1644506302 15732 540000.000000 5 6
938 462 1052 455 4 0 1 1644506302 15732 540000.000000 5 6
892 538 1060 525 4 0 1 1644506302 15732 720000.000000 5 6
888 503 1056 490 4 0 1 1644506302 15732 720000.000000 5 6
884 468 1052 455 4 0 1 1644506302 15732 720000.000000 5 6
847 543 1060 525 4 0 1 1644506302 15732 900000.000000 5 6
843 508 1056 490 4 0 1 1644506302 15732 900000.000000 5 6
839 473 1052 455 4 0 1 1644506302 15733 900000.000000 5 6
802 548 1060 525 4 0 1 1644506302 15733 1080000.000000 5 6
798 513 1056 490 4 0 1 1644506302 15733 1080000.000000 5 6
794 478 1052 455 4 0 1 1644506302 15733 1080000.000000 5 6
784 550 1060 525 4 0 1 1644506303 137299 0.000000 5 6
780 515 1056 490 4 0 1 1644506303 137299 0.000000 5 6
776 480 1052 455 4 0 1 1644506303 137299 0.000000 5 6
739 555 1060 525 4 0 1 1644506303 137299 180000.000000 5 6
735 520 1056 490 4 0 1 1644506303 137299 180000.000000 5 6
731 485 1052 455 4 0 1 1644506303 137299 180000.000000 5 6
694 560 1060 525 4 0 1 1644506303 137299 360000.000000 5 6
690 525 1056 490 4 0 1 1644506303 137299 360000.000000 5 6
686 490 1052 455 4 0 1 1644506303 137299 360000.000000 5 6
649 565 1060 525 4 0 1 1644506303 137299 540000.000000 5 6
645 530 1056 490 4 0 1 1644506303 137299 540000.000000 5 6
641 495 1052 455 4 0 1 1644506303 137299 540000.000000 5 6
595 572 1060 525 4 0 1 1644506303 137299 720000.000000 5 6
591 537 1056 490 4 0 1 1644506303 137299 720000.000000 5 6
587 502 1052 455 4 0 1 1644506303 137299 720000.000000 5 6
453 595 1060 525 4 0 0 1644506304 124136 0.000000 5 6
449 560 1056 490 4 0 0 1644506304 124136 0.000000 5 6
445 525 1052 455 4 0 0 1644506304 124136 0.000000 5 6
453 595 1060 525 4 0 0 1644506304 124136 180000.000000 5 6
449 560 1056 490 4 0 0 1644506304 124136 180000.000000 5 6
445 525 1052 455 4 0 0 1644506304 124136 180000.000000 5 6
10 4 7 0 0 0 0
3 4
3 6
3 2
4 3
4 3 1 1 27 1 0
2 4
2 5
2 2
1297 253 1319 245 4 1 1 1644506288 347210 0.000000 7 12
1277 218 1299 210 4 1 1 1644506288 347211 0.000000 7 12
1257 183 1279 175 4 1 1 1644506288 347211 0.000000 7 12
1297 253 1319 245 4 1 1 1644506288 347211 180000.000000 7 12
1277 218 1299 210 4 1 1 1644506288 347211 180000.000000 7 12
1257 183 1279 175 4 1 1 1644506288 347211 180000.000000 7 12
1297 253 1319 245 4 1 1 1644506288 515508 0.000000 7 12
1277 218 1299 210 4 1 1 1644506290 420456 0.000000 7 12
1257 183 1279 175 4 1 1 1644506290 420456 0.000000 7 12
1297 253 1319 245 4 1 1 1644506290 420456 0.000000 7 12
1277 218 1299 210 4 1 1 1644506290 420456 180000.000000 7 12
1257 183 1279 175 4 1 1 1644506290 420456 180000.000000 7 12
1297 253 1319 245 4 1 1 1644506290 420456 180000.000000 7 12
1277 218 1299 210 4 1 1 1644506292 459618 0.000000 7 12
1257 183 1279 175 4 1 1 1644506292 459618 0.000000 7 12
1297 253 1319 245 4 1 1 1644506293 39688 0.000000 7 12
923 814 935 840 4 1 1 1644506294 465844 0.000000 7 9
963 779 975 805 4 1 1 1644506296 31908 0.000000 7 9
883 849 895 875 4 1 1 1644506296 31908 0.000000 7 9
923 814 935 840 4 1 1 1644506297 118893 0.000000 7 9
467 518 443 525 4 1 1 1644506298 681960 0.000000 7 5
479 588 455 595 4 1 1 1644506299 839855 0.000000 7 5
473 553 449 560 4 1 1 1644506300 926751 0.000000 7 5
467 518 443 525 4 1 1 1644506301 29297 0.000000 7 5
1033 525 1056 525 4 1 1 1644506302 15733 0.000000 7 6
1033 490 1056 490 4 1 1 1644506303 137300 0.000000 7 6
813 455 1056 455 4 0 0 1644506304 124136 0.000000 7 6
10 2 20 0 0 0 0
2 7
1 8
4 3 1 1 40 1 0
3 9
3 8
3 7
456 610 429 595 4 1 1 1644506298 681960 0.000000 9 5
476 575 449 560 4 1 1 1644506298 681960 0.000000 9 5
496 540 469 525 4 1 1 1644506298 681960 0.000000 9 5
456 610 429 595 4 1 1 1644506298 681960 180000.000000 9 5
476 575 449 560 4 1 1 1644506298 681960 180000.000000 9 5
496 540 469 525 4 1 1 1644506298 681960 180000.000000 9 5
456 610 429 595 4 1 1 1644506298 681960 360000.000000 9 5
476 575 449 560 4 1 1 1644506298 681960 360000.000000 9 5
496 540 469 525 4 1 1 1644506298 681961 360000.000000 9 5
456 610 429 595 4 1 1 1644506298 681961 540000.000000 9 5
476 575 449 560 4 1 1 1644506298 681961 540000.000000 9 5
496 540 469 525 4 1 1 1644506298 681961 540000.000000 9 5
456 610 429 595 4 1 1 1644506298 681961 720000.000000 9 5
476 575 449 560 4 1 1 1644506298 681961 720000.000000 9 5
496 540 469 525 4 1 1 1644506298 681961 720000.000000 9 5
456 610 429 595 4 1 1 1644506298 681961 900000.000000 9 5
476 575 449 560 4 1 1 1644506298 681961 900000.000000 9 5
496 540 469 525 4 1 1 1644506298 681961 900000.000000 9 5
456 610 429 595 4 1 1 1644506298 681961 1080000.000000 9 5
476 575 449 560 4 1 1 1644506299 839855 0.000000 9 5
496 540 469 525 4 1 1 1644506299 839855 0.000000 9 5
456 610 429 595 4 1 1 1644506299 839855 0.000000 9 5
476 575 449 560 4 1 1 1644506299 839855 180000.000000 9 5
496 540 469 525 4 1 1 1644506299 839855 180000.000000 9 5
456 610 429 595 4 1 1 1644506299 839855 180000.000000 9 5
476 575 449 560 4 1 1 1644506299 839856 360000.000000 9 5
496 540 469 525 4 1 1 1644506299 839856 360000.000000 9 5
456 610 429 595 4 1 1 1644506299 839856 360000.000000 9 5
476 575 449 560 4 1 1 1644506299 839856 540000.000000 9 5
496 540 469 525 4 1 1 1644506299 839856 540000.000000 9 5
456 610 429 595 4 1 1 1644506299 839856 540000.000000 9 5
476 575 449 560 4 1 1 1644506299 839856 720000.000000 9 5
496 540 469 525 4 1 1 1644506299 839856 720000.000000 9 5
456 610 429 595 4 1 1 1644506299 839856 720000.000000 9 5
476 575 449 560 4 1 1 1644506300 926751 0.000000 9 5
496 540 469 525 4 1 1 1644506300 926752 0.000000 9 5
456 610 429 595 4 1 1 1644506301 29297 0.000000 9 5
1043 513 1056 490 4 1 1 1644506302 15733 0.000000 9 6
1007 472 1016 455 4 1 1 1644506303 137300 0.000000 9 6
975 875 1096 525 4 0 0 1644506304 124136 0.000000 9 6
10 2 20 0 0 0 0
6 1
5 2
10 2 18 0 0 0 0
5 6
5 4
4 2 1 1 33 1 0
4 0
4 1
985 850 975 875 4 1 1 1644506294 465844 0.000000 12 9
945 815 935 840 4 1 1 1644506294 465844 0.000000 12 9
905 780 895 805 4 1 1 1644506294 465844 0.000000 12 9
985 850 975 875 4 1 1 1644506294 465844 180000.000000 12 9
945 815 935 840 4 1 1 1644506294 465844 180000.000000 12 9
905 780 895 805 4 1 1 1644506294 465844 180000.000000 12 9
985 850 975 875 4 1 1 1644506294 465844 360000.000000 12 9
945 815 935 840 4 1 1 1644506294 465844 360000.000000 12 9
905 780 895 805 4 1 1 1644506294 465844 360000.000000 12 9
985 850 975 875 4 1 1 1644506294 465844 540000.000000 12 9
945 815 935 840 4 1 1 1644506294 465845 540000.000000 12 9
905 780 895 805 4 1 1 1644506294 465845 540000.000000 12 9
985 850 975 875 4 1 1 1644506296 31908 0.000000 12 9
945 815 935 840 4 1 1 1644506296 31908 0.000000 12 9
905 780 895 805 4 1 1 1644506296 31908 0.000000 12 9
985 850 975 875 4 1 1 1644506296 31908 180000.000000 12 9
945 815 935 840 4 1 1 1644506296 31908 180000.000000 12 9
905 780 895 805 4 1 1 1644506296 31908 180000.000000 12 9
985 850 975 875 4 1 1 1644506296 31909 360000.000000 12 9
945 815 935 840 4 1 1 1644506296 31909 360000.000000 12 9
905 780 895 805 4 1 1 1644506296 31909 360000.000000 12 9
985 850 975 875 4 1 1 1644506297 118893 0.000000 12 9
945 815 935 840 4 1 1 1644506297 118893 0.000000 12 9
905 780 895 805 4 1 1 1644506297 118893 0.000000 12 9
985 850 975 875 4 1 1 1644506297 118893 180000.000000 12 9
945 815 935 840 4 1 1 1644506297 118893 180000.000000 12 9
456 511 435 525 4 1 1 1644506298 681962 0.000000 12 5
484 581 463 595 4 1 1 1644506299 839856 0.000000 12 5
470 546 449 560 4 1 1 1644506300 926753 0.000000 12 5
456 511 435 525 4 1 1 1644506301 29297 0.000000 12 5
1110 506 1096 525 4 1 1 1644506302 15734 0.000000 12 6
1064 479 1056 490 4 1 1 1644506303 137300 0.000000 12 6
1259 175 1016 455 4 0 0 1644506304 124137 0.000000 12 6
14
1 835 567 1 1 1644506278 215409 0.000000 4
1 749 415 1 1 1644506275 393456 0.000000 1
1 624 788 0 0 0 0 0.000000 0
2 949 395 1 1 1644506288 721150 0.000000 4
2 1448 775 1 1 1644506278 248557 0.000000 3
2 1226 364 0 0 0 0 0.000000 0
2 373 413 1 1 1644506283 281011 0.000000 4
2 672 672 1 1 1644506298 852938 0.000000 4
0 1249 694 0 0 0 0 0.000000 0
0 1702 521 0 0 0 0 0.000000 0
1 642 572 1 1 1644506293 787324 0.000000 4
0 1267 595 1 0 1644506303 918836 0.000000 4
2 366 401 0 0 0 0 0.000000 0
2 721 622 0 0 0 0 0.000000 0
0 1 10 -1 -1 1
0 1 10 -1 -1 1
0 1 10 -1 -1 1
0 1 10 -1 -1 1
0 1 20 0 11 1
0
