arya                            
8 50 20 10 0 1
7 11 64 60 4 1 13
185 130 0 0 0 0
428 130 0 0 0 0
671 130 0 0 0 0
914 130 1 0 1 1
1157 130 1 2 0 1
1400 130 0 0 0 0
1643 130 1 0 0 0
64 200 1 9 1 1
307 200 0 0 0 0
550 200 0 0 0 0
793 200 1 0 0 1
1036 200 0 0 0 0
1279 200 1 2 0 1
1522 200 0 0 0 0
185 270 0 0 0 0
428 270 0 0 0 0
671 270 0 0 0 0
914 270 0 0 0 0
1157 270 1 2 1 1
1400 270 0 0 0 0
1643 270 0 0 0 0
64 340 1 9 0 1
307 340 1 6 0 1
550 340 0 0 0 0
793 340 1 1 0 1
1036 340 1 2 0 1
1279 340 1 2 0 1
1522 340 0 0 0 0
185 410 1 12 1 1
428 410 1 6 1 1
671 410 0 0 0 0
914 410 1 1 0 1
1157 410 1 2 0 1
1400 410 0 0 0 0
1643 410 1 7 1 1
64 480 0 0 0 0
307 480 0 0 0 0
550 480 0 0 0 0
793 480 1 1 1 1
1036 480 0 0 0 0
1279 480 0 0 0 0
1522 480 1 7 0 1
185 550 0 0 0 0
428 550 1 6 0 1
671 550 1 1 0 1
914 550 0 0 0 0
1157 550 1 10 1 1
1400 550 0 0 0 0
1643 550 0 0 0 0
64 620 0 0 0 0
307 620 0 0 0 0
550 620 0 0 0 0
793 620 0 0 0 0
1036 620 0 0 0 0
1279 620 0 0 0 0
1522 620 1 8 0 1
185 690 1 4 0 1
428 690 1 4 0 1
671 690 1 3 0 1
914 690 0 0 0 0
1157 690 0 0 0 0
1400 690 1 11 1 1
1643 690 1 8 1 1
64 760 0 0 0 0
307 760 1 4 1 1
550 760 0 0 0 0
793 760 0 0 0 0
1036 760 1 5 1 1
1279 760 0 0 0 0
1522 760 0 0 0 0
185 830 1 4 0 1
428 830 0 0 0 0
671 830 1 3 1 1
914 830 1 5 0 1
1157 830 0 0 0 0
1400 830 0 0 0 0
1643 830 1 8 0 1
0 2 10 0 0 0 0
3 0
3 1
1 4 10 0 0 0 0
3 5
3 4
3 3
2 6
2 6 10 0 0 0 0
4 2
4 3
4 4
4 0
5 3
5 1
3 2 10 0 0 0 0
2 10
2 8
4 4 10 0 0 0 0
1 9
1 8
0 10
0 8
10 2 20 0 0 0 0
4 9
3 10
10 3 20 0 0 0 0
1 4
1 3
1 6
10 2 20 0 0 0 0
6 4
6 5
10 3 20 0 0 0 0
6 8
6 7
6 10
10 2 20 0 0 0 0
0 1
0 3
10 1 20 0 0 0 0
4 6
10 1 20 0 0 0 0
5 8
10 1 20 0 0 0 0
0 4
0
0 1 10 -1 -1 1
0 1 10 -1 -1 1
0 1 10 -1 -1 1
0 1 10 -1 -1 1
0 1 10 -1 -1 1
0
