arya                            
8 50 20 10 0 1
7 10 95 167 1 1 10
216 237 1 9 0 1
459 237 1 0 0 0
702 237 1 0 0 0
945 237 1 0 0 0
1188 237 1 0 0 0
1431 237 0 0 0 0
1674 237 0 0 0 0
95 307 1 9 1 1
338 307 1 0 0 0
581 307 0 0 0 0
824 307 1 0 0 0
1067 307 1 0 0 0
1310 307 1 3 0 1
1553 307 1 1 0 1
216 377 1 9 0 1
459 377 0 0 0 0
702 377 0 0 0 0
945 377 0 0 0 0
1188 377 0 0 0 0
1431 377 0 0 0 0
1674 377 1 1 1 1
95 447 0 0 0 0
338 447 0 0 0 0
581 447 1 8 0 1
824 447 0 0 0 0
1067 447 0 0 0 0
1310 447 1 3 1 1
1553 447 0 0 0 0
216 517 0 0 0 0
459 517 0 0 0 0
702 517 1 8 1 1
945 517 1 0 0 0
1188 517 0 0 0 0
1431 517 1 3 0 1
1674 517 1 1 0 1
95 587 1 0 0 1
338 587 1 0 0 1
581 587 1 8 0 1
824 587 0 0 0 0
1067 587 0 0 0 0
1310 587 1 3 0 1
1553 587 1 6 1 1
216 657 1 0 1 1
459 657 0 0 0 0
702 657 0 0 0 0
945 657 0 0 0 0
1188 657 1 7 0 1
1431 657 1 5 0 1
1674 657 0 0 0 0
95 727 1 0 0 1
338 727 1 0 0 1
581 727 1 2 0 1
824 727 1 2 0 1
1067 727 1 7 1 1
1310 727 0 0 0 0
1553 727 1 4 0 1
216 797 1 0 0 1
459 797 0 0 0 0
702 797 1 2 1 1
945 797 0 0 0 0
1188 797 0 0 0 0
1431 797 1 5 1 1
1674 797 1 4 1 1
95 867 0 0 0 0
338 867 0 0 0 0
581 867 0 0 0 0
824 867 0 0 0 0
1067 867 1 7 0 1
1310 867 1 5 0 1
1553 867 0 0 0 0
0 6 2 0 5 0 1
0 6
0 7
0 5
0 8
1 7
1 5
120 418 116 392 0 1 1 1644494535 614906 0.000000 0 9
160 383 156 357 0 1 1 1644494535 614907 0.000000 0 9
200 348 196 322 0 1 1 1644494535 614907 0.000000 0 9
120 418 116 392 0 1 1 1644494535 614907 180000.000000 0 9
160 383 156 357 0 1 1 1644494535 614907 180000.000000 0 9
1 3 2 0 25 0 0
6 2
6 1
6 4
310 736 283 742 1 1 1 1644494527 320785 0.000000 1 0
304 701 277 707 1 1 1 1644494527 320785 0.000000 1 0
298 666 271 672 1 1 1 1644494527 320785 0.000000 1 0
310 736 283 742 1 1 1 1644494527 320785 180000.000000 1 0
304 701 277 707 1 1 1 1644494527 320785 180000.000000 1 0
298 666 271 672 1 1 1 1644494527 320785 180000.000000 1 0
310 736 283 742 1 1 1 1644494527 320785 360000.000000 1 0
304 701 277 707 1 1 1 1644494527 320785 360000.000000 1 0
298 666 271 672 1 1 1 1644494527 320785 360000.000000 1 0
310 736 283 742 1 1 1 1644494527 320785 540000.000000 1 0
304 701 277 707 1 1 1 1644494527 320785 540000.000000 1 0
298 666 271 672 1 1 1 1644494527 320785 540000.000000 1 0
310 736 283 742 1 1 1 1644494527 320785 720000.000000 1 0
304 701 277 707 1 1 1 1644494527 320785 720000.000000 1 0
298 666 271 672 1 1 1 1644494527 320785 720000.000000 1 0
310 736 283 742 1 1 1 1644494527 320786 900000.000000 1 0
304 701 277 707 1 1 1 1644494527 320786 900000.000000 1 0
298 666 271 672 1 1 1 1644494528 33634 0.000000 1 0
310 736 283 742 1 1 1 1644494529 20067 0.000000 1 0
304 701 277 707 1 1 1 1644494530 39844 0.000000 1 0
1333 455 271 672 1 0 1 1644494535 819547 0.000000 1 0
1345 525 283 742 1 0 1 1644494535 819548 0.000000 1 0
1339 490 277 707 1 0 1 1644494535 819548 0.000000 1 0
1378 446 271 672 1 0 1 1644494535 819548 180000.000000 1 0
1390 516 283 742 1 0 1 1644494535 819548 180000.000000 1 0
10 3 20 0 0 0 0
2 8
2 7
3 7
10 4 20 0 0 0 0
5 3
5 4
5 5
5 1
10 2 20 0 0 0 0
6 8
6 7
10 3 20 0 0 0 0
5 8
5 9
5 6
10 1 20 0 0 0 0
6 5
10 3 20 0 0 0 0
4 7
4 6
4 9
10 3 20 0 0 0 0
2 4
2 5
2 3
10 3 15 0 0 0 0
0 1
0 2
0 0
4
2 743 601 1 1 1644494530 856230 0.000000 1
2 1659 700 0 0 0 0 0.000000 0
2 1579 679 0 0 0 0 0.000000 0
2 1139 790 0 0 0 0 0.000000 0
0 1 10 -1 -1 1
0 1 10 -1 -1 1
0
