arya                            
8 50 20 10 0 1
7 9 115 195 4 1 13
236 265 0 10 1 0
479 265 1 7 0 1
722 265 0 0 0 0
965 265 1 5 1 1
1208 265 0 0 0 0
1451 265 1 0 0 1
1694 265 1 11 1 1
115 335 0 0 0 0
358 335 0 0 0 0
601 335 1 7 1 1
844 335 0 6 1 0
1087 335 1 5 0 1
1330 335 0 0 0 0
1573 335 0 3 0 0
236 405 0 0 0 0
479 405 0 0 0 0
722 405 1 7 0 1
965 405 0 6 0 0
1208 405 1 10 1 1
1451 405 1 0 1 1
1694 405 1 3 0 1
115 475 1 2 1 1
358 475 1 4 0 1
601 475 1 4 0 1
844 475 0 6 0 0
1087 475 0 4 0 0
1330 475 1 0 0 1
1573 475 1 0 0 1
236 545 1 2 0 1
479 545 1 4 1 1
722 545 1 8 1 1
965 545 0 4 0 0
1208 545 0 0 0 0
1451 545 1 0 0 1
1694 545 1 3 1 1
115 615 0 7 1 0
358 615 0 2 1 0
601 615 0 0 0 0
844 615 0 0 0 0
1087 615 0 4 1 0
1330 615 0 11 1 0
1573 615 0 0 1 0
236 685 1 12 0 1
479 685 0 0 0 0
722 685 0 0 0 0
965 685 1 1 1 1
1208 685 0 4 0 0
1451 685 1 9 0 1
1694 685 1 3 0 1
115 755 1 12 1 1
358 755 0 2 0 0
601 755 1 6 1 1
844 755 0 0 0 0
1087 755 0 4 0 0
1330 755 0 0 0 0
1573 755 0 0 0 0
236 825 0 1 0 0
479 825 1 6 0 1
722 825 0 0 0 0
965 825 0 8 0 0
1208 825 0 0 0 0
1451 825 1 9 1 1
1694 825 0 0 0 0
0 5 11 0 0 0 1
5 2
5 3
5 4
5 0
6 3
1 1 3 0 16 0 1
3 6
656 662 530 630 1 1 1 1644504757 295181 0.000000 1 4
736 648 540 595 1 1 1 1644504757 295181 0.000000 1 4
796 628 550 560 1 1 1 1644504757 295181 0.000000 1 4
636 656 530 630 1 1 1 1644504757 295181 180000.000000 1 4
736 648 540 595 1 1 1 1644504757 295181 180000.000000 1 4
796 628 550 560 1 1 1 1644504757 295181 180000.000000 1 4
636 656 530 630 1 1 1 1644504757 295181 360000.000000 1 4
636 618 540 595 1 1 1 1644504757 295182 360000.000000 1 4
676 592 550 560 1 1 1 1644504757 295182 360000.000000 1 4
656 662 530 630 1 0 1 1644504757 295182 540000.000000 1 4
666 627 540 595 1 0 1 1644504757 295182 540000.000000 1 4
676 592 550 560 1 0 1 1644504757 295182 540000.000000 1 4
1018 770 168 560 1 0 1 1644504761 67740 0.000000 1 2
1026 735 176 525 1 0 1 1644504761 67740 0.000000 1 2
1034 700 184 490 1 0 1 1644504761 67740 0.000000 1 2
1018 770 168 560 1 0 1 1644504761 67740 180000.000000 1 2
2 2 0 0 19 0 1
0 3
0 4
503 623 534 630 2 1 1 1644504757 295182 0.000000 2 4
509 588 540 595 2 1 1 1644504757 295182 0.000000 2 4
515 553 546 560 2 1 1 1644504757 295182 0.000000 2 4
503 623 534 630 2 1 1 1644504757 295182 180000.000000 2 4
509 588 540 595 2 1 1 1644504757 295188 180000.000000 2 4
515 553 546 560 2 1 1 1644504757 295188 180000.000000 2 4
503 623 534 630 2 1 1 1644504757 295189 360000.000000 2 4
509 588 540 595 2 1 1 1644504757 295189 360000.000000 2 4
515 553 546 560 2 1 1 1644504757 295189 360000.000000 2 4
494 621 534 630 2 0 1 1644504757 295189 540000.000000 2 4
500 586 540 595 2 0 1 1644504757 295189 540000.000000 2 4
506 551 546 560 2 0 1 1644504757 295189 540000.000000 2 4
287 579 534 630 2 0 1 1644504758 586282 0.000000 2 4
176 525 540 595 2 0 1 1644504759 29786 0.000000 2 4
182 490 546 560 2 0 1 1644504760 16777 0.000000 2 4
170 560 534 630 2 0 1 1644504761 34539 0.000000 2 4
176 525 540 595 2 0 1 1644504762 21001 0.000000 2 4
182 490 546 560 2 0 1 1644504763 41637 0.000000 2 4
170 560 534 630 2 0 1 1644504764 27264 0.000000 2 4
3 3 0 0 19 0 0
6 4
6 6
6 2
1251 723 1032 770 3 0 1 1644504757 295189 0.000000 3 1
1245 688 1026 735 3 0 1 1644504757 295189 0.000000 3 1
1239 653 1020 700 3 0 1 1644504757 295189 0.000000 3 1
1301 713 1032 770 3 0 1 1644504757 295189 180000.000000 3 1
1295 678 1026 735 3 0 1 1644504757 295189 180000.000000 3 1
1289 643 1020 700 3 0 1 1644504757 295189 180000.000000 3 1
1351 703 1032 770 3 0 1 1644504757 295189 360000.000000 3 1
1345 668 1026 735 3 0 1 1644504757 295190 360000.000000 3 1
1339 633 1020 700 3 0 1 1644504757 295190 360000.000000 3 1
1401 693 1032 770 3 0 1 1644504757 295190 540000.000000 3 1
1395 658 1026 735 3 0 1 1644504757 295190 540000.000000 3 1
1389 623 1020 700 3 0 1 1644504757 295190 540000.000000 3 1
1754 630 175 560 3 0 1 1644504761 67740 0.000000 3 2
1755 595 176 525 3 0 1 1644504761 67740 0.000000 3 2
1756 560 177 490 3 0 1 1644504761 67740 0.000000 3 2
1754 630 175 560 3 0 1 1644504761 67741 180000.000000 3 2
1755 595 1755 315 3 0 1 1644504763 823429 0.000000 3 11
1715 595 1715 315 3 0 1 1644504763 823429 0.000000 3 11
1795 595 1795 315 3 0 1 1644504764 27263 0.000000 3 11
2 3 2 0 26 0 1
1 4
1 3
2 3
761 582 1517 490 4 1 1 1644504757 295179 0.000000 4 0
1489 455 1512 455 4 1 1 1644504757 295179 0.000000 4 0
1484 420 1507 420 4 1 1 1644504757 295179 0.000000 4 0
761 582 1517 490 4 1 1 1644504757 295179 180000.000000 4 0
1489 455 1512 455 4 1 1 1644504757 295180 180000.000000 4 0
1484 420 1507 420 4 1 1 1644504757 295180 180000.000000 4 0
716 592 1517 490 4 1 1 1644504757 295180 360000.000000 4 0
1489 455 1512 455 4 1 1 1644504757 295180 360000.000000 4 0
1484 420 1507 420 4 1 1 1644504757 295180 360000.000000 4 0
716 592 1517 490 4 1 1 1644504757 295180 540000.000000 4 0
1489 455 1512 455 4 1 1 1644504757 295180 540000.000000 4 0
1484 420 1507 420 4 1 1 1644504757 295180 540000.000000 4 0
662 604 1517 490 4 1 1 1644504758 44685 0.000000 4 0
621 577 1512 455 2 1 1 1644504758 553000 0.000000 4 0
652 534 1507 420 2 0 1 1644504758 553000 0.000000 4 0
590 620 1517 490 2 1 1 1644504758 553000 0.000000 4 0
594 583 1512 455 2 1 1 1644504758 720200 0.000000 4 0
607 544 1507 420 2 0 1 1644504758 720201 0.000000 4 0
590 620 1517 490 2 1 1 1644504758 720201 0.000000 4 0
567 589 1512 455 2 0 1 1644504758 892401 0.000000 4 0
562 554 1507 420 2 0 1 1644504758 892401 0.000000 4 0
572 624 1517 490 2 0 1 1644504758 892402 0.000000 4 0
540 595 1026 735 2 0 1 1644504762 21023 0.000000 4 1
550 560 1036 700 2 0 1 1644504762 21023 0.000000 4 1
530 630 1016 770 2 0 1 1644504762 21023 0.000000 4 1
540 595 1026 735 2 0 1 1644504762 21023 180000.000000 4 1
10 2 20 0 0 0 0
3 0
4 1
10 2 20 0 0 0 0
2 7
1 8
10 3 20 0 0 0 0
2 1
2 2
1 0
10 1 20 0 0 0 0
2 4
10 2 20 0 0 0 0
5 8
5 6
10 1 20 0 0 0 0
4 2
10 1 20 0 0 0 1
6 0
10 2 20 0 0 0 0
0 7
0 6
3
2 1055 504 1 1 1644504759 29777 0.000000 4
2 1755 411 0 0 0 0 0.000000 0
2 714 459 0 0 0 0 0.000000 0
0 1 0 -1 -1 1
0 1 0 -1 -1 1
0 1 0 -1 -1 1
0 1 0 -1 -1 1
0 1 10 2 0 1
0
