arya                            
8 50 20 10 0 1
7 11 155 82 4 1 13
276 152 0 0 0 0
519 152 1 5 1 1
762 152 0 0 0 0
1005 152 1 1 0 1
1248 152 1 7 0 1
1491 152 0 0 0 0
1734 152 0 0 0 0
155 222 0 0 0 0
398 222 0 0 0 0
641 222 1 5 0 1
884 222 1 1 0 1
1127 222 0 0 0 0
1370 222 1 7 1 1
1613 222 0 0 0 0
276 292 0 0 0 0
519 292 0 0 0 0
762 292 1 10 1 1
1005 292 1 1 1 1
1248 292 0 0 0 0
1491 292 0 0 0 0
1734 292 0 0 0 0
155 362 0 0 0 0
398 362 1 9 1 1
641 362 1 10 0 1
884 362 1 1 0 1
1127 362 1 1 0 1
1370 362 0 0 0 0
1613 362 1 12 1 1
276 432 1 2 0 1
519 432 0 0 0 0
762 432 0 0 0 0
1005 432 1 1 0 1
1248 432 0 0 0 0
1491 432 1 12 0 1
1734 432 0 0 0 0
155 502 1 2 0 1
398 502 1 0 0 1
641 502 0 0 0 0
884 502 1 6 0 1
1127 502 1 3 0 1
1370 502 0 0 0 0
1613 502 0 0 0 0
276 572 1 2 1 1
519 572 1 0 1 1
762 572 1 0 0 0
1005 572 1 6 1 1
1248 572 1 3 1 1
1491 572 0 0 0 0
1734 572 0 0 0 0
155 642 1 2 0 1
398 642 1 0 0 1
641 642 0 0 0 0
884 642 1 6 0 1
1127 642 0 0 0 0
1370 642 0 0 0 0
1613 642 0 0 0 0
276 712 1 2 0 1
519 712 0 0 0 0
762 712 0 0 0 0
1005 712 0 0 0 0
1248 712 0 0 0 0
1491 712 0 0 0 0
1734 712 1 8 1 1
155 782 0 0 0 0
398 782 1 11 0 1
641 782 1 0 0 0
884 782 1 0 0 0
1127 782 0 0 0 0
1370 782 0 0 0 0
1613 782 0 0 0 0
276 852 1 11 1 1
519 852 0 0 0 0
762 852 1 0 0 0
1005 852 0 0 0 0
1248 852 1 4 1 1
1491 852 0 0 0 0
1734 852 0 0 0 0
0 3 10 0 0 0 0
1 6
1 7
1 5
1 6 10 0 0 0 0
3 2
3 3
3 1
3 4
3 0
4 3
2 5 10 0 0 0 0
0 6
0 7
0 5
0 8
0 4
3 2 10 0 0 0 0
4 6
4 5
4 1 10 0 0 0 0
4 10
10 2 20 0 0 0 0
1 0
2 1
10 3 20 0 0 0 0
3 6
3 7
3 5
10 2 20 0 0 0 0
5 1
4 0
10 1 20 0 0 0 0
6 8
10 1 20 0 0 0 0
1 3
10 2 20 0 0 0 0
2 2
2 3
10 2 20 0 0 0 0
0 10
1 9
10 2 20 0 0 0 0
6 3
5 4
0
0 1 10 -1 -1 1
0 1 10 -1 -1 1
0 1 10 -1 -1 1
0 1 10 -1 -1 1
0 1 10 -1 -1 1
0
