arya                            
8 50 20 10 0 1
7 12 11 37 4 1 13
96 86 1 10 1 1
267 86 1 3 1 1
438 86 1 0 0 0
609 86 0 0 0 0
780 86 1 12 1 1
951 86 0 0 0 0
1122 86 1 11 1 1
11 136 1 10 0 1
182 136 1 3 0 1
353 136 0 0 0 0
524 136 1 4 0 1
695 136 0 0 0 0
866 136 1 12 0 1
1037 136 1 11 0 1
96 185 0 0 0 0
267 185 1 3 0 1
438 185 1 8 0 1
609 185 1 4 1 1
780 185 0 0 0 0
951 185 0 0 0 0
1122 185 0 0 0 0
11 235 0 0 0 0
182 235 0 0 0 0
353 235 1 8 1 1
524 235 1 4 0 1
695 235 1 4 0 1
866 235 1 5 0 1
1037 235 0 0 0 0
96 284 1 0 0 0
267 284 1 8 0 1
438 284 1 1 0 1
609 284 0 0 0 0
780 284 0 0 0 0
951 284 1 5 1 1
1122 284 0 0 0 0
11 334 1 7 0 1
182 334 1 0 0 0
353 334 1 1 0 1
524 334 1 1 0 1
695 334 1 6 0 1
866 334 0 0 0 0
1037 334 0 0 0 0
96 383 1 7 0 1
267 383 1 0 0 0
438 383 1 1 1 1
609 383 1 6 1 1
780 383 0 0 0 0
951 383 0 0 0 0
1122 383 0 0 0 0
11 433 1 7 1 1
182 433 0 0 0 0
353 433 0 0 0 0
524 433 1 1 0 1
695 433 1 6 0 1
866 433 0 0 0 0
1037 433 0 0 0 0
96 482 0 0 0 0
267 482 1 0 0 0
438 482 0 0 0 0
609 482 0 0 0 0
780 482 0 0 0 0
951 482 0 0 0 0
1122 482 0 0 0 0
11 532 0 0 0 0
182 532 1 2 0 1
353 532 1 9 0 1
524 532 0 0 0 0
695 532 0 0 0 0
866 532 0 0 0 0
1037 532 1 0 0 0
96 581 1 2 1 1
267 581 0 0 0 0
438 581 1 9 1 1
609 581 0 0 0 0
780 581 1 0 1 1
951 581 0 0 0 0
1122 581 1 0 0 0
11 631 0 0 0 0
182 631 0 0 0 0
353 631 0 0 0 0
524 631 1 9 0 1
695 631 1 0 0 1
866 631 0 0 0 0
1037 631 0 0 0 0
0 2 10 0 0 0 0
4 10
4 11
1 5 10 0 0 0 0
2 6
2 5
2 4
3 7
3 5
2 2 10 0 0 0 0
0 10
1 9
3 3 10 0 0 0 0
1 0
1 1
1 2
4 4 10 0 0 0 0
3 2
3 3
3 1
4 3
10 2 20 0 0 0 0
5 4
5 3
10 3 20 0 0 0 0
3 6
4 7
4 5
10 3 20 0 0 0 0
0 7
0 6
0 5
10 3 20 0 0 0 0
2 3
2 2
1 4
10 3 20 0 0 0 0
2 10
2 9
3 11
10 2 20 0 0 0 0
0 0
0 1
10 2 20 0 0 0 0
6 0
6 1
10 2 20 0 0 0 0
4 0
5 1
0
0 1 10 -1 -1 1
0 1 10 -1 -1 1
0 1 10 -1 -1 1
0 1 10 -1 -1 1
0 1 10 -1 -1 1
0
