arya                            
8 50 20 10 0 1
7 11 136 91 4 1 13
257 161 1 1 0 1
500 161 1 0 0 0
743 161 1 7 0 1
986 161 1 8 1 1
1229 161 0 0 0 0
1472 161 1 6 0 1
1715 161 1 11 1 1
136 231 1 1 1 1
379 231 1 5 0 1
622 231 0 0 0 0
865 231 0 0 0 0
1108 231 0 0 0 0
1351 231 1 6 1 1
1594 231 1 11 0 1
257 301 1 1 0 1
500 301 1 5 0 1
743 301 1 7 1 1
986 301 1 8 0 1
1229 301 0 0 0 0
1472 301 0 0 0 0
1715 301 0 0 0 0
136 371 0 0 0 0
379 371 1 5 1 1
622 371 0 0 0 0
865 371 0 0 0 0
1108 371 0 0 0 0
1351 371 0 0 0 0
1594 371 0 0 0 0
257 441 0 0 0 0
500 441 1 5 0 1
743 441 0 0 0 0
986 441 1 0 0 1
1229 441 0 0 0 0
1472 441 1 9 1 1
1715 441 0 0 0 0
136 511 0 0 0 0
379 511 0 0 0 0
622 511 1 4 0 1
865 511 0 0 0 0
1108 511 1 0 1 1
1351 511 0 0 0 0
1594 511 0 0 0 0
257 581 0 0 0 0
500 581 1 0 0 0
743 581 1 4 1 1
986 581 1 0 0 1
1229 581 0 0 0 0
1472 581 1 9 0 1
1715 581 0 0 0 0
136 651 0 0 0 0
379 651 1 10 0 1
622 651 0 0 0 0
865 651 0 0 0 0
1108 651 0 0 0 0
1351 651 0 0 0 0
1594 651 1 0 0 0
257 721 1 10 0 1
500 721 0 0 0 0
743 721 1 4 0 1
986 721 1 2 0 1
1229 721 1 3 1 1
1472 721 1 0 0 0
1715 721 0 0 0 0
136 791 0 0 0 0
379 791 1 10 1 1
622 791 0 0 0 0
865 791 0 0 0 0
1108 791 1 2 0 1
1351 791 0 0 0 0
1594 791 0 0 0 0
257 861 1 10 0 1
500 861 0 0 0 0
743 861 1 12 1 1
986 861 1 2 1 1
1229 861 1 3 0 1
1472 861 0 0 0 0
1715 861 0 0 0 0
0 3 10 0 0 0 0
4 5
3 6
3 4
1 3 10 0 0 0 0
0 1
0 2
0 0
2 3 10 0 0 0 0
3 10
3 8
4 9
3 2 10 0 0 0 0
4 8
4 10
4 3 10 0 0 0 0
2 6
2 5
2 8
10 4 20 0 0 0 0
1 3
1 4
1 2
1 1
10 2 20 0 0 0 0
5 1
5 0
10 2 20 0 0 0 0
2 2
2 0
10 2 20 0 0 0 0
3 0
3 2
10 2 20 0 0 0 0
5 4
5 6
10 4 20 0 0 0 0
1 9
1 7
0 10
0 8
10 2 20 0 0 0 0
6 0
6 1
10 1 20 0 0 0 0
2 10
0
0 1 10 -1 -1 1
0 1 10 -1 -1 1
0 1 10 -1 -1 1
0 1 10 -1 -1 1
0 1 10 -1 -1 1
0
