arya                            
8 50 20 10 0 1
7 10 69 113 4 1 13
190 183 1 2 0 1
433 183 1 9 1 1
676 183 0 0 0 0
919 183 1 0 0 1
1162 183 0 0 0 0
1405 183 0 0 0 0
1648 183 1 1 0 1
69 253 1 2 0 1
312 253 0 0 0 0
555 253 0 0 0 0
798 253 1 0 0 1
1041 253 0 0 0 0
1284 253 0 0 0 0
1527 253 1 1 1 1
190 323 1 2 1 1
433 323 1 9 0 1
676 323 1 7 1 1
919 323 1 0 1 1
1162 323 0 0 0 0
1405 323 0 0 0 0
1648 323 1 1 0 1
69 393 1 2 0 1
312 393 0 0 0 0
555 393 0 0 0 0
798 393 1 0 0 1
1041 393 0 0 0 0
1284 393 1 6 1 1
1527 393 1 1 0 1
190 463 0 0 0 0
433 463 0 0 0 0
676 463 0 0 0 0
919 463 1 0 0 1
1162 463 0 0 0 0
1405 463 1 6 0 1
1648 463 0 0 0 0
69 533 0 0 0 0
312 533 1 8 1 1
555 533 1 5 0 1
798 533 0 0 0 0
1041 533 1 3 1 1
1284 533 0 0 0 0
1527 533 1 0 0 0
190 603 0 0 0 0
433 603 0 0 0 0
676 603 1 5 0 1
919 603 1 3 0 1
1162 603 0 0 0 0
1405 603 0 0 0 0
1648 603 0 0 0 0
69 673 0 0 0 0
312 673 0 0 0 0
555 673 1 5 1 1
798 673 1 0 0 0
1041 673 1 3 0 1
1284 673 1 11 1 1
1527 673 1 12 0 1
190 743 1 4 1 1
433 743 0 0 0 0
676 743 0 0 0 0
919 743 1 10 0 1
1162 743 1 10 0 1
1405 743 0 0 0 0
1648 743 0 0 0 0
69 813 1 4 0 1
312 813 1 4 0 1
555 813 1 5 0 1
798 813 1 0 0 0
1041 813 1 10 1 1
1284 813 0 0 0 0
1527 813 1 12 1 1
0 5 10 0 0 0 0
3 2
3 3
3 1
3 4
3 0
1 4 10 0 0 0 0
6 1
6 2
6 0
6 3
2 4 10 0 0 0 0
0 2
0 3
0 1
0 0
3 3 10 0 0 0 0
4 5
4 7
3 6
4 3 10 0 0 0 0
0 8
0 9
1 9
10 4 20 0 0 0 0
2 7
2 6
2 9
2 5
10 2 20 0 0 0 0
5 3
5 4
10 1 20 0 0 0 0
2 2
10 1 20 0 0 0 0
1 5
10 2 20 0 0 0 0
1 0
1 2
10 3 20 0 0 0 0
4 9
4 8
3 8
10 1 20 0 0 0 0
5 7
10 2 20 0 0 0 0
6 9
6 7
0
0 1 10 -1 -1 1
0 1 10 -1 -1 1
0 1 10 -1 -1 1
0 1 10 -1 -1 1
0 1 10 -1 -1 1
0
