arya                            
8 50 20 10 0 1
7 10 25 129 4 1 13
146 199 0 0 0 0
389 199 0 0 0 0
632 199 1 0 0 0
875 199 1 12 1 1
1118 199 1 11 1 1
1361 199 1 5 0 1
1604 199 1 5 0 1
25 269 0 0 0 0
268 269 1 6 1 1
511 269 1 8 0 1
754 269 1 12 0 1
997 269 0 6 1 0
1240 269 0 0 0 0
1483 269 1 5 1 1
146 339 1 6 0 1
389 339 1 6 0 1
632 339 0 8 0 0
875 339 0 0 0 0
1118 339 1 4 0 1
1361 339 0 0 0 0
1604 339 1 5 1 1
25 409 0 0 0 0
268 409 1 3 0 1
511 409 1 8 1 1
754 409 0 8 1 0
997 409 1 4 1 1
1240 409 0 0 0 0
1483 409 0 3 0 0
146 479 0 1 0 0
389 479 1 3 0 1
632 479 0 8 0 0
875 479 0 8 0 0
1118 479 1 4 1 1
1361 479 1 2 0 1
1604 479 1 3 0 0
25 549 0 9 0 0
268 549 1 3 1 1
511 549 1 8 0 1
754 549 0 8 0 0
997 549 0 0 0 0
1240 549 0 0 0 0
1483 549 1 2 1 1
146 619 0 1 0 0
389 619 0 1 0 0
632 619 1 9 1 1
875 619 1 0 1 1
1118 619 0 0 0 0
1361 619 1 2 1 1
1604 619 0 0 0 0
25 689 1 9 1 0
268 689 0 1 0 0
511 689 1 9 0 1
754 689 1 0 0 1
997 689 1 0 1 1
1240 689 0 0 0 0
1483 689 1 2 0 1
146 759 0 9 0 0
389 759 0 5 1 0
632 759 0 0 0 0
875 759 0 0 0 0
1118 759 1 1 1 1
1361 759 0 2 1 0
1604 759 1 7 1 1
25 829 0 9 0 0
268 829 1 10 1 1
511 829 0 0 0 0
754 829 0 0 0 0
997 829 0 0 0 0
1240 829 1 1 0 1
1483 829 0 2 0 0
0 3 10 0 0 0 0
3 6
3 7
4 7
1 2 10 0 0 0 0
4 8
5 9
2 4 10 0 0 0 0
5 6
5 4
6 7
6 5
3 3 10 0 0 0 0
1 5
1 4
1 3
4 3 10 0 0 0 0
4 3
4 4
4 2
10 4 20 0 0 0 0
6 1
6 2
6 0
5 0
10 3 20 0 0 0 0
1 1
1 2
0 2
10 1 20 0 0 0 0
6 8
10 3 20 0 0 0 0
2 3
2 5
2 1
10 2 20 0 0 0 0
2 6
2 7
10 1 20 0 0 0 0
1 9
10 1 20 0 0 0 0
4 0
10 2 20 0 0 0 0
3 0
3 1
0
0 1 10 -1 -1 1
0 1 10 -1 -1 1
0 1 10 -1 -1 1
0 1 10 -1 -1 1
0 1 10 -1 -1 1
0
