arya                            
8 50 20 10 0 1
7 9 52 140 4 1 13
137 189 0 0 0 0
308 189 0 0 0 0
479 189 1 2 1 1
650 189 1 0 0 0
821 189 1 10 1 1
992 189 0 0 0 0
1163 189 1 11 1 1
52 239 1 5 1 1
223 239 1 3 0 1
394 239 0 0 0 0
565 239 0 0 0 0
736 239 1 10 0 1
907 239 0 0 0 0
1078 239 0 0 0 0
137 288 0 0 0 0
308 288 0 0 0 0
479 288 1 2 0 1
650 288 0 0 0 0
821 288 1 10 0 1
992 288 0 0 0 0
1163 288 0 0 0 0
52 338 0 0 0 0
223 338 1 3 1 1
394 338 1 8 1 1
565 338 1 12 1 1
736 338 1 1 0 1
907 338 0 0 0 0
1078 338 0 0 0 0
137 387 0 0 0 0
308 387 1 3 0 1
479 387 0 0 0 0
650 387 0 0 0 0
821 387 0 0 0 0
992 387 1 9 0 1
1163 387 0 0 0 0
52 437 1 6 0 1
223 437 0 0 0 0
394 437 1 0 0 1
565 437 0 0 0 0
736 437 1 1 1 1
907 437 1 9 1 1
1078 437 1 7 0 1
137 486 1 6 1 1
308 486 1 4 1 1
479 486 1 0 1 1
650 486 1 1 0 1
821 486 0 0 0 0
992 486 0 0 0 0
1163 486 1 7 1 1
52 536 1 6 0 1
223 536 0 0 0 0
394 536 1 0 0 1
565 536 1 0 0 1
736 536 1 1 0 1
907 536 0 0 0 0
1078 536 0 0 0 0
137 585 0 0 0 0
308 585 1 4 0 1
479 585 0 0 0 0
650 585 1 0 0 0
821 585 0 0 0 0
992 585 0 0 0 0
1163 585 1 7 0 1
0 4 10 0 0 0 0
2 6
2 7
2 5
3 7
1 4 10 0 0 0 0
4 5
4 7
4 3
3 6
2 2 10 0 0 0 0
2 0
2 2
3 3 10 0 0 0 0
1 3
1 4
1 1
4 2 10 0 0 0 0
1 6
1 8
10 1 20 0 0 0 0
0 1
10 3 20 0 0 0 0
0 6
0 7
0 5
10 3 20 0 0 0 0
6 6
6 5
6 8
10 1 20 0 0 0 0
2 3
10 2 20 0 0 0 0
5 5
5 4
10 3 20 0 0 0 0
4 0
4 1
4 2
10 1 20 0 0 0 0
6 0
10 1 20 0 0 0 0
3 3
0
0 1 10 -1 -1 1
0 1 10 -1 -1 1
0 1 10 -1 -1 1
0 1 10 -1 -1 1
0 1 10 -1 -1 1
0
