arya                            
8 50 20 10 0 1
7 11 111 87 4 1 13
232 157 0 0 0 0
475 157 0 0 0 0
718 157 1 7 0 1
961 157 0 0 0 0
1204 157 0 0 0 0
1447 157 0 0 0 0
1690 157 0 0 0 0
111 227 1 9 1 1
354 227 1 0 1 1
597 227 0 0 0 0
840 227 0 0 0 0
1083 227 1 0 0 0
1326 227 1 0 0 0
1569 227 0 0 0 0
232 297 1 0 0 1
475 297 1 0 0 1
718 297 1 7 1 1
961 297 0 0 0 0
1204 297 0 0 0 0
1447 297 1 0 0 0
1690 297 0 0 0 0
111 367 0 0 0 0
354 367 0 0 0 0
597 367 0 0 0 0
840 367 1 6 0 1
1083 367 0 0 0 0
1326 367 0 0 0 0
1569 367 1 0 0 0
232 437 1 12 0 1
475 437 1 11 1 1
718 437 1 6 0 1
961 437 1 6 0 1
1204 437 1 0 0 0
1447 437 0 0 0 0
1690 437 0 0 0 0
111 507 1 12 0 1
354 507 1 11 0 1
597 507 0 0 0 0
840 507 1 6 1 1
1083 507 0 0 0 0
1326 507 0 0 0 0
1569 507 1 8 0 1
232 577 1 12 1 1
475 577 0 0 0 0
718 577 0 0 0 0
961 577 0 0 0 0
1204 577 1 1 0 1
1447 577 1 4 0 1
1690 577 0 0 0 0
111 647 0 0 0 0
354 647 1 10 0 1
597 647 1 5 0 1
840 647 0 0 0 0
1083 647 1 1 1 1
1326 647 1 4 1 1
1569 647 1 8 1 1
232 717 1 3 0 1
475 717 1 10 1 1
718 717 1 5 1 1
961 717 0 0 0 0
1204 717 1 1 0 1
1447 717 0 0 0 0
1690 717 0 0 0 0
111 787 0 0 0 0
354 787 0 0 0 0
597 787 0 0 0 0
840 787 0 0 0 0
1083 787 1 1 0 1
1326 787 0 0 0 0
1569 787 1 8 0 1
232 857 1 3 1 1
475 857 1 10 0 1
718 857 0 0 0 0
961 857 0 0 0 0
1204 857 1 2 1 1
1447 857 0 0 0 0
1690 857 1 0 0 0
0 3 10 0 0 0 0
1 1
1 2
0 2
1 4 10 0 0 0 0
4 7
4 8
4 6
4 9
2 1 10 0 0 0 0
4 10
3 2 10 0 0 0 0
0 10
0 8
4 2 10 0 0 0 0
5 7
5 6
10 2 20 0 0 0 0
2 8
2 7
10 4 20 0 0 0 0
3 5
3 4
3 3
2 4
10 2 20 0 0 0 0
2 2
2 0
10 3 20 0 0 0 0
6 7
6 9
6 5
10 1 20 0 0 0 0
0 1
10 3 20 0 0 0 0
1 8
1 7
1 10
10 2 20 0 0 0 0
1 4
1 5
10 3 20 0 0 0 0
0 6
0 5
0 4
0
0 1 10 -1 -1 1
0 1 10 -1 -1 1
0 1 10 -1 -1 1
0 1 10 -1 -1 1
0 1 10 -1 -1 1
0
