arya                            
8 50 20 10 0 1
7 10 135 137 4 1 13
256 207 0 0 0 0
499 207 1 1 1 1
742 207 1 12 1 1
985 207 1 5 1 1
1228 207 1 0 1 1
1471 207 0 0 0 0
1714 207 0 0 0 0
135 277 0 0 0 0
378 277 1 1 0 1
621 277 1 1 0 1
864 277 0 0 0 0
1107 277 0 0 0 0
1350 277 1 0 0 1
1593 277 0 0 0 0
256 347 1 0 0 0
499 347 0 0 0 0
742 347 1 2 0 1
985 347 0 0 0 0
1228 347 0 0 0 0
1471 347 1 10 1 1
1714 347 1 11 1 1
135 417 0 0 0 0
378 417 0 0 0 0
621 417 1 2 0 1
864 417 0 0 0 0
1107 417 1 4 0 1
1350 417 0 0 0 0
1593 417 0 0 0 0
256 487 0 0 0 0
499 487 1 0 0 0
742 487 1 2 1 1
985 487 1 4 1 1
1228 487 0 0 0 0
1471 487 0 0 0 0
1714 487 0 0 0 0
135 557 0 0 0 0
378 557 0 0 0 0
621 557 0 0 0 0
864 557 0 0 0 0
1107 557 0 0 0 0
1350 557 1 0 0 0
1593 557 0 0 0 0
256 627 0 0 0 0
499 627 1 9 0 1
742 627 1 2 0 1
985 627 1 4 0 1
1228 627 1 6 0 1
1471 627 0 0 0 0
1714 627 0 0 0 0
135 697 1 8 1 1
378 697 0 0 0 0
621 697 1 9 1 1
864 697 1 7 1 1
1107 697 0 0 0 0
1350 697 0 0 0 0
1593 697 1 3 0 1
256 767 1 8 0 1
499 767 0 0 0 0
742 767 0 0 0 0
985 767 1 7 0 1
1228 767 1 6 1 1
1471 767 1 3 1 1
1714 767 0 0 0 0
135 837 0 0 0 0
378 837 0 0 0 0
621 837 1 9 0 1
864 837 0 0 0 0
1107 837 0 0 0 0
1350 837 1 3 0 1
1593 837 0 0 0 0
0 2 28 0 0 0 0
4 0
5 1
2 3 0 0 32 0 1
1 0
1 1
2 1
668 365 1512 852 1 1 1 1644506875 650534 0.000000 1 3
696 334 1532 817 1 1 1 1644506875 650534 0.000000 1 3
748 318 1552 782 1 1 1 1644506875 650534 0.000000 1 3
668 365 1512 852 1 1 1 1644506875 650535 180000.000000 1 3
712 343 1532 817 1 1 1 1644506875 650535 180000.000000 1 3
996 461 1552 782 1 1 1 1644506875 650535 180000.000000 1 3
636 346 1512 852 1 1 1 1644506875 650535 360000.000000 1 3
712 343 1532 817 1 1 1 1644506875 650535 360000.000000 1 3
980 452 1552 782 1 1 1 1644506875 650535 360000.000000 1 3
636 346 1512 852 1 1 1 1644506875 650535 540000.000000 1 3
712 343 1532 817 1 1 1 1644506875 650535 540000.000000 1 3
972 447 1552 782 1 1 1 1644506875 650535 540000.000000 1 3
628 342 1512 852 1 1 1 1644506875 650535 720000.000000 1 3
928 468 1532 817 1 1 1 1644506875 650535 720000.000000 1 3
972 447 1552 782 1 1 1 1644506875 650535 720000.000000 1 3
740 406 1512 852 3 1 1 1644506879 558846 0.000000 1 3
752 367 1532 817 3 1 1 1644506879 728607 0.000000 1 3
772 332 1552 782 3 1 1 1644506879 728607 0.000000 1 3
740 406 1512 852 3 1 1 1644506879 728607 0.000000 1 3
1504 801 1532 817 3 1 1 1644506879 933662 0.000000 1 3
1524 766 1552 782 3 1 1 1644506879 933662 0.000000 1 3
724 397 1512 852 3 1 1 1644506879 933663 0.000000 1 3
1504 801 1532 817 3 1 1 1644506880 36485 0.000000 1 3
1228 595 1552 782 3 1 1 1644506881 21821 0.000000 1 3
742 551 763 572 2 1 1 1644506881 157534 0.000000 1 2
782 516 803 537 2 1 1 1644506882 41896 0.000000 1 2
796 345 1552 782 2 1 1 1644506884 217547 0.000000 1 3
756 415 1512 852 2 1 1 1644506884 217548 0.000000 1 3
696 334 1532 817 2 1 1 1644506885 34176 0.000000 1 3
588 226 1066 502 2 1 1 1644506886 19741 0.000000 1 4
682 481 763 572 2 0 1 1644506887 787567 0.000000 1 2
680 397 803 537 2 0 1 1644506888 25850 0.000000 1 2
2 4 2 2 44 1 1
2 4
2 3
2 6
2 2
609 396 520 292 2 1 1 1644506875 650538 0.000000 2 1
691 409 560 257 2 1 1 1644506875 650539 0.000000 2 1
731 374 600 222 2 1 1 1644506875 650539 0.000000 2 1
609 396 520 292 2 1 1 1644506875 650539 180000.000000 2 1
691 409 560 257 2 1 1 1644506875 650547 180000.000000 2 1
731 374 600 222 2 1 1 1644506875 650547 180000.000000 2 1
609 396 520 292 2 1 1 1644506875 650547 360000.000000 2 1
670 385 560 257 2 1 1 1644506875 650547 360000.000000 2 1
745 390 600 222 2 1 1 1644506875 650547 360000.000000 2 1
539 316 520 292 2 1 1 1644506875 650548 540000.000000 2 1
670 385 560 257 2 1 1 1644506875 650548 540000.000000 2 1
843 502 600 222 2 1 1 1644506875 650548 540000.000000 2 1
539 316 520 292 2 1 1 1644506875 650548 720000.000000 2 1
803 537 560 257 2 1 1 1644506875 650548 720000.000000 2 1
843 502 600 222 2 1 1 1644506875 650548 720000.000000 2 1
813 572 1046 572 2 1 1 1644506876 737367 0.000000 2 4
813 537 1046 537 2 1 1 1644506876 737368 0.000000 2 4
813 502 1046 502 2 1 1 1644506876 737368 0.000000 2 4
823 572 1046 572 2 1 1 1644506876 737368 180000.000000 2 4
823 537 1046 537 2 1 1 1644506876 737368 180000.000000 2 4
823 502 1046 502 2 1 1 1644506876 737368 180000.000000 2 4
953 572 1046 572 2 1 1 1644506876 737368 360000.000000 2 4
740 465 560 257 2 1 1 1644506880 70084 0.000000 2 1
843 502 600 222 2 1 1 1644506880 70085 0.000000 2 1
539 316 520 292 2 1 1 1644506880 70085 0.000000 2 1
740 465 560 257 2 1 1 1644506880 70085 180000.000000 2 1
1176 622 1545 782 2 1 1 1644506882 415502 0.000000 2 3
1492 840 1519 852 2 1 1 1644506882 415503 0.000000 2 3
1379 750 1532 817 2 1 1 1644506882 415503 0.000000 2 3
1374 707 1545 782 2 1 1 1644506882 415503 180000.000000 2 3
1492 840 1519 852 2 1 1 1644506882 415503 180000.000000 2 3
1505 805 1532 817 2 1 1 1644506882 415503 180000.000000 2 3
1518 770 1545 782 2 1 1 1644506882 415503 360000.000000 2 3
1492 840 1519 852 2 1 1 1644506885 34176 0.000000 2 3
1505 805 1532 817 2 1 1 1644506885 34176 0.000000 2 3
816 502 1545 782 2 1 1 1644506885 34177 0.000000 2 3
1492 840 1519 852 2 1 1 1644506885 34177 180000.000000 2 3
1023 537 1046 537 2 1 1 1644506886 19741 0.000000 2 4
873 502 1046 502 2 1 1 1644506887 957646 0.000000 2 4
813 572 1046 572 2 0 1 1644506888 670203 0.000000 2 4
813 537 1046 537 2 0 1 1644506888 670203 0.000000 2 4
813 502 1046 502 2 0 1 1644506888 670203 0.000000 2 4
803 572 1046 572 2 0 0 1644506888 670203 180000.000000 2 4
803 537 1046 537 2 0 0 1644506888 670203 180000.000000 2 4
2 3 0 0 30 0 0
5 8
5 9
6 7
1008 562 540 292 3 1 1 1644506875 650535 0.000000 3 1
992 506 560 257 3 1 1 1644506875 650536 0.000000 3 1
1039 487 580 222 3 1 1 1644506875 650536 0.000000 3 1
567 307 540 292 3 1 1 1644506875 650536 180000.000000 3 1
974 496 560 257 3 1 1 1644506875 650536 180000.000000 3 1
1021 476 580 222 3 1 1 1644506875 650536 180000.000000 3 1
567 307 540 292 3 1 1 1644506875 650536 360000.000000 3 1
587 272 560 257 3 1 1 1644506875 650536 360000.000000 3 1
1021 476 580 222 3 1 1 1644506875 650536 360000.000000 3 1
567 307 540 292 3 1 1 1644506875 650536 540000.000000 3 1
587 272 560 257 3 1 1 1644506875 650536 540000.000000 3 1
607 237 580 222 3 1 1 1644506875 650536 540000.000000 3 1
567 307 540 292 3 1 1 1644506875 650536 720000.000000 3 1
587 272 560 257 3 1 1 1644506875 650536 720000.000000 3 1
607 237 580 222 3 1 1 1644506875 650536 720000.000000 3 1
819 581 790 572 3 1 1 1644506879 728607 0.000000 3 2
832 546 803 537 3 1 1 1644506879 728607 0.000000 3 2
845 511 816 502 3 1 1 1644506879 728607 0.000000 3 2
819 581 790 572 3 1 1 1644506879 728607 180000.000000 3 2
1433 761 560 257 3 1 1 1644506884 217548 0.000000 3 1
1426 710 580 222 3 1 1 1644506884 217548 0.000000 3 1
1053 587 1026 572 2 1 1 1644506886 19741 0.000000 3 4
1073 552 1046 537 2 1 1 1644506886 19741 0.000000 3 4
1093 517 1066 502 2 1 1 1644506886 19741 0.000000 3 4
1089 608 1026 572 2 1 1 1644506886 19741 180000.000000 3 4
1334 703 1046 537 2 0 1 1644506887 957647 0.000000 3 4
1354 668 1066 502 2 0 1 1644506887 957647 0.000000 3 4
1314 738 1026 572 2 0 1 1644506887 957652 0.000000 3 4
1379 729 1046 537 2 0 1 1644506887 957652 180000.000000 3 4
1543 777 1066 502 2 0 1 1644506888 670204 0.000000 3 4
4 3 1 0 31 0 1
3 4
3 6
4 3
836 572 803 572 4 1 1 1644506875 650548 0.000000 4 2
836 537 803 537 4 1 1 1644506875 650549 0.000000 4 2
896 502 803 502 4 1 1 1644506875 650549 0.000000 4 2
826 572 803 572 4 1 1 1644506875 650549 180000.000000 4 2
826 537 803 537 4 1 1 1644506875 650549 180000.000000 4 2
826 502 803 502 4 1 1 1644506875 650549 180000.000000 4 2
826 572 803 572 4 1 1 1644506875 650549 360000.000000 4 2
826 537 803 537 4 1 1 1644506875 650549 360000.000000 4 2
826 502 803 502 4 1 1 1644506875 650549 360000.000000 4 2
866 572 803 572 4 1 1 1644506875 650549 540000.000000 4 2
866 537 803 537 4 1 1 1644506875 650549 540000.000000 4 2
866 502 803 502 4 1 1 1644506875 650549 540000.000000 4 2
876 572 803 572 4 1 1 1644506875 650549 720000.000000 4 2
876 537 803 537 4 1 1 1644506875 650549 720000.000000 4 2
876 502 803 502 4 1 1 1644506875 650549 720000.000000 4 2
900 500 540 292 4 1 1 1644506879 592565 0.000000 4 1
803 397 560 257 4 1 1 1644506879 592565 0.000000 4 1
823 362 580 222 4 1 1 1644506879 592565 0.000000 4 1
774 427 540 292 4 1 1 1644506879 592565 180000.000000 4 1
812 402 560 257 4 1 1 1644506884 251522 0.000000 4 1
841 372 580 222 4 1 1 1644506884 251522 0.000000 4 1
819 453 540 292 4 1 1 1644506884 251522 0.000000 4 1
740 361 560 257 4 1 1 1644506884 251522 180000.000000 4 1
634 253 580 222 4 1 1 1644506884 251522 180000.000000 4 1
1046 572 803 572 4 1 1 1644506887 752924 0.000000 4 2
826 537 803 537 4 1 1 1644506887 752924 0.000000 4 2
926 502 803 502 4 1 1 1644506887 752925 0.000000 4 2
826 572 803 572 4 1 1 1644506887 752925 180000.000000 4 2
826 537 803 537 4 1 1 1644506887 752925 180000.000000 4 2
826 502 803 502 4 1 1 1644506887 752925 180000.000000 4 2
866 572 803 572 4 0 1 1644506887 752925 360000.000000 4 2
10 1 20 0 0 0 0
3 0
10 2 20 0 0 0 0
4 8
4 6
10 2 20 0 0 0 0
3 7
3 8
10 2 20 0 0 0 0
0 7
0 8
10 3 20 0 0 0 0
2 7
2 9
1 6
10 1 20 0 0 0 0
5 2
10 1 20 0 0 0 0
6 2
10 1 20 0 0 0 0
2 0
2
4 822 392 1 0 1644506875 786837 0.000000 2
4 1065 532 1 0 1644506884 285700 0.000000 4
0 1 10 -1 -1 1
0 1 10 -1 -1 1
0 1 10 -1 0 1
0 1 10 -1 -1 1
0 1 10 -1 1 1
0
