arya                            
8 50 20 10 0 1
7 10 128 156 4 1 13
249 226 1 3 1 1
492 226 0 0 0 0
735 226 0 5 1 0
978 226 0 0 0 0
1221 226 1 0 0 0
1464 226 1 6 0 1
1707 226 1 8 1 1
128 296 0 11 1 0
371 296 1 2 0 1
614 296 0 0 0 0
857 296 0 5 0 0
1100 296 0 0 0 0
1343 296 0 0 0 0
1586 296 1 6 0 1
249 366 1 3 0 1
492 366 1 2 1 1
735 366 1 4 1 1
978 366 1 11 1 1
1221 366 1 1 1 1
1464 366 1 6 1 1
1707 366 1 8 1 1
128 436 0 0 0 0
371 436 1 2 1 1
614 436 1 2 0 1
857 436 1 4 0 1
1100 436 1 1 0 1
1343 436 0 0 0 0
1586 436 1 6 0 1
249 506 1 12 1 1
492 506 0 0 0 0
735 506 1 4 1 1
978 506 1 11 0 1
1221 506 1 1 1 1
1464 506 0 0 0 0
1707 506 1 8 0 1
128 576 0 0 0 0
371 576 1 7 0 1
614 576 0 0 0 0
857 576 0 0 0 0
1100 576 0 0 0 0
1343 576 1 1 0 1
1586 576 1 9 1 1
249 646 0 0 0 0
492 646 1 7 1 1
735 646 0 2 0 0
978 646 0 0 1 0
1221 646 0 0 0 0
1464 646 1 9 0 1
1707 646 1 9 0 1
128 716 0 0 0 0
371 716 0 0 0 0
614 716 0 9 1 0
857 716 0 0 0 0
1100 716 1 0 0 0
1343 716 1 10 1 1
1586 716 1 9 1 1
249 786 1 0 1 1
492 786 1 7 0 1
735 786 1 5 1 1
978 786 0 0 0 0
1221 786 0 3 1 0
1464 786 0 0 0 0
1707 786 1 9 0 1
128 856 1 0 0 1
371 856 0 0 0 0
614 856 0 0 0 0
857 856 1 5 0 1
1100 856 0 0 0 0
1343 856 1 10 0 1
1586 856 1 9 0 1
0 2 31 0 0 0 0
0 8
0 9
1 4 2 0 29 0 1
4 4
4 3
4 2
5 5
1516 463 1545 451 1 1 1 1644503861 149856 0.000000 1 6
1496 428 1525 416 1 1 1 1644503861 149857 0.000000 1 6
1476 393 1505 381 1 1 1 1644503861 149857 0.000000 1 6
1516 463 1545 451 1 1 1 1644503861 149857 180000.000000 1 6
1496 428 1525 416 1 1 1 1644503861 149857 180000.000000 1 6
1476 393 1505 381 1 1 1 1644503861 149857 180000.000000 1 6
1516 463 1545 451 1 1 1 1644503861 149857 360000.000000 1 6
1496 428 1525 416 1 1 1 1644503861 149857 360000.000000 1 6
1476 393 1505 381 1 1 1 1644503861 149857 360000.000000 1 6
1516 463 1545 451 1 1 1 1644503861 149857 540000.000000 1 6
1496 428 1525 416 1 1 1 1644503861 149857 540000.000000 1 6
1476 393 1505 381 1 1 1 1644503861 149857 540000.000000 1 6
1516 463 1545 451 1 1 1 1644503861 149858 720000.000000 1 6
1496 428 1525 416 1 1 1 1644503861 149858 720000.000000 1 6
1476 393 1505 381 1 1 1 1644503861 149858 720000.000000 1 6
1516 463 1545 451 1 1 1 1644503861 149858 900000.000000 1 6
1496 428 1525 416 1 1 1 1644503861 149858 900000.000000 1 6
1476 393 1505 381 1 1 1 1644503861 149858 900000.000000 1 6
1516 463 1545 451 1 1 1 1644503861 149858 1080000.000000 1 6
1496 428 1525 416 1 1 1 1644503861 149858 1080000.000000 1 6
1476 393 1505 381 1 1 1 1644503861 149858 1080000.000000 1 6
1516 463 1545 451 1 1 1 1644503861 149858 1260000.000000 1 6
852 470 553 416 1 1 1 1644503865 36173 0.000000 1 2
848 433 559 381 1 1 1 1644503865 36174 0.000000 1 2
826 501 547 451 1 1 1 1644503865 36174 0.000000 1 2
852 470 553 416 1 1 1 1644503865 36174 180000.000000 1 2
1731 383 1758 381 1 1 1 1644503867 679491 0.000000 1 8
1751 453 1778 451 1 1 1 1644503867 679491 0.000000 1 8
1741 418 1768 416 1 1 1 1644503868 18367 0.000000 1 8
2 4 5 0 26 0 1
1 2
1 3
1 1
2 3
637 461 1276 591 2 1 1 1644503861 149860 0.000000 2 1
643 426 1282 556 2 1 1 1644503861 149860 0.000000 2 1
649 391 1288 521 2 1 1 1644503861 149860 0.000000 2 1
592 456 1276 591 2 0 1 1644503861 149860 180000.000000 2 1
598 421 1282 556 2 0 1 1644503861 149867 180000.000000 2 1
604 386 1288 521 2 0 1 1644503861 149867 180000.000000 2 1
547 451 1276 591 2 0 1 1644503861 149867 360000.000000 2 1
553 416 1282 556 2 0 1 1644503861 149867 360000.000000 2 1
559 381 1288 521 2 0 1 1644503861 149867 360000.000000 2 1
547 451 1276 591 2 0 1 1644503861 149867 540000.000000 2 1
553 416 1282 556 2 0 1 1644503861 149867 540000.000000 2 1
559 381 1288 521 2 0 1 1644503861 149867 540000.000000 2 1
547 451 1276 591 2 0 1 1644503861 149867 720000.000000 2 1
553 416 1282 556 2 0 1 1644503861 149868 720000.000000 2 1
559 381 1288 521 2 0 1 1644503861 149868 720000.000000 2 1
547 451 1276 591 2 0 1 1644503861 149868 900000.000000 2 1
553 416 1282 556 2 0 1 1644503861 149868 900000.000000 2 1
559 381 1288 521 2 0 1 1644503861 149868 900000.000000 2 1
547 451 1276 591 2 0 1 1644503861 149868 1080000.000000 2 1
553 416 1282 556 2 0 1 1644503861 149868 1080000.000000 2 1
559 381 1288 521 2 0 1 1644503861 149868 1080000.000000 2 1
547 451 1276 591 2 0 1 1644503861 149868 1260000.000000 2 1
553 416 1282 556 2 0 1 1644503865 230852 0.000000 2 1
559 381 1288 521 2 0 1 1644503865 230852 0.000000 2 1
547 451 1276 591 2 0 1 1644503865 230852 0.000000 2 1
553 416 1282 556 2 0 1 1644503865 230852 180000.000000 2 1
3 2 5 0 26 0 0
0 0
0 2
370 357 533 451 3 0 1 1644503861 149869 0.000000 3 2
390 322 553 416 3 0 1 1644503861 149869 0.000000 3 2
410 287 573 381 3 0 1 1644503861 149869 0.000000 3 2
330 334 533 451 3 0 1 1644503861 149869 180000.000000 3 2
350 299 553 416 3 0 1 1644503861 149869 180000.000000 3 2
370 264 573 381 3 0 1 1644503861 149869 180000.000000 3 2
290 311 533 451 3 0 1 1644503861 149869 360000.000000 3 2
310 276 553 416 3 0 1 1644503861 149869 360000.000000 3 2
330 241 573 381 3 0 1 1644503861 149869 360000.000000 3 2
290 311 533 451 3 0 1 1644503861 149869 540000.000000 3 2
310 276 553 416 3 0 1 1644503861 149869 540000.000000 3 2
330 241 573 381 3 0 1 1644503861 149869 540000.000000 3 2
290 311 533 451 3 0 1 1644503861 149869 720000.000000 3 2
310 276 553 416 3 0 1 1644503861 149870 720000.000000 3 2
330 241 573 381 3 0 1 1644503861 149870 720000.000000 3 2
290 311 533 451 3 0 1 1644503861 149870 900000.000000 3 2
310 276 553 416 3 0 1 1644503861 149870 900000.000000 3 2
330 241 573 381 3 0 1 1644503861 149870 900000.000000 3 2
290 311 533 451 3 0 1 1644503861 149870 1080000.000000 3 2
310 276 553 416 3 0 1 1644503861 149870 1080000.000000 3 2
330 241 573 381 3 0 1 1644503861 149870 1080000.000000 3 2
290 311 533 451 3 0 1 1644503861 149870 1260000.000000 3 2
310 276 1282 556 3 0 1 1644503865 230852 0.000000 3 1
320 241 1292 521 3 0 1 1644503865 230852 0.000000 3 1
300 311 1272 591 3 0 1 1644503865 230853 0.000000 3 1
310 276 1282 556 3 0 1 1644503865 230853 180000.000000 3 1
4 3 5 0 26 0 0
2 2
2 4
3 3
696 451 553 451 4 1 1 1644503861 149870 0.000000 4 2
696 416 553 416 4 1 1 1644503861 149871 0.000000 4 2
706 381 553 381 4 1 1 1644503861 149871 0.000000 4 2
746 451 553 451 4 0 1 1644503861 149871 180000.000000 4 2
746 416 553 416 4 0 1 1644503861 149871 180000.000000 4 2
746 381 553 381 4 0 1 1644503861 149871 180000.000000 4 2
796 451 553 451 4 1 1 1644503861 149871 360000.000000 4 2
796 416 553 416 4 1 1 1644503861 149871 360000.000000 4 2
796 381 553 381 4 0 1 1644503861 149871 360000.000000 4 2
796 451 553 451 4 1 1 1644503861 149871 540000.000000 4 2
796 416 553 416 4 1 1 1644503861 149871 540000.000000 4 2
796 381 553 381 4 0 1 1644503861 149871 540000.000000 4 2
796 451 553 451 4 1 1 1644503861 149871 720000.000000 4 2
796 416 553 416 4 0 1 1644503861 149871 720000.000000 4 2
796 381 553 381 4 0 1 1644503861 149871 720000.000000 4 2
796 451 553 451 4 1 1 1644503861 149872 900000.000000 4 2
796 416 553 416 4 0 1 1644503861 149872 900000.000000 4 2
796 381 553 381 4 0 1 1644503861 149872 900000.000000 4 2
796 451 553 451 4 1 1 1644503861 149872 1080000.000000 4 2
796 416 553 416 4 0 1 1644503861 149872 1080000.000000 4 2
796 381 553 381 4 0 1 1644503861 149872 1080000.000000 4 2
796 451 553 451 4 0 1 1644503861 149872 1260000.000000 4 2
796 416 1282 556 4 0 1 1644503865 230853 0.000000 4 1
806 381 1292 521 4 1 1 1644503865 230853 0.000000 4 1
786 451 1272 591 4 0 1 1644503865 230853 0.000000 4 1
796 416 1282 556 4 0 1 1644503865 230853 180000.000000 4 1
10 2 20 0 0 0 0
2 8
3 9
1 4 5 0 4 0 0
5 2
5 0
6 3
6 1
855 451 553 451 1 1 1 1644503865 36174 0.000000 6 2
855 416 553 416 1 1 1 1644503865 36174 0.000000 6 2
865 381 553 381 1 1 1 1644503865 36174 0.000000 6 2
855 451 553 451 1 1 1 1644503865 36174 180000.000000 6 2
10 3 20 0 0 0 0
1 6
1 5
1 8
10 3 17 0 0 0 0
6 2
6 4
6 0
10 6 20 0 0 0 0
6 7
6 8
6 6
6 9
6 5
5 6
10 2 20 0 0 0 0
5 7
5 9
10 2 20 0 0 0 0
3 2
3 4
10 1 20 0 0 0 0
0 4
6
2 978 582 0 0 0 0 0.000000 0
2 1418 461 1 1 1644503861 524958 0.000000 1
2 1032 773 0 0 0 0 0.000000 0
2 1439 475 1 0 1644503868 88609 0.000000 1
2 1152 766 0 0 0 0 0.000000 0
2 1665 429 0 0 0 0 0.000000 0
0 1 0 -1 -1 1
0 1 10 2 3 1
0 1 0 -1 -1 1
0 1 0 -1 -1 1
0 1 0 -1 -1 1
0
