arya                            
8 50 20 10 0 1
7 15 28 82 4 1 13
92 119 1 0 0 0
221 119 1 0 1 1
350 119 1 9 1 1
479 119 0 0 0 0
608 119 0 0 0 0
737 119 1 0 0 0
866 119 1 12 1 1
28 156 0 0 0 0
157 156 1 0 0 1
286 156 1 0 0 1
415 156 0 0 0 0
544 156 1 8 1 1
673 156 0 0 0 0
802 156 1 11 0 1
92 193 0 0 0 0
221 193 0 0 0 0
350 193 1 9 0 1
479 193 0 0 0 0
608 193 1 5 0 1
737 193 0 0 0 0
866 193 1 11 0 1
28 230 0 0 0 0
157 230 0 0 0 0
286 230 0 0 0 0
415 230 1 0 0 0
544 230 0 0 0 0
673 230 1 5 1 1
802 230 1 11 1 1
92 267 0 0 0 0
221 267 0 0 0 0
350 267 1 4 0 1
479 267 1 3 0 1
608 267 1 5 0 1
737 267 1 5 0 1
866 267 1 2 0 1
28 304 1 0 0 0
157 304 0 0 0 0
286 304 1 4 0 1
415 304 0 0 0 0
544 304 0 0 0 0
673 304 0 0 0 0
802 304 0 0 0 0
92 341 1 6 0 1
221 341 0 0 0 0
350 341 1 4 1 1
479 341 1 3 1 1
608 341 1 0 0 0
737 341 0 0 0 0
866 341 1 2 1 1
28 378 0 0 0 0
157 378 0 0 0 0
286 378 0 0 0 0
415 378 0 0 0 0
544 378 0 0 0 0
673 378 1 0 0 0
802 378 1 2 0 1
92 415 1 6 1 1
221 415 0 0 0 0
350 415 0 0 0 0
479 415 1 1 0 1
608 415 0 0 0 0
737 415 0 0 0 0
866 415 0 0 0 0
28 452 0 0 0 0
157 452 1 6 0 1
286 452 1 0 0 0
415 452 1 1 0 1
544 452 1 1 0 1
673 452 0 0 0 0
802 452 1 0 0 0
92 489 1 6 0 1
221 489 1 0 0 0
350 489 0 0 0 0
479 489 1 1 1 1
608 489 1 0 0 0
737 489 1 0 0 0
866 489 0 0 0 0
28 526 0 0 0 0
157 526 0 0 0 0
286 526 0 0 0 0
415 526 0 0 0 0
544 526 0 0 0 0
673 526 0 0 0 0
802 526 0 0 0 0
92 563 1 10 1 1
221 563 1 0 0 0
350 563 0 0 0 0
479 563 0 0 0 0
608 563 0 0 0 0
737 563 0 0 0 0
866 563 1 0 0 0
28 600 0 0 0 0
157 600 0 0 0 0
286 600 1 7 0 1
415 600 0 0 0 0
544 600 1 0 0 0
673 600 0 0 0 0
802 600 0 0 0 0
92 637 1 10 0 1
221 637 1 0 0 0
350 637 1 7 1 1
479 637 0 0 0 0
608 637 0 0 0 0
737 637 1 0 0 0
866 637 1 0 0 0
0 3 10 0 0 0 0
1 0
1 1
2 1
1 4 10 0 0 0 0
3 10
3 9
3 8
4 9
2 3 10 0 0 0 0
6 6
6 7
6 4
3 2 10 0 0 0 0
3 6
3 4
4 3 10 0 0 0 0
2 6
2 5
2 4
10 4 20 0 0 0 0
5 3
5 4
4 4
4 2
10 4 20 0 0 0 0
0 8
0 10
0 6
1 9
10 2 20 0 0 0 0
2 14
2 13
10 1 20 0 0 0 0
4 1
10 2 20 0 0 0 0
2 0
2 2
10 2 20 0 0 0 0
0 12
0 14
10 3 20 0 0 0 0
6 3
6 2
6 1
10 1 20 0 0 0 0
6 0
0
0 1 10 -1 -1 1
0 1 10 -1 -1 1
0 1 10 -1 -1 1
0 1 10 -1 -1 1
0 1 10 -1 -1 1
0
