arya                            
8 50 20 10 0 1
7 11 104 84 4 1 13
189 133 1 2 0 1
360 133 1 2 0 1
531 133 0 0 0 0
702 133 0 0 0 0
873 133 1 0 0 0
1044 133 1 12 0 1
1215 133 0 0 0 0
104 183 1 10 1 1
275 183 1 2 1 1
446 183 0 0 0 0
617 183 1 0 0 1
788 183 0 0 0 0
959 183 1 0 0 0
1130 183 1 12 1 1
189 232 1 2 0 1
360 232 0 0 0 0
531 232 1 0 1 1
702 232 1 11 1 1
873 232 0 0 0 0
1044 232 0 0 0 0
1215 232 0 0 0 0
104 282 1 10 0 1
275 282 1 2 0 1
446 282 0 0 0 0
617 282 1 0 0 1
788 282 1 3 0 1
959 282 0 0 0 0
1130 282 0 0 0 0
189 331 0 0 0 0
360 331 0 0 0 0
531 331 0 0 0 0
702 331 1 3 0 1
873 331 1 3 0 1
1044 331 1 1 0 1
1215 331 1 1 0 1
104 381 1 4 0 1
275 381 0 0 0 0
446 381 1 9 0 1
617 381 0 0 0 0
788 381 1 3 1 1
959 381 1 5 1 1
1130 381 1 1 1 1
189 430 1 4 1 1
360 430 0 0 0 0
531 430 1 9 1 1
702 430 0 0 0 0
873 430 1 3 0 1
1044 430 0 0 0 0
1215 430 0 0 0 0
104 480 1 4 0 1
275 480 1 4 0 1
446 480 0 0 0 0
617 480 0 0 0 0
788 480 0 0 0 0
959 480 1 5 0 1
1130 480 1 1 0 1
189 529 1 4 0 1
360 529 1 6 1 1
531 529 1 9 0 1
702 529 1 7 0 1
873 529 1 8 0 1
1044 529 0 0 0 0
1215 529 0 0 0 0
104 579 1 0 0 0
275 579 1 6 0 1
446 579 0 0 0 0
617 579 0 0 0 0
788 579 1 7 0 1
959 579 1 8 1 1
1130 579 0 0 0 0
189 628 0 0 0 0
360 628 1 6 0 1
531 628 0 0 0 0
702 628 1 7 1 1
873 628 1 8 0 1
1044 628 1 8 0 1
1215 628 0 0 0 0
0 3 10 0 0 0 0
2 2
3 3
3 1
1 4 10 0 0 0 0
6 5
6 4
6 7
5 4
2 5 10 0 0 0 0
1 1
1 0
1 3
0 2
0 0
3 5 10 0 0 0 0
4 5
4 6
4 4
4 3
3 4
4 5 10 0 0 0 0
0 6
0 7
0 5
0 8
1 7
10 2 20 0 0 0 0
5 5
5 7
10 3 20 0 0 0 0
1 8
1 9
1 10
10 3 20 0 0 0 0
3 10
3 8
4 9
10 4 20 0 0 0 0
5 9
5 10
4 10
4 8
10 3 20 0 0 0 0
2 6
2 5
2 8
10 2 20 0 0 0 0
0 1
0 3
10 1 20 0 0 0 0
3 2
10 2 20 0 0 0 0
6 1
5 0
0
0 1 10 -1 -1 1
0 1 10 -1 -1 1
0 1 10 -1 -1 1
0 1 10 -1 -1 1
0 1 10 -1 -1 1
0
