arya                            
8 50 20 10 0 1
7 10 61 179 4 1 13
182 249 1 0 1 1
425 249 0 0 0 0
668 249 0 11 1 0
911 249 0 0 0 0
1154 249 1 5 1 1
1397 249 0 0 0 0
1640 249 1 0 0 0
61 319 1 0 0 1
304 319 1 0 0 1
547 319 0 11 0 0
790 319 1 8 1 1
1033 319 1 5 0 1
1276 319 1 5 0 1
1519 319 0 0 0 0
182 389 1 0 1 1
425 389 1 11 1 1
668 389 0 0 0 0
911 389 0 0 0 0
1154 389 1 5 0 1
1397 389 1 2 0 1
1640 389 1 2 0 1
61 459 0 0 0 0
304 459 0 0 0 0
547 459 0 0 0 0
790 459 1 8 1 1
1033 459 1 10 0 1
1276 459 0 0 0 0
1519 459 1 2 1 1
182 529 1 0 0 1
425 529 1 11 0 1
668 529 0 0 0 0
911 529 0 4 0 0
1154 529 1 10 1 1
1397 529 0 0 0 0
1640 529 1 2 0 1
61 599 1 9 1 1
304 599 0 0 0 0
547 599 0 0 1 0
790 599 0 4 0 0
1033 599 1 10 1 1
1276 599 1 3 0 1
1519 599 0 0 0 0
182 669 0 0 0 0
425 669 0 0 0 0
668 669 0 0 0 0
911 669 1 6 0 1
1154 669 1 3 0 1
1397 669 0 10 1 0
1640 669 1 7 1 1
61 739 1 9 1 1
304 739 1 12 1 1
547 739 1 1 0 1
790 739 1 6 1 1
1033 739 1 0 0 0
1276 739 1 3 1 1
1519 739 0 0 0 0
182 809 1 9 0 1
425 809 1 1 0 1
668 809 1 1 0 1
911 809 0 6 0 0
1154 809 0 7 0 0
1397 809 1 3 0 1
1640 809 0 0 0 0
61 879 0 0 0 0
304 879 0 1 1 0
547 879 1 1 1 1
790 879 1 6 0 1
1033 879 0 0 0 0
1276 879 0 7 1 0
1519 879 1 4 1 1
0 5 10 0 0 0 0
0 2
0 1
0 4
0 0
1 1
1 4 10 0 0 0 0
2 9
2 8
2 7
1 8
2 4 10 0 0 0 0
6 3
6 4
6 2
5 2
3 4 10 0 0 0 0
5 7
5 8
5 5
4 6
4 1 10 0 0 0 0
6 9
10 4 20 0 0 0 0
4 0
4 1
4 2
5 1
10 3 20 0 0 0 0
3 7
3 6
3 9
10 1 20 0 0 0 0
6 6
10 2 20 0 0 0 0
3 1
3 3
10 3 20 0 0 0 0
0 7
0 8
0 5
10 3 20 0 0 0 0
4 4
4 5
4 3
10 2 20 0 0 0 0
1 2
1 4
10 1 20 0 0 0 0
1 7
0
0 1 10 -1 -1 1
0 1 10 -1 -1 1
0 1 10 -1 -1 1
0 1 10 -1 -1 1
0 1 10 -1 -1 1
0
