arya                            
8 50 20 10 0 1
7 15 44 65 4 1 13
108 102 0 0 0 0
237 102 0 0 0 0
366 102 1 0 0 0
495 102 1 4 1 1
624 102 0 0 0 0
753 102 0 0 0 0
882 102 1 0 0 0
44 139 1 0 0 0
173 139 0 0 0 0
302 139 1 5 0 1
431 139 1 4 0 1
560 139 1 4 0 1
689 139 1 11 1 1
818 139 1 0 0 0
108 176 0 0 0 0
237 176 1 5 0 1
366 176 0 0 0 0
495 176 1 4 0 1
624 176 1 11 0 1
753 176 0 0 0 0
882 176 0 0 0 0
44 213 0 0 0 0
173 213 0 0 0 0
302 213 1 5 1 1
431 213 1 10 1 1
560 213 0 0 0 0
689 213 0 0 0 0
818 213 1 0 0 0
108 250 0 0 0 0
237 250 0 0 0 0
366 250 1 5 0 1
495 250 0 0 0 0
624 250 0 0 0 0
753 250 0 0 0 0
882 250 1 0 0 1
44 287 1 0 0 0
173 287 0 0 0 0
302 287 0 0 0 0
431 287 0 0 0 0
560 287 0 0 0 0
689 287 1 8 1 1
818 287 1 0 0 1
108 324 0 0 0 0
237 324 0 0 0 0
366 324 0 0 0 0
495 324 0 0 0 0
624 324 1 8 0 1
753 324 1 8 0 1
882 324 1 0 1 1
44 361 0 0 0 0
173 361 1 0 0 0
302 361 1 1 1 1
431 361 1 7 1 1
560 361 0 0 0 0
689 361 0 0 0 0
818 361 0 0 0 0
108 398 0 0 0 0
237 398 1 1 0 1
366 398 1 1 0 1
495 398 0 0 0 0
624 398 1 3 0 1
753 398 0 0 0 0
882 398 0 0 0 0
44 435 1 0 0 0
173 435 0 0 0 0
302 435 1 1 0 1
431 435 0 0 0 0
560 435 0 0 0 0
689 435 1 3 0 1
818 435 1 0 0 0
108 472 0 0 0 0
237 472 1 12 1 1
366 472 0 0 0 0
495 472 0 0 0 0
624 472 1 3 1 1
753 472 1 0 0 0
882 472 1 9 0 1
44 509 1 0 0 0
173 509 0 0 0 0
302 509 0 0 0 0
431 509 1 2 1 1
560 509 1 3 0 1
689 509 0 0 0 0
818 509 0 0 0 0
108 546 1 0 0 0
237 546 0 0 0 0
366 546 0 0 0 0
495 546 1 2 0 1
624 546 1 3 0 1
753 546 1 0 0 0
882 546 1 9 1 1
44 583 0 0 0 0
173 583 1 0 0 0
302 583 1 0 0 0
431 583 0 0 0 0
560 583 1 6 1 1
689 583 0 0 0 0
818 583 0 0 0 0
108 620 1 0 0 0
237 620 0 0 0 0
366 620 1 0 0 0
495 620 0 0 0 0
624 620 1 6 0 1
753 620 0 0 0 0
882 620 0 0 0 0
0 3 10 0 0 0 0
6 6
6 5
6 4
1 4 10 0 0 0 0
2 7
2 8
2 9
1 8
2 2 10 0 0 0 0
3 11
3 12
3 5 10 0 0 0 0
4 10
4 11
4 12
4 8
5 9
4 4 10 0 0 0 0
3 0
3 1
3 2
4 1
10 4 20 0 0 0 0
2 3
2 4
2 1
1 2
10 2 20 0 0 0 0
4 13
4 14
10 1 20 0 0 0 0
3 7
10 3 20 0 0 0 0
5 5
5 6
4 6
10 2 20 0 0 0 0
6 12
6 10
10 1 20 0 0 0 0
3 3
10 2 20 0 0 0 0
5 1
4 2
10 1 20 0 0 0 0
1 10
0
0 1 10 -1 -1 1
0 1 10 -1 -1 1
0 1 10 -1 -1 1
0 1 10 -1 -1 1
0 1 10 -1 -1 1
0
