arya                            
8 50 20 10 0 1
7 9 108 134 4 1 13
193 183 0 0 0 0
364 183 1 7 1 1
535 183 0 0 0 0
706 183 0 0 0 0
877 183 0 0 0 0
1048 183 0 0 0 0
1219 183 0 0 0 0
108 233 0 0 0 0
279 233 1 7 0 1
450 233 1 5 0 1
621 233 1 2 1 1
792 233 1 6 1 1
963 233 0 0 0 0
1134 233 0 0 0 0
193 282 0 0 0 0
364 282 0 0 0 0
535 282 0 0 0 0
706 282 1 2 0 1
877 282 0 0 0 0
1048 282 0 0 0 0
1219 282 0 0 0 0
108 332 1 3 0 1
279 332 0 0 0 0
450 332 1 5 1 1
621 332 0 0 0 0
792 332 1 6 0 1
963 332 0 0 0 0
1134 332 1 4 0 1
193 381 1 3 1 1
364 381 0 0 0 0
535 381 0 0 0 0
706 381 1 10 1 1
877 381 0 0 0 0
1048 381 0 0 0 0
1219 381 1 4 1 1
108 431 0 0 0 0
279 431 0 0 0 0
450 431 1 1 0 1
621 431 0 0 0 0
792 431 1 10 0 1
963 431 0 0 0 0
1134 431 1 4 0 1
193 480 1 3 0 1
364 480 1 1 1 1
535 480 1 0 0 1
706 480 1 8 0 1
877 480 1 12 1 1
1048 480 1 11 0 1
1219 480 0 0 0 0
108 530 0 0 0 0
279 530 0 0 0 0
450 530 0 0 0 0
621 530 1 0 0 1
792 530 0 0 0 0
963 530 0 0 0 0
1134 530 0 0 0 0
193 579 0 0 0 0
364 579 0 0 0 0
535 579 1 0 1 1
706 579 1 8 1 1
877 579 0 0 0 0
1048 579 1 11 1 1
1219 579 1 9 1 1
0 3 27 0 0 0 1
2 8
2 6
3 7
1 2 5 0 22 0 0
1 6
2 5
259 460 223 440 1 1 1 1644510375 426324 0.000000 1 3
272 436 236 416 1 1 1 1644510375 426324 0.000000 1 3
285 412 249 392 1 1 1 1644510375 426324 0.000000 1 3
241 450 223 440 1 1 1 1644510375 426324 180000.000000 1 3
254 426 236 416 1 1 1 1644510375 426324 180000.000000 1 3
267 402 249 392 1 1 1 1644510375 426324 180000.000000 1 3
241 450 223 440 1 1 1 1644510375 426324 360000.000000 1 3
254 426 236 416 1 1 1 1644510375 426324 360000.000000 1 3
267 402 249 392 1 1 1 1644510375 426324 360000.000000 1 3
241 450 223 440 1 1 1 1644510375 426324 540000.000000 1 3
254 426 236 416 1 1 1 1644510375 426324 540000.000000 1 3
267 402 249 392 1 1 1 1644510375 426324 540000.000000 1 3
241 450 223 440 1 1 1 1644510375 426324 720000.000000 1 3
254 426 236 416 1 1 1 1644510375 426324 720000.000000 1 3
267 402 249 392 1 1 1 1644510375 426324 720000.000000 1 3
241 450 223 440 1 1 1 1644510375 426324 900000.000000 1 3
254 426 236 416 1 1 1 1644510375 426324 900000.000000 1 3
267 402 249 392 1 1 1 1644510375 426324 900000.000000 1 3
241 450 223 440 1 1 1 1644510375 426324 1080000.000000 1 3
254 426 236 416 1 1 1 1644510375 426324 1080000.000000 1 3
267 402 249 392 1 1 1 1644510375 426325 1080000.000000 1 3
241 450 223 440 1 1 1 1644510375 426325 1260000.000000 1 3
2 2 24 19 22 1 1
3 1
3 2
662 295 244 440 2 0 1 1644510375 426325 0.000000 2 3
654 271 236 416 2 0 1 1644510375 426325 0.000000 2 3
646 247 228 392 2 0 1 1644510375 426325 0.000000 2 3
672 292 244 440 2 0 0 1644510380 426325 180000.000000 2 3
664 268 236 416 2 0 0 1644510380 426330 180000.000000 2 3
656 244 228 392 2 0 0 1644510380 426330 180000.000000 2 3
672 292 244 440 2 0 0 1644510380 426330 360000.000000 2 3
664 268 236 416 2 0 0 1644510380 426330 360000.000000 2 3
656 244 228 392 2 0 0 1644510380 426330 360000.000000 2 3
672 292 244 440 2 0 0 1644510380 426330 540000.000000 2 3
664 268 236 416 2 0 0 1644510380 426330 540000.000000 2 3
656 244 228 392 2 0 0 1644510380 426330 540000.000000 2 3
672 292 244 440 2 0 0 1644510380 426331 720000.000000 2 3
664 268 236 416 2 0 0 1644510380 426331 720000.000000 2 3
656 244 228 392 2 0 0 1644510380 426331 720000.000000 2 3
672 292 244 440 2 0 0 1644510380 426331 900000.000000 2 3
664 268 236 416 2 0 0 1644510380 426331 900000.000000 2 3
656 244 228 392 2 0 0 1644510380 426331 900000.000000 2 3
672 292 244 440 2 0 0 1644510380 426331 1080000.000000 2 3
664 268 236 416 2 0 0 1644510380 426331 1080000.000000 2 3
656 244 228 392 2 0 0 1644510380 426331 1080000.000000 2 3
672 292 244 440 2 0 0 1644510380 426331 1260000.000000 2 3
3 3 5 2 22 1 1
0 4
0 3
0 6
231 445 565 638 3 1 1 1644510375 426321 0.000000 3 0
244 421 578 614 3 1 1 1644510375 426321 0.000000 3 0
257 397 591 590 3 1 1 1644510375 426321 0.000000 3 0
223 440 565 638 3 0 0 1644510380 426321 180000.000000 3 0
236 416 578 614 3 0 0 1644510380 426321 180000.000000 3 0
249 392 591 590 3 0 0 1644510380 426322 180000.000000 3 0
223 440 565 638 3 0 0 1644510380 426322 360000.000000 3 0
236 416 578 614 3 0 0 1644510380 426322 360000.000000 3 0
249 392 591 590 3 0 0 1644510380 426322 360000.000000 3 0
223 440 565 638 3 0 0 1644510380 426322 540000.000000 3 0
236 416 578 614 3 0 0 1644510380 426322 540000.000000 3 0
249 392 591 590 3 0 0 1644510380 426322 540000.000000 3 0
223 440 565 638 3 0 0 1644510380 426322 720000.000000 3 0
236 416 578 614 3 0 0 1644510380 426322 720000.000000 3 0
249 392 591 590 3 0 0 1644510380 426322 720000.000000 3 0
223 440 565 638 3 0 0 1644510380 426322 900000.000000 3 0
236 416 578 614 3 0 0 1644510380 426322 900000.000000 3 0
249 392 591 590 3 0 0 1644510380 426322 900000.000000 3 0
223 440 565 638 3 0 0 1644510380 426322 1080000.000000 3 0
236 416 578 614 3 0 0 1644510380 426322 1080000.000000 3 0
249 392 591 590 3 0 0 1644510380 426322 1080000.000000 3 0
223 440 565 638 3 0 0 1644510380 426322 1260000.000000 3 0
4 3 24 19 22 1 0
6 4
6 5
6 3
1247 437 659 292 4 0 1 1644510375 426331 0.000000 4 2
1252 413 664 268 4 0 1 1644510375 426331 0.000000 4 2
1257 389 669 244 4 0 1 1644510375 426331 0.000000 4 2
1257 440 659 292 4 0 0 1644510380 426332 180000.000000 4 2
1262 416 664 268 4 0 0 1644510380 426332 180000.000000 4 2
1267 392 669 244 4 0 0 1644510380 426332 180000.000000 4 2
1257 440 659 292 4 0 0 1644510380 426332 360000.000000 4 2
1262 416 664 268 4 0 0 1644510380 426332 360000.000000 4 2
1267 392 669 244 4 0 0 1644510380 426332 360000.000000 4 2
1257 440 659 292 4 0 0 1644510380 426332 540000.000000 4 2
1262 416 664 268 4 0 0 1644510380 426332 540000.000000 4 2
1267 392 669 244 4 0 0 1644510380 426332 540000.000000 4 2
1257 440 659 292 4 0 0 1644510380 426332 720000.000000 4 2
1262 416 664 268 4 0 0 1644510380 426332 720000.000000 4 2
1267 392 669 244 4 0 0 1644510380 426332 720000.000000 4 2
1257 440 659 292 4 0 0 1644510380 426332 900000.000000 4 2
1262 416 664 268 4 0 0 1644510380 426332 900000.000000 4 2
1267 392 669 244 4 0 0 1644510380 426332 900000.000000 4 2
1257 440 659 292 4 0 0 1644510380 426332 1080000.000000 4 2
1262 416 664 268 4 0 0 1644510380 426332 1080000.000000 4 2
1267 392 669 244 4 0 0 1644510380 426332 1080000.000000 4 2
1257 440 659 292 4 0 0 1644510380 426332 1260000.000000 4 2
10 2 20 0 0 0 0
2 3
2 1
10 2 20 0 0 0 0
4 1
4 3
10 2 20 0 0 0 0
1 0
1 1
10 2 20 0 0 0 0
3 8
3 6
10 1 20 0 0 0 0
6 8
10 2 20 0 0 0 0
3 4
4 5
10 2 20 0 0 0 0
5 8
5 6
10 1 20 0 0 0 0
4 6
4
1 565 323 0 0 0 0 0.000000 0
3 752 280 0 0 0 0 0.000000 0
1 407 382 0 0 0 0 0.000000 0
2 359 476 1 0 1644510375 493945 0.000000 1
0 1 0 -1 -1 1
0 1 10 2 3 1
0 1 0 -1 -1 1
0 1 0 -1 -1 1
0 1 0 -1 -1 1
0
