arya                            
8 50 20 10 0 1
7 11 41 99 4 1 13
162 169 0 0 0 0
405 169 0 0 0 0
648 169 1 4 1 1
891 169 1 11 1 1
1134 169 0 0 0 0
1377 169 0 0 0 0
1620 169 0 0 0 0
41 239 1 9 0 0
284 239 1 0 1 1
527 239 0 0 0 0
770 239 1 4 0 1
1013 239 1 11 0 1
1256 239 1 3 0 1
1499 239 0 8 0 0
162 309 0 9 1 0
405 309 1 0 1 1
648 309 0 5 1 0
891 309 1 2 0 1
1134 309 0 3 0 0
1377 309 1 3 0 1
1620 309 0 8 1 0
41 379 1 0 0 0
284 379 0 0 0 0
527 379 0 0 0 0
770 379 0 5 0 0
1013 379 1 2 0 1
1256 379 1 3 1 1
1499 379 1 7 1 1
162 449 0 0 0 0
405 449 0 0 0 0
648 449 1 12 1 1
891 449 1 2 1 1
1134 449 0 0 0 0
1377 449 0 0 0 0
1620 449 0 0 0 0
41 519 0 0 0 0
284 519 0 0 0 0
527 519 0 0 0 0
770 519 1 2 0 1
1013 519 1 2 0 1
1256 519 0 0 0 0
1499 519 0 0 0 0
162 589 0 4 0 0
405 589 1 8 1 1
648 589 0 1 1 0
891 589 1 2 0 1
1134 589 1 5 1 1
1377 589 0 10 0 0
1620 589 0 10 0 0
41 659 1 1 1 1
284 659 1 8 0 1
527 659 0 0 0 0
770 659 0 0 0 0
1013 659 0 6 0 0
1256 659 0 0 0 0
1499 659 0 10 1 0
162 729 1 1 1 1
405 729 1 8 1 1
648 729 1 0 0 0
891 729 1 6 1 1
1134 729 1 5 0 1
1377 729 0 0 0 0
1620 729 0 0 0 0
41 799 1 1 0 1
284 799 1 10 0 1
527 799 0 0 0 0
770 799 1 6 1 1
1013 799 1 6 0 1
1256 799 0 0 0 0
1499 799 0 10 0 0
162 869 1 4 0 0
405 869 1 10 1 1
648 869 0 0 0 0
891 869 1 6 0 1
1134 869 0 0 0 0
1377 869 1 9 1 1
1620 869 0 0 0 0
0 2 20 0 0 0 0
1 1
1 2
3 3 0 0 36 0 1
0 7
0 8
0 9
217 609 385 324 1 1 1 1644503965 143107 0.000000 1 0
330 307 345 289 1 1 1 1644503965 143107 0.000000 1 0
290 272 305 254 1 1 1 1644503965 143107 0.000000 1 0
192 654 385 324 1 1 1 1644503965 143108 180000.000000 1 0
152 619 345 289 1 1 1 1644503965 143108 180000.000000 1 0
290 272 305 254 1 1 1 1644503965 143108 180000.000000 1 0
167 699 385 324 1 1 1 1644503965 143108 360000.000000 1 0
127 664 345 289 1 1 1 1644503965 143108 360000.000000 1 0
87 629 305 254 1 1 1 1644503965 143108 360000.000000 1 0
142 744 385 324 1 1 1 1644503965 143108 540000.000000 1 0
102 709 345 289 1 1 1 1644503965 143108 540000.000000 1 0
67 665 305 254 1 1 1 1644503965 143108 540000.000000 1 0
142 744 385 324 1 1 1 1644503966 28418 0.000000 1 0
102 709 345 289 1 1 1 1644503967 46666 0.000000 1 0
92 620 305 254 1 1 1 1644503968 32819 0.000000 1 0
142 744 385 324 1 1 1 1644503969 20295 0.000000 1 0
102 709 952 499 3 1 1 1644503969 460208 0.000000 1 2
94 674 944 464 3 1 1 1644503969 629196 0.000000 1 2
929 536 960 534 3 1 1 1644503969 629197 0.000000 1 2
921 501 952 499 3 1 1 1644503969 868424 0.000000 1 2
913 466 944 464 3 1 1 1644503969 868425 0.000000 1 2
929 536 960 534 3 1 1 1644503969 868425 0.000000 1 2
921 501 952 499 3 1 1 1644503970 39204 0.000000 1 2
913 466 944 464 3 1 1 1644503970 39204 0.000000 1 2
929 536 960 534 3 1 1 1644503970 685508 0.000000 1 2
921 501 952 499 3 1 1 1644503971 25013 0.000000 1 2
913 466 944 464 3 1 1 1644503971 92033 0.000000 1 2
929 536 960 534 3 1 1 1644503971 872068 0.000000 1 2
921 501 952 499 3 1 1 1644503971 872068 0.000000 1 2
913 466 944 464 3 1 1 1644503972 44726 0.000000 1 2
929 536 960 534 3 1 1 1644503973 32015 0.000000 1 2
921 501 952 499 3 1 1 1644503973 97602 0.000000 1 2
913 466 944 464 3 1 1 1644503973 97602 0.000000 1 2
758 568 960 534 3 0 1 1644503974 16762 0.000000 1 2
480 593 952 499 3 0 1 1644503975 34932 0.000000 1 2
226 734 486 884 3 0 1 1644503976 23873 0.000000 1 10
3 6 0 0 45 0 1
3 4
3 5
3 6
3 2
4 5
4 3
220 705 110 744 2 1 1 1644503965 143110 0.000000 2 1
242 661 102 709 2 1 1 1644503965 143110 0.000000 2 1
274 614 94 674 2 1 1 1644503965 143110 0.000000 2 1
190 714 110 744 2 1 1 1644503965 143111 180000.000000 2 1
182 679 102 709 2 1 1 1644503965 143125 180000.000000 2 1
204 635 94 674 2 1 1 1644503965 143125 180000.000000 2 1
190 714 110 744 2 1 1 1644503965 143125 360000.000000 2 1
152 688 102 709 2 1 1 1644503965 143125 360000.000000 2 1
134 656 94 674 2 1 1 1644503965 143126 360000.000000 2 1
960 534 110 744 2 1 1 1644503965 143126 540000.000000 2 1
952 499 102 709 2 1 1 1644503965 143126 540000.000000 2 1
944 464 94 674 2 1 1 1644503965 143126 540000.000000 2 1
190 714 110 744 3 1 1 1644503966 637176 0.000000 2 1
152 688 102 709 3 1 1 1644503966 637176 0.000000 2 1
114 664 94 674 3 1 1 1644503966 637176 0.000000 2 1
130 734 110 744 3 1 1 1644503966 637177 180000.000000 2 1
122 699 102 709 3 1 1 1644503966 637177 180000.000000 2 1
114 664 94 674 3 1 1 1644503967 46667 0.000000 2 1
130 734 110 744 3 1 1 1644503967 46668 0.000000 2 1
122 699 102 709 3 1 1 1644503967 46668 0.000000 2 1
114 664 94 674 3 1 1 1644503967 46668 180000.000000 2 1
130 734 110 744 3 1 1 1644503969 52546 0.000000 2 1
122 699 102 709 3 1 1 1644503969 52547 0.000000 2 1
908 368 749 184 3 1 1 1644503971 872069 0.000000 2 4
828 438 669 254 3 1 1 1644503971 872069 0.000000 2 4
868 403 709 219 3 1 1 1644503973 32016 0.000000 2 4
859 312 749 184 3 1 1 1644503973 32017 0.000000 2 4
800 406 669 254 3 1 1 1644503973 32017 0.000000 2 4
812 339 709 219 3 1 1 1644503973 32017 180000.000000 2 4
824 272 749 184 3 1 1 1644503973 32017 180000.000000 2 4
772 374 669 254 3 1 1 1644503973 32017 180000.000000 2 4
1285 431 1317 429 3 1 1 1644503973 132262 0.000000 2 3
1279 396 1311 394 3 1 1 1644503973 132262 0.000000 2 3
1291 466 1323 464 3 1 1 1644503973 777033 0.000000 2 3
1285 431 1317 429 3 1 1 1644503974 16763 0.000000 2 3
1279 396 1311 394 3 1 1 1644503974 118418 0.000000 2 3
1291 466 1323 464 3 1 1 1644503974 185891 0.000000 2 3
1285 431 1317 429 3 1 1 1644503974 966346 0.000000 2 3
1279 396 1311 394 3 1 1 1644503974 966346 0.000000 2 3
1291 466 1323 464 3 1 1 1644503975 34932 0.000000 2 3
1285 431 1317 429 3 1 1 1644503975 137575 0.000000 2 3
1063 438 1311 394 3 0 1 1644503976 23875 0.000000 2 3
1048 514 1323 464 3 0 1 1644503976 130477 0.000000 2 3
1024 483 1317 429 3 0 1 1644503976 197076 0.000000 2 3
1018 448 1311 394 3 0 1 1644503976 197077 0.000000 2 3
3 3 4 0 29 0 1
5 3
5 2
5 1
1013 521 958 534 3 1 1 1644503965 143126 0.000000 3 2
1007 486 952 499 3 1 1 1644503965 143126 0.000000 3 2
1001 451 946 464 3 1 1 1644503965 143127 0.000000 3 2
983 527 958 534 3 1 1 1644503965 143127 180000.000000 3 2
977 492 952 499 3 1 1 1644503965 143127 180000.000000 3 2
971 457 946 464 3 1 1 1644503965 143127 180000.000000 3 2
983 527 958 534 3 1 1 1644503965 143127 360000.000000 3 2
977 492 952 499 3 1 1 1644503965 143127 360000.000000 3 2
971 457 946 464 3 1 1 1644503965 143127 360000.000000 3 2
983 527 958 534 3 1 1 1644503965 143127 540000.000000 3 2
977 492 952 499 3 1 1 1644503965 143127 540000.000000 3 2
971 457 946 464 3 1 1 1644503965 143127 540000.000000 3 2
135 732 110 744 3 1 1 1644503966 637177 0.000000 3 1
127 697 102 709 3 1 1 1644503967 46668 0.000000 3 1
119 662 94 674 3 1 1 1644503969 52547 0.000000 3 1
135 732 110 744 3 1 1 1644503969 52547 0.000000 3 1
897 278 709 219 3 1 1 1644503971 872069 0.000000 3 4
859 227 721 184 3 1 1 1644503971 872069 0.000000 3 4
805 288 697 254 3 1 1 1644503973 32017 0.000000 3 4
757 234 709 219 3 1 1 1644503973 32017 0.000000 3 4
889 236 721 184 3 0 1 1644503974 966347 0.000000 3 4
865 306 697 254 3 0 1 1644503974 966347 0.000000 3 4
877 271 709 219 3 0 1 1644503974 966347 0.000000 3 4
1199 342 721 184 3 0 1 1644503976 23875 0.000000 3 4
1175 412 697 254 3 0 1 1644503976 23875 0.000000 3 4
1187 377 709 219 3 0 1 1644503976 23875 0.000000 3 4
1249 362 721 184 3 0 1 1644503976 23875 180000.000000 3 4
1225 432 697 254 3 0 1 1644503976 23890 180000.000000 3 4
1237 397 709 219 3 0 1 1644503976 23890 180000.000000 3 4
4 2 3 0 20 0 1
2 0
3 1
795 401 912 534 4 1 1 1644503965 143128 0.000000 4 2
835 366 952 499 4 1 1 1644503965 143128 0.000000 4 2
875 331 992 464 4 1 1 1644503965 143128 0.000000 4 2
765 366 912 534 4 1 1 1644503965 143128 180000.000000 4 2
805 331 952 499 4 1 1 1644503965 143128 180000.000000 4 2
845 296 992 464 4 1 1 1644503965 143128 180000.000000 4 2
735 331 912 534 4 1 1 1644503965 143128 360000.000000 4 2
775 296 952 499 4 1 1 1644503965 143128 360000.000000 4 2
815 261 992 464 4 1 1 1644503965 143128 360000.000000 4 2
741 338 912 534 4 0 1 1644503965 143128 540000.000000 4 2
751 268 952 499 4 1 1 1644503965 143128 540000.000000 4 2
791 233 992 464 4 1 1 1644503965 143129 540000.000000 4 2
641 326 130 744 4 0 1 1644503969 52548 0.000000 4 1
613 291 102 709 4 0 1 1644503969 52548 0.000000 4 1
585 256 74 674 4 0 1 1644503969 52548 0.000000 4 1
641 326 130 744 4 0 1 1644503969 52548 180000.000000 4 1
709 219 1317 429 4 1 1 1644503973 64674 0.000000 4 3
766 199 1329 394 4 0 1 1644503973 64675 0.000000 4 3
742 269 1305 464 4 0 1 1644503973 64675 0.000000 4 3
754 234 1317 429 4 0 1 1644503973 64675 180000.000000 4 3
10 2 20 0 0 0 0
4 6
4 8
10 4 20 0 0 0 0
3 8
3 9
3 10
4 9
10 1 20 0 0 0 0
6 3
10 3 20 0 0 0 0
1 6
1 7
1 8
10 1 20 0 0 0 0
5 10
10 2 20 0 0 0 1
1 10
1 9
10 2 20 0 0 0 0
3 0
4 1
10 1 20 0 0 0 0
2 4
5
2 228 474 1 1 1644503969 594740 0.000000 1
2 1129 509 1 1 1644503965 649910 0.000000 3
2 1078 667 0 0 0 0 0.000000 0
2 805 557 1 1 1644503970 921355 0.000000 3
2 171 732 1 0 1644503976 164748 0.000000 3
0 1 0 -1 -1 1
0 1 10 2 0 1
0 1 0 -1 -1 1
0 1 10 2 4 1
0 1 0 -1 -1 1
0
