arya                            
8 50 20 10 0 1
7 10 130 178 1 1 10
251 248 0 0 0 0
494 248 1 7 1 1
737 248 0 0 0 0
980 248 1 5 0 1
1223 248 0 0 0 0
1466 248 0 0 0 0
1709 248 1 1 1 1
130 318 1 0 0 0
373 318 1 3 0 1
616 318 0 0 0 0
859 318 1 5 0 1
1102 318 0 0 0 0
1345 318 0 0 0 0
1588 318 0 0 0 0
251 388 1 3 0 1
494 388 0 0 0 0
737 388 1 0 0 0
980 388 1 5 1 1
1223 388 0 0 0 0
1466 388 0 0 0 0
1709 388 0 0 0 0
130 458 1 0 0 0
373 458 1 3 1 1
616 458 0 0 0 0
859 458 0 0 0 0
1102 458 1 5 0 1
1345 458 0 0 0 0
1588 458 0 0 0 0
251 528 0 0 0 0
494 528 0 0 0 0
737 528 0 0 0 0
980 528 0 0 0 0
1223 528 0 0 0 0
1466 528 0 0 0 0
1709 528 1 8 0 1
130 598 0 0 0 0
373 598 0 0 0 0
616 598 1 9 1 1
859 598 0 0 0 0
1102 598 1 0 0 0
1345 598 1 0 0 1
1588 598 1 8 1 1
251 668 1 6 0 1
494 668 1 4 0 1
737 668 1 2 0 1
980 668 1 0 0 0
1223 668 1 0 0 1
1466 668 1 0 0 1
1709 668 0 0 0 0
130 738 1 6 0 1
373 738 1 4 0 1
616 738 0 0 0 0
859 738 1 2 0 1
1102 738 0 0 0 0
1345 738 1 0 1 1
1588 738 1 8 0 1
251 808 1 6 1 1
494 808 1 4 1 1
737 808 1 2 1 1
980 808 1 0 0 0
1223 808 0 0 0 0
1466 808 1 0 0 1
1709 808 0 0 0 0
130 878 0 0 0 0
373 878 1 4 0 1
616 878 1 2 0 1
859 878 0 0 0 0
1102 878 0 0 0 0
1345 878 0 0 0 0
1588 878 0 0 0 0
0 5 10 0 0 0 0
5 7
5 8
5 6
5 5
4 6
1 1 10 0 0 0 0
6 0
10 4 20 0 0 0 0
2 8
2 9
2 6
3 7
10 3 20 0 0 0 0
1 3
1 1
0 2
10 4 20 0 0 0 0
1 8
1 9
1 7
1 6
10 4 20 0 0 0 0
3 2
3 1
3 0
4 3
10 3 20 0 0 0 0
0 8
0 7
0 6
10 1 20 0 0 0 0
1 0
10 3 20 0 0 0 0
6 5
6 4
6 7
10 1 20 0 0 0 0
2 5
0
0 1 10 -1 -1 1
0 1 10 -1 -1 1
0
