arya                            
8 50 20 10 0 1
7 11 131 87 1 1 10
252 157 1 2 1 1
495 157 0 0 0 0
738 157 1 3 1 1
981 157 1 0 0 0
1224 157 0 0 0 0
1467 157 0 0 0 0
1710 157 0 0 0 0
131 227 1 2 0 1
374 227 1 2 0 1
617 227 0 0 0 0
860 227 0 0 0 0
1103 227 0 0 0 0
1346 227 1 0 0 0
1589 227 0 0 0 0
252 297 0 0 0 0
495 297 0 0 0 0
738 297 1 3 0 1
981 297 0 0 0 0
1224 297 0 0 0 0
1467 297 1 6 0 1
1710 297 0 0 0 0
131 367 1 0 0 0
374 367 1 1 0 1
617 367 1 1 0 1
860 367 1 0 0 0
1103 367 1 8 1 1
1346 367 0 0 0 0
1589 367 1 6 0 1
252 437 0 0 0 0
495 437 1 1 1 1
738 437 0 0 0 0
981 437 1 8 0 1
1224 437 1 8 0 1
1467 437 1 6 1 1
1710 437 0 0 0 0
131 507 1 9 0 1
374 507 1 1 0 1
617 507 0 0 0 0
860 507 0 0 0 0
1103 507 1 8 0 1
1346 507 0 0 0 0
1589 507 0 0 0 0
252 577 1 9 1 1
495 577 1 1 0 1
738 577 1 4 0 1
981 577 1 4 0 1
1224 577 1 0 0 1
1467 577 0 0 0 0
1710 577 0 0 0 0
131 647 0 0 0 0
374 647 1 7 0 1
617 647 0 0 0 0
860 647 1 4 1 1
1103 647 0 0 0 0
1346 647 1 0 1 1
1589 647 0 0 0 0
252 717 1 5 0 1
495 717 1 7 1 1
738 717 1 4 0 1
981 717 1 4 0 1
1224 717 1 0 0 1
1467 717 1 0 0 1
1710 717 0 0 0 0
131 787 0 0 0 0
374 787 1 5 0 1
617 787 0 0 0 0
860 787 0 0 0 0
1103 787 0 0 0 0
1346 787 0 0 0 0
1589 787 0 0 0 0
252 857 1 5 1 1
495 857 0 0 0 0
738 857 1 0 0 0
981 857 0 0 0 0
1224 857 0 0 0 0
1467 857 0 0 0 0
1710 857 0 0 0 0
0 4 10 0 0 0 0
5 7
5 8
4 8
4 6
1 5 10 0 0 0 0
1 4
1 5
1 3
1 6
2 3
10 3 20 0 0 0 0
0 0
0 1
1 1
10 2 20 0 0 0 0
2 0
2 2
10 5 20 0 0 0 0
3 7
3 8
3 6
2 8
2 6
10 3 20 0 0 0 0
0 10
0 8
1 9
10 3 20 0 0 0 0
5 4
5 2
6 3
10 2 20 0 0 0 0
1 8
1 7
10 4 20 0 0 0 0
4 3
4 4
4 5
3 4
10 2 20 0 0 0 0
0 6
0 5
0
0 1 10 -1 -1 1
0 1 10 -1 -1 1
0
