arya                            
8 50 20 10 0 1
7 11 58 84 4 1 13
179 154 0 8 1 0
422 154 0 0 0 0
665 154 1 2 1 1
908 154 1 0 1 1
1151 154 1 0 0 0
1394 154 0 3 1 0
1637 154 0 0 0 0
58 224 1 5 1 1
301 224 0 8 0 0
544 224 0 0 0 0
787 224 0 7 1 0
1030 224 1 0 0 1
1273 224 0 3 0 0
1516 224 0 0 0 0
179 294 1 5 0 1
422 294 0 0 0 0
665 294 1 2 0 1
908 294 1 0 0 1
1151 294 1 3 0 1
1394 294 1 4 0 1
1637 294 1 9 1 1
58 364 1 5 1 1
301 364 0 0 0 0
544 364 1 0 0 0
787 364 1 12 1 1
1030 364 1 3 1 1
1273 364 1 4 1 1
1516 364 0 0 0 0
179 434 0 1 0 0
422 434 1 0 0 0
665 434 0 11 1 0
908 434 0 0 0 0
1151 434 0 0 0 0
1394 434 0 0 0 0
1637 434 0 0 1 0
58 504 1 11 1 1
301 504 0 2 0 0
544 504 0 0 0 0
787 504 0 5 0 0
1030 504 0 0 0 0
1273 504 0 0 0 0
1516 504 1 8 0 1
179 574 1 7 1 1
422 574 0 9 0 0
665 574 1 5 0 0
908 574 0 5 0 0
1151 574 1 0 0 0
1394 574 1 0 0 0
1637 574 1 8 1 1
58 644 0 0 0 0
301 644 0 0 0 0
544 644 0 9 1 0
787 644 1 5 1 0
1030 644 0 10 1 0
1273 644 1 0 0 0
1516 644 0 4 0 0
179 714 1 7 1 1
422 714 1 6 1 1
665 714 0 5 0 0
908 714 0 0 0 0
1151 714 0 0 0 0
1394 714 0 0 0 0
1637 714 0 4 0 0
58 784 0 6 1 0
301 784 0 0 0 0
544 784 0 0 0 0
787 784 0 5 0 0
1030 784 1 10 0 1
1273 784 1 1 0 1
1516 784 0 4 1 0
179 854 1 7 0 1
422 854 1 6 0 1
665 854 1 0 0 0
908 854 1 10 1 1
1151 854 0 0 0 0
1394 854 1 1 1 1
1637 854 1 0 0 0
0 3 39 0 0 0 0
3 0
3 2
4 1
1 2 1 0 38 0 1
5 10
5 9
1276 749 1051 449 1 1 1 1644505915 985316 0.000000 1 3
1316 714 1091 414 1 1 1 1644505915 985316 0.000000 1 3
1326 639 1131 379 1 1 1 1644505915 985316 0.000000 1 3
1276 749 1051 449 1 1 1 1644505915 985316 180000.000000 1 3
1298 690 1091 414 1 1 1 1644505915 985316 180000.000000 1 3
1164 423 1131 379 1 1 1 1644505915 985316 180000.000000 1 3
1276 749 1051 449 1 1 1 1644505915 985316 360000.000000 1 3
1106 434 1091 414 1 1 1 1644505915 985316 360000.000000 1 3
1164 423 1131 379 1 1 1 1644505915 985316 360000.000000 1 3
1066 469 1051 449 1 1 1 1644505925 985316 540000.000000 1 3
1106 434 1091 414 1 1 1 1644505925 985316 540000.000000 1 3
1146 399 1131 379 1 1 1 1644505925 985316 540000.000000 1 3
1066 469 1051 449 1 1 1 1644505920 642197 0.000000 1 3
1106 434 1091 414 1 1 1 1644505920 642197 0.000000 1 3
1146 399 1131 379 1 1 1 1644505920 642197 0.000000 1 3
1066 469 1051 449 1 1 1 1644505920 642198 180000.000000 1 3
1106 434 1091 414 1 1 1 1644505920 642198 180000.000000 1 3
1146 399 1131 379 1 1 1 1644505921 16157 0.000000 1 3
1066 469 1051 449 1 1 1 1644505922 38698 0.000000 1 3
1106 434 1091 414 1 1 1 1644505923 22915 0.000000 1 3
1146 399 1131 379 1 1 1 1644505924 43993 0.000000 1 3
1066 469 1051 449 1 1 1 1644505925 28512 0.000000 1 3
1106 434 1091 414 1 1 1 1644505926 557236 0.000000 1 3
1380 409 1374 379 1 1 1 1644505927 34801 0.000000 1 4
510 802 478 799 1 1 1 1644505928 21040 0.000000 1 6
515 767 483 764 1 1 1 1644505930 25617 0.000000 1 6
520 732 488 729 1 1 1 1644505930 25617 0.000000 1 6
129 320 103 309 1 1 1 1644505932 949039 0.000000 1 5
145 285 119 274 1 1 1 1644505932 949039 0.000000 1 5
161 250 135 239 1 1 1 1644505935 93134 0.000000 1 5
129 320 103 309 1 1 1 1644505935 93135 0.000000 1 5
145 285 119 274 1 1 1 1644505935 93135 0.000000 1 5
161 250 135 239 1 1 1 1644505936 44657 0.000000 1 5
261 801 236 799 1 1 1 1644505938 17034 0.000000 1 7
265 766 240 764 1 1 1 1644505938 17034 0.000000 1 7
829 787 244 729 1 0 1 1644505940 21306 0.000000 1 7
821 857 236 799 1 0 1 1644505940 21307 0.000000 1 7
1491 856 1698 624 1 0 1 1644505941 960214 0.000000 1 8
1 2 1 0 42 0 0
2 0
2 2
1050 437 1071 449 2 1 1 1644505915 985317 0.000000 2 3
1070 402 1091 414 2 1 1 1644505915 985317 0.000000 2 3
1090 367 1111 379 2 1 1 1644505915 985317 0.000000 2 3
1050 437 1071 449 2 1 1 1644505915 985317 180000.000000 2 3
1070 402 1091 414 2 1 1 1644505915 985325 180000.000000 2 3
1090 367 1111 379 2 1 1 1644505915 985325 180000.000000 2 3
1050 437 1071 449 2 1 1 1644505915 985325 360000.000000 2 3
1070 402 1091 414 2 1 1 1644505915 985325 360000.000000 2 3
1090 367 1111 379 2 1 1 1644505915 985325 360000.000000 2 3
994 404 1071 449 2 1 1 1644505920 985325 540000.000000 2 3
798 245 1091 414 2 1 1 1644505920 985325 540000.000000 2 3
802 200 1111 379 2 1 1 1644505920 985325 540000.000000 2 3
1050 437 1071 449 2 1 1 1644505917 615427 0.000000 2 3
1070 402 1091 414 2 1 1 1644505917 615428 0.000000 2 3
1074 358 1111 379 2 1 1 1644505918 24278 0.000000 2 3
978 395 1071 449 2 1 1 1644505919 43901 0.000000 2 3
1070 402 1091 414 1 1 1 1644505923 905448 0.000000 2 3
1090 367 1111 379 1 1 1 1644505924 43994 0.000000 2 3
1050 437 1071 449 1 1 1 1644505924 76683 0.000000 2 3
1070 402 1091 414 1 1 1 1644505924 76684 0.000000 2 3
1090 367 1111 379 1 1 1 1644505924 76684 0.000000 2 3
1050 437 1071 449 1 1 1 1644505924 313299 0.000000 2 3
1070 402 1091 414 1 1 1 1644505924 313299 0.000000 2 3
1090 367 1111 379 1 1 1 1644505924 313300 0.000000 2 3
1050 437 1071 449 1 1 1 1644505924 481671 0.000000 2 3
1070 402 1091 414 1 1 1 1644505925 28513 0.000000 2 3
1090 367 1111 379 1 1 1 1644505926 557236 0.000000 2 3
1299 439 1322 449 1 1 1 1644505927 34801 0.000000 2 4
491 735 483 764 1 1 1 1644505928 21040 0.000000 2 6
451 700 443 729 1 1 1 1644505930 25618 0.000000 2 6
531 770 523 799 1 1 1 1644505930 25618 0.000000 2 6
146 268 119 274 1 1 1 1644505932 949039 0.000000 2 5
142 233 115 239 1 1 1 1644505932 949039 0.000000 2 5
150 303 123 309 1 1 1 1644505935 93135 0.000000 2 5
146 268 119 274 1 1 1 1644505935 93135 0.000000 2 5
142 233 115 239 1 1 1 1644505935 93135 0.000000 2 5
150 303 123 309 1 1 1 1644505936 44657 0.000000 2 5
256 742 240 764 1 1 1 1644505938 17034 0.000000 2 7
216 707 200 729 1 1 1 1644505938 17035 0.000000 2 7
350 705 280 799 1 0 1 1644505940 21307 0.000000 2 7
310 670 240 764 1 0 1 1644505940 21307 0.000000 2 7
795 188 1713 589 1 0 1 1644505941 960215 0.000000 2 8
1 2 1 0 72 0 0
4 3
4 2
523 784 503 799 3 1 1 1644505915 985312 0.000000 3 6
503 749 483 764 3 1 1 1644505915 985313 0.000000 3 6
483 714 463 729 3 1 1 1644505915 985313 0.000000 3 6
523 784 503 799 3 1 1 1644505915 985314 180000.000000 3 6
503 749 483 764 3 1 1 1644505915 985314 180000.000000 3 6
483 714 463 729 3 1 1 1644505915 985314 180000.000000 3 6
523 784 503 799 3 1 1 1644505915 985314 360000.000000 3 6
503 749 483 764 3 1 1 1644505915 985314 360000.000000 3 6
483 714 463 729 3 1 1 1644505915 985314 360000.000000 3 6
523 784 503 799 3 1 1 1644505915 985314 540000.000000 3 6
503 749 483 764 3 1 1 1644505915 985314 540000.000000 3 6
483 714 463 729 3 1 1 1644505915 985314 540000.000000 3 6
523 784 503 799 3 1 1 1644505916 19069 0.000000 3 6
1278 668 1455 904 2 1 1 1644505918 24279 0.000000 3 1
1168 433 1495 869 2 1 1 1644505918 24279 0.000000 3 1
1238 703 1415 939 2 1 1 1644505918 24279 0.000000 3 1
1272 660 1455 904 2 1 1 1644505918 24279 180000.000000 3 1
1168 433 1495 869 2 1 1 1644505918 24279 180000.000000 3 1
1238 703 1415 939 2 1 1 1644505918 24280 180000.000000 3 1
1260 644 1455 904 2 1 1 1644505918 24280 360000.000000 3 1
1204 481 1495 869 2 1 1 1644505918 24280 360000.000000 3 1
1238 703 1415 939 2 1 1 1644505918 24280 360000.000000 3 1
749 217 726 204 4 1 1 1644505920 30308 0.000000 3 2
769 182 746 169 4 1 1 1644505920 30308 0.000000 3 2
1026 423 706 239 4 1 1 1644505920 30308 0.000000 3 2
749 217 726 204 1 1 1 1644505922 614191 0.000000 3 2
769 182 746 169 1 1 1 1644505922 614191 0.000000 3 2
1044 434 706 239 1 1 1 1644505922 614198 0.000000 3 2
749 217 726 204 1 1 1 1644505922 614198 180000.000000 3 2
769 182 746 169 1 1 1 1644505922 614198 180000.000000 3 2
729 252 706 239 1 1 1 1644505922 614198 180000.000000 3 2
749 217 726 204 1 1 1 1644505923 22916 0.000000 3 2
769 182 746 169 1 1 1 1644505923 22916 0.000000 3 2
729 252 706 239 1 1 1 1644505923 22916 0.000000 3 2
749 217 726 204 1 1 1 1644505923 22916 180000.000000 3 2
1311 379 1334 379 1 1 1 1644505925 774195 0.000000 3 4
1311 449 1334 449 1 1 1 1644505925 774196 0.000000 3 4
1311 414 1334 414 1 1 1 1644505925 774196 0.000000 3 4
1271 379 1334 379 1 1 1 1644505925 774196 180000.000000 3 4
1271 449 1334 449 1 1 1 1644505925 774196 180000.000000 3 4
1271 414 1334 414 1 1 1 1644505925 774196 180000.000000 3 4
1311 379 1334 379 1 1 1 1644505925 774196 360000.000000 3 4
1311 449 1334 449 1 1 1 1644505925 774196 360000.000000 3 4
1311 414 1334 414 1 1 1 1644505925 774196 360000.000000 3 4
1311 379 1334 379 1 1 1 1644505925 774196 540000.000000 3 4
1311 449 1334 449 1 1 1 1644505925 774196 540000.000000 3 4
1311 414 1334 414 1 1 1 1644505925 774196 540000.000000 3 4
1311 379 1334 379 1 1 1 1644505926 862231 0.000000 3 4
1311 449 1334 449 1 1 1 1644505926 862231 0.000000 3 4
1311 414 1334 414 1 1 1 1644505926 862231 0.000000 3 4
1311 379 1334 379 1 1 1 1644505926 862231 180000.000000 3 4
1311 449 1334 449 1 1 1 1644505927 34802 0.000000 3 4
1311 414 1334 414 1 1 1 1644505927 34802 0.000000 3 4
483 714 463 729 1 1 1 1644505928 21040 0.000000 3 6
523 784 503 799 1 1 1 1644505928 21041 0.000000 3 6
503 749 483 764 1 1 1 1644505930 25618 0.000000 3 6
483 714 463 729 1 1 1 1644505930 25618 0.000000 3 6
523 784 503 799 1 1 1 1644505930 25619 0.000000 3 6
503 749 483 764 1 1 1 1644505930 25619 180000.000000 3 6
483 714 463 729 1 1 1 1644505930 25619 180000.000000 3 6
523 784 503 799 1 1 1 1644505930 25619 180000.000000 3 6
151 277 119 274 1 1 1 1644505932 949040 0.000000 3 5
156 242 124 239 1 1 1 1644505932 949040 0.000000 3 5
146 312 114 309 1 1 1 1644505934 74054 0.000000 3 5
151 277 119 274 1 1 1 1644505934 74055 0.000000 3 5
156 242 124 239 1 1 1 1644505935 93135 0.000000 3 5
146 312 114 309 1 1 1 1644505936 44657 0.000000 3 5
262 749 240 764 1 1 1 1644505938 17035 0.000000 3 7
248 714 226 729 1 1 1 1644505938 17035 0.000000 3 7
483 685 254 799 1 0 1 1644505940 21307 0.000000 3 7
469 650 240 764 1 0 1 1644505940 21307 0.000000 3 7
1157 397 1710 589 1 0 1 1644505941 960215 0.000000 3 8
1 2 1 0 41 0 0
5 3
5 2
1224 449 1091 449 4 1 1 1644505915 985326 0.000000 4 3
1224 414 1091 414 4 1 1 1644505915 985326 0.000000 4 3
1114 379 1091 379 4 1 1 1644505915 985326 0.000000 4 3
1254 449 1091 449 4 1 1 1644505915 985326 180000.000000 4 3
1114 414 1091 414 4 1 1 1644505915 985326 180000.000000 4 3
1114 379 1091 379 4 1 1 1644505915 985326 180000.000000 4 3
1114 449 1091 449 4 1 1 1644505915 985326 360000.000000 4 3
1114 414 1091 414 4 1 1 1644505915 985326 360000.000000 4 3
1124 379 1091 379 4 1 1 1644505915 985326 360000.000000 4 3
1324 449 1091 449 4 1 1 1644505925 985326 540000.000000 4 3
1324 414 1091 414 4 1 1 1644505925 985326 540000.000000 4 3
1324 379 1091 379 4 1 1 1644505925 985326 540000.000000 4 3
1222 409 714 239 4 1 1 1644505920 30309 0.000000 4 2
844 241 726 204 4 1 1 1644505920 30309 0.000000 4 2
836 199 738 169 4 1 1 1644505920 30309 0.000000 4 2
1222 409 714 239 4 1 1 1644505920 30309 180000.000000 4 2
754 212 726 204 4 1 1 1644505920 30309 180000.000000 4 2
491 714 469 729 1 1 1 1644505928 21041 0.000000 4 6
519 784 497 799 1 1 1 1644505928 21041 0.000000 4 6
505 749 483 764 1 1 1 1644505928 21041 0.000000 4 6
491 714 469 729 1 1 1 1644505928 21041 180000.000000 4 6
519 784 497 799 1 1 1 1644505928 21041 180000.000000 4 6
505 749 483 764 1 1 1 1644505928 21041 180000.000000 4 6
491 714 469 729 1 1 1 1644505928 21041 360000.000000 4 6
519 784 497 799 1 1 1 1644505928 21041 360000.000000 4 6
505 749 483 764 1 1 1 1644505928 21041 360000.000000 4 6
491 714 469 729 1 1 1 1644505930 25619 0.000000 4 6
519 784 497 799 1 1 1 1644505930 25619 0.000000 4 6
505 749 483 764 1 1 1 1644505930 25619 0.000000 4 6
491 714 469 729 1 1 1 1644505930 25619 180000.000000 4 6
140 311 115 309 1 1 1 1644505932 949040 0.000000 4 5
144 276 119 274 1 1 1 1644505932 949040 0.000000 4 5
148 241 123 239 1 1 1 1644505935 93136 0.000000 4 5
140 311 115 309 1 1 1 1644505935 93136 0.000000 4 5
144 276 119 274 1 1 1 1644505935 93136 0.000000 4 5
148 241 123 239 1 1 1 1644505936 44658 0.000000 4 5
271 787 251 799 1 1 1 1644505938 17035 0.000000 4 7
260 752 240 764 1 1 1 1644505938 17035 0.000000 4 7
693 568 229 729 1 0 1 1644505940 21307 0.000000 4 7
715 638 251 799 1 0 1 1644505940 21307 0.000000 4 7
1382 441 1698 624 1 0 1 1644505941 960215 0.000000 4 8
1 3 1 0 34 0 0
0 1
0 2
0 3
193 777 200 799 1 1 1 1644505938 17035 0.000000 5 7
233 742 240 764 1 1 1 1644505938 17035 0.000000 5 7
273 707 280 729 1 1 1 1644505938 17035 0.000000 5 7
193 777 200 799 1 1 1 1644505938 17036 180000.000000 5 7
233 742 240 764 1 1 1 1644505938 17036 180000.000000 5 7
273 707 280 729 1 1 1 1644505938 17036 180000.000000 5 7
193 777 200 799 1 1 1 1644505938 17036 360000.000000 5 7
233 742 240 764 1 1 1 1644505938 17036 360000.000000 5 7
273 707 280 729 1 1 1 1644505938 17043 360000.000000 5 7
193 777 200 799 1 1 1 1644505938 17043 540000.000000 5 7
233 742 240 764 1 1 1 1644505938 17043 540000.000000 5 7
273 707 280 729 1 1 1 1644505938 17043 540000.000000 5 7
193 777 200 799 1 1 1 1644505938 17043 720000.000000 5 7
233 742 240 764 1 1 1 1644505938 17043 720000.000000 5 7
273 707 280 729 1 1 1 1644505938 17043 720000.000000 5 7
193 777 200 799 1 1 1 1644505938 17044 900000.000000 5 7
233 742 240 764 1 1 1 1644505938 17044 900000.000000 5 7
273 707 280 729 1 1 1 1644505938 17044 900000.000000 5 7
193 777 200 799 1 1 1 1644505938 17044 1080000.000000 5 7
233 742 240 764 1 1 1 1644505938 17044 1080000.000000 5 7
273 707 280 729 1 1 1 1644505938 17044 1080000.000000 5 7
193 777 200 799 1 1 1 1644505940 21307 0.000000 5 7
233 742 240 764 1 1 1 1644505940 21307 0.000000 5 7
273 707 280 729 1 1 1 1644505940 21308 0.000000 5 7
193 777 200 799 1 1 1 1644505940 21308 180000.000000 5 7
233 742 240 764 1 1 1 1644505940 21308 180000.000000 5 7
273 707 280 729 1 1 1 1644505940 21308 180000.000000 5 7
193 777 200 799 1 1 1 1644505940 21308 360000.000000 5 7
233 742 240 764 1 1 1 1644505940 21308 360000.000000 5 7
273 707 280 729 1 1 1 1644505940 21308 360000.000000 5 7
181 741 200 799 1 0 1 1644505940 21308 540000.000000 5 7
173 286 1698 624 1 0 1 1644505941 960215 0.000000 5 8
180 251 1705 589 1 0 1 1644505941 960215 0.000000 5 8
166 321 1691 659 1 0 1 1644505941 960215 0.000000 5 8
1 2 1 0 30 0 0
1 8
1 10
94 329 79 309 1 1 1 1644505932 949040 0.000000 6 5
134 294 119 274 1 1 1 1644505932 949040 0.000000 6 5
174 259 159 239 1 1 1 1644505932 949040 0.000000 6 5
94 329 79 309 1 1 1 1644505932 949040 180000.000000 6 5
134 294 119 274 1 1 1 1644505932 949040 180000.000000 6 5
174 259 159 239 1 1 1 1644505932 949040 180000.000000 6 5
94 329 79 309 1 1 1 1644505932 949040 360000.000000 6 5
134 294 119 274 1 1 1 1644505932 949040 360000.000000 6 5
174 259 159 239 1 1 1 1644505932 949040 360000.000000 6 5
94 329 79 309 1 1 1 1644505932 949040 540000.000000 6 5
134 294 119 274 1 1 1 1644505932 949041 540000.000000 6 5
174 259 159 239 1 1 1 1644505932 949041 540000.000000 6 5
94 329 79 309 1 1 1 1644505932 949041 720000.000000 6 5
134 294 119 274 1 1 1 1644505932 949041 720000.000000 6 5
174 259 159 239 1 1 1 1644505932 949041 720000.000000 6 5
94 329 79 309 1 1 1 1644505932 949041 900000.000000 6 5
134 294 119 274 1 1 1 1644505932 949041 900000.000000 6 5
174 259 159 239 1 1 1 1644505932 949041 900000.000000 6 5
94 329 79 309 1 1 1 1644505935 93136 0.000000 6 5
134 294 119 274 1 1 1 1644505935 93136 0.000000 6 5
174 259 159 239 1 1 1 1644505935 93136 0.000000 6 5
94 329 79 309 1 1 1 1644505935 93136 180000.000000 6 5
134 294 119 274 1 1 1 1644505935 93136 180000.000000 6 5
174 259 159 239 1 1 1 1644505935 93136 180000.000000 6 5
94 329 79 309 1 1 1 1644505936 44658 0.000000 6 5
263 764 240 764 1 1 1 1644505938 17045 0.000000 6 7
263 729 240 729 1 1 1 1644505938 17045 0.000000 6 7
263 799 240 799 1 1 1 1644505940 21308 0.000000 6 7
263 764 240 764 1 1 1 1644505940 21308 0.000000 6 7
533 717 1694 589 1 0 1 1644505941 960215 0.000000 6 8
1 3 18 12 18 1 0
0 8
0 10
0 6
297 793 1701 659 1 0 1 1644505941 960216 0.000000 7 8
294 758 1698 624 1 0 1 1644505941 960216 0.000000 7 8
291 723 1695 589 1 0 1 1644505941 960216 0.000000 7 8
252 798 1701 659 1 0 1 1644505941 960216 180000.000000 7 8
249 763 1698 624 1 0 1 1644505941 960216 180000.000000 7 8
246 728 1695 589 1 0 1 1644505941 960216 180000.000000 7 8
243 799 1701 659 1 0 0 1644505941 960216 360000.000000 7 8
240 764 1698 624 1 0 0 1644505941 960216 360000.000000 7 8
237 729 1695 589 1 0 0 1644505941 960216 360000.000000 7 8
243 799 1701 659 1 0 0 1644505941 960216 540000.000000 7 8
240 764 1698 624 1 0 0 1644505941 960216 540000.000000 7 8
237 729 1695 589 1 0 0 1644505941 960216 540000.000000 7 8
243 799 1701 659 1 0 0 1644505941 960216 720000.000000 7 8
240 764 1698 624 1 0 0 1644505941 960216 720000.000000 7 8
237 729 1695 589 1 0 0 1644505941 960216 720000.000000 7 8
243 799 1701 659 1 0 0 1644505941 960217 900000.000000 7 8
240 764 1698 624 1 0 0 1644505941 960217 900000.000000 7 8
237 729 1695 589 1 0 0 1644505941 960217 900000.000000 7 8
10 2 20 0 0 0 1
6 6
6 5
10 1 20 0 0 0 0
6 2
10 2 20 0 0 0 0
3 10
4 9
10 1 20 0 0 0 0
0 5
10 1 20 0 0 0 0
3 3
5
2 939 485 1 1 1644505916 394026 0.000000 3
2 779 280 1 1 1644505916 596061 0.000000 2
2 782 567 1 1 1644505929 39981 0.000000 1
2 553 507 1 0 1644505939 853045 0.000000 1
2 488 311 1 1 1644505934 819213 0.000000 1
0 1 0 -1 -1 1
0 1 10 2 3 1
0 1 0 -1 -1 1
0 1 0 -1 -1 1
0 1 0 -1 -1 1
0
