arya                            
8 50 20 10 0 1
7 10 100 172 4 1 13
221 242 1 0 0 1
464 242 0 0 0 0
707 242 0 0 0 0
950 242 1 8 0 1
1193 242 0 0 0 0
1436 242 1 1 0 1
1679 242 0 0 0 0
100 312 1 0 1 1
343 312 1 9 1 1
586 312 1 2 1 1
829 312 1 8 1 1
1072 312 0 0 0 0
1315 312 0 0 0 0
1558 312 1 1 0 1
221 382 1 0 0 1
464 382 1 2 0 1
707 382 0 0 0 0
950 382 1 8 0 1
1193 382 1 0 0 0
1436 382 1 1 1 1
1679 382 1 0 0 0
100 452 0 0 0 0
343 452 0 0 0 0
586 452 1 2 0 1
829 452 0 0 0 0
1072 452 0 0 0 0
1315 452 1 1 0 1
1558 452 1 1 0 1
221 522 1 5 1 1
464 522 1 10 1 1
707 522 1 0 0 0
950 522 0 0 0 0
1193 522 1 0 0 0
1436 522 0 0 0 0
1679 522 0 0 0 0
100 592 0 0 0 0
343 592 1 5 0 1
586 592 0 0 0 0
829 592 1 6 0 1
1072 592 0 0 0 0
1315 592 1 4 0 1
1558 592 0 0 0 0
221 662 0 0 0 0
464 662 1 3 0 1
707 662 0 0 0 0
950 662 1 6 0 1
1193 662 0 0 0 0
1436 662 0 0 0 0
1679 662 0 0 0 0
100 732 1 11 1 1
343 732 0 0 0 0
586 732 1 3 1 1
829 732 1 6 1 1
1072 732 0 0 0 0
1315 732 1 4 1 1
1558 732 0 0 0 0
221 802 0 0 0 0
464 802 0 0 0 0
707 802 1 3 0 1
950 802 0 0 0 0
1193 802 1 4 0 1
1436 802 1 4 0 1
1679 802 0 0 0 0
100 872 0 0 0 0
343 872 1 7 1 1
586 872 0 0 0 0
829 872 0 0 0 0
1072 872 0 0 0 0
1315 872 0 0 0 0
1558 872 1 12 1 1
0 3 12 0 0 0 0
0 1
0 2
0 0
1 5 0 0 12 0 1
5 2
5 3
5 0
6 3
6 1
1396 456 645 397 1 0 1 1644494279 328908 0.000000 1 2
1398 421 647 362 1 0 1 1644494279 328908 0.000000 1 2
1400 386 649 327 1 0 1 1644494279 328908 0.000000 1 2
1432 460 645 397 1 0 1 1639494279 328908 180000.000000 1 2
1434 425 647 362 1 0 1 1639494279 328908 180000.000000 1 2
1436 390 649 327 1 0 1 1639494279 328908 180000.000000 1 2
1432 460 645 397 1 0 1 1639494279 328908 360000.000000 1 2
1434 425 647 362 1 0 1 1639494279 328908 360000.000000 1 2
1436 390 649 327 1 0 1 1639494279 328908 360000.000000 1 2
1432 460 645 397 1 0 1 1639494279 328908 540000.000000 1 2
1434 425 647 362 1 0 1 1639494279 328908 540000.000000 1 2
1436 390 649 327 1 0 1 1639494279 328908 540000.000000 1 2
2 3 0 0 12 0 1
2 1
2 3
1 2
757 397 890 397 2 0 1 1644494279 328901 0.000000 2 8
757 362 890 362 2 0 1 1644494279 328901 0.000000 2 8
757 327 890 327 2 0 1 1644494279 328906 0.000000 2 8
727 397 890 397 2 0 1 1639494279 328906 180000.000000 2 8
727 362 890 362 2 0 1 1639494279 328906 180000.000000 2 8
727 327 890 327 2 0 1 1639494279 328906 180000.000000 2 8
727 397 890 397 2 0 1 1639494279 328906 360000.000000 2 8
727 362 890 362 2 0 1 1639494279 328906 360000.000000 2 8
727 327 890 327 2 0 1 1639494279 328906 360000.000000 2 8
727 397 890 397 2 0 1 1639494279 328906 540000.000000 2 8
727 362 890 362 2 0 1 1639494279 328907 540000.000000 2 8
727 327 890 327 2 0 1 1639494279 328907 540000.000000 2 8
3 3 0 0 12 0 1
2 7
2 8
1 6
771 773 1511 467 3 0 1 1644494279 328908 0.000000 3 1
757 738 1497 432 3 0 1 1644494279 328908 0.000000 3 1
743 703 1483 397 3 0 1 1644494279 328909 0.000000 3 1
741 785 1511 467 3 0 1 1639494279 328909 180000.000000 3 1
727 750 1497 432 3 0 1 1639494279 328909 180000.000000 3 1
713 715 1483 397 3 0 1 1639494279 328909 180000.000000 3 1
741 785 1511 467 3 0 1 1639494279 328909 360000.000000 3 1
727 750 1497 432 3 0 1 1639494279 328909 360000.000000 3 1
713 715 1483 397 3 0 1 1639494279 328909 360000.000000 3 1
741 785 1511 467 3 0 1 1639494279 328909 540000.000000 3 1
727 750 1497 432 3 0 1 1639494279 328909 540000.000000 3 1
713 715 1483 397 3 0 1 1639494279 328909 540000.000000 3 1
4 4 0 0 12 0 0
5 7
5 8
5 5
4 8
1266 817 647 817 4 0 1 1644494279 328909 0.000000 4 3
1266 782 647 782 4 0 1 1644494279 328909 0.000000 4 3
1266 747 647 747 4 0 1 1644494279 328909 0.000000 4 3
1296 817 647 817 4 0 1 1639494279 328909 180000.000000 4 3
1296 782 647 782 4 0 1 1639494279 328909 180000.000000 4 3
1296 747 647 747 4 0 1 1639494279 328909 180000.000000 4 3
1296 817 647 817 4 0 1 1639494279 328910 360000.000000 4 3
1296 782 647 782 4 0 1 1639494279 328910 360000.000000 4 3
1296 747 647 747 4 0 1 1639494279 328910 360000.000000 4 3
1296 817 647 817 4 0 1 1639494279 328910 540000.000000 4 3
1296 782 647 782 4 0 1 1639494279 328910 540000.000000 4 3
1296 747 647 747 4 0 1 1639494279 328910 540000.000000 4 3
10 2 20 0 0 0 0
0 4
1 5
10 3 20 0 0 0 0
3 7
3 6
3 5
10 1 20 0 0 0 0
1 9
10 3 20 0 0 0 1
3 1
3 2
3 0
10 1 20 0 0 0 0
1 1
10 1 20 0 0 0 0
1 4
10 1 20 0 0 0 0
0 7
10 1 20 0 0 0 0
6 9
2
2 1193 906 0 0 0 0 0.000000 0
2 744 346 1 0 1644494279 465032 0.000000 2
0 1 0 -1 -1 1
0 1 0 -1 -1 1
0 1 10 2 1 1
0 1 0 -1 -1 1
0 1 0 -1 -1 1
0
