arya                            
8 50 20 10 0 1
7 11 32 79 4 1 13
117 128 0 0 0 0
288 128 1 7 1 1
459 128 1 0 0 0
630 128 1 0 0 0
801 128 1 0 0 0
972 128 1 3 1 1
1143 128 1 0 0 0
32 178 1 5 1 1
203 178 0 0 0 0
374 178 1 4 0 1
545 178 1 0 0 0
716 178 0 0 0 0
887 178 0 0 0 0
1058 178 0 0 0 0
117 227 1 5 0 1
288 227 0 0 0 0
459 227 1 4 0 1
630 227 1 8 0 1
801 227 0 0 0 0
972 227 1 3 0 1
1143 227 0 0 0 0
32 277 1 5 0 1
203 277 0 0 0 0
374 277 1 4 1 1
545 277 1 0 0 0
716 277 1 8 1 1
887 277 0 0 0 0
1058 277 1 2 0 1
117 326 1 0 0 0
288 326 1 4 0 1
459 326 1 4 0 1
630 326 0 0 0 0
801 326 1 8 0 1
972 326 0 0 0 0
1143 326 1 2 1 1
32 376 0 0 0 0
203 376 0 0 0 0
374 376 0 0 0 0
545 376 1 12 0 1
716 376 0 0 0 0
887 376 1 10 0 1
1058 376 1 2 0 1
117 425 1 0 0 0
288 425 1 6 1 1
459 425 1 12 0 1
630 425 0 0 0 0
801 425 1 0 0 0
972 425 1 10 1 1
1143 425 0 0 0 0
32 475 0 0 0 0
203 475 0 0 0 0
374 475 0 0 0 0
545 475 1 12 1 1
716 475 1 0 0 0
887 475 0 0 0 0
1058 475 0 0 0 0
117 524 0 0 0 0
288 524 0 0 0 0
459 524 1 0 0 1
630 524 0 0 0 0
801 524 1 1 0 1
972 524 0 0 0 0
1143 524 0 0 0 0
32 574 0 0 0 0
203 574 1 9 1 1
374 574 1 0 0 1
545 574 1 0 0 1
716 574 1 1 0 1
887 574 1 1 0 1
1058 574 0 0 0 0
117 623 1 9 0 1
288 623 0 0 0 0
459 623 1 0 1 1
630 623 0 0 0 0
801 623 1 1 1 1
972 623 1 0 0 0
1143 623 1 11 1 1
0 4 10 0 0 0 0
2 10
2 9
2 8
3 9
1 4 10 0 0 0 0
4 10
4 9
4 8
5 9
2 3 10 0 0 0 0
6 4
6 5
6 3
3 2 10 0 0 0 0
5 0
5 2
4 5 10 0 0 0 0
2 3
2 4
2 2
2 1
1 4
10 3 20 0 0 0 0
0 1
0 2
0 3
10 1 20 0 0 0 0
1 6
10 1 20 0 0 0 0
1 0
10 3 20 0 0 0 0
4 3
4 4
3 2
10 2 20 0 0 0 0
1 9
0 10
10 2 20 0 0 0 0
5 6
5 5
10 1 20 0 0 0 0
6 10
10 3 20 0 0 0 0
3 7
3 5
2 6
0
0 1 10 -1 -1 1
0 1 10 -1 -1 1
0 1 10 -1 -1 1
0 1 10 -1 -1 1
0 1 10 -1 -1 1
0
