arya                            
8 50 20 10 0 1
7 9 139 183 4 1 13
260 253 1 8 1 1
503 253 1 1 0 1
746 253 0 2 0 0
989 253 1 3 1 1
1232 253 1 4 1 1
1475 253 0 11 1 0
1718 253 0 4 0 0
139 323 1 0 0 1
382 323 1 8 1 1
625 323 1 1 1 1
868 323 0 10 1 0
1111 323 1 3 0 1
1354 323 0 0 0 0
1597 323 1 5 0 1
260 393 0 10 0 0
503 393 1 1 0 1
746 393 1 1 0 1
989 393 1 3 0 1
1232 393 1 4 0 1
1475 393 1 5 1 1
1718 393 1 12 1 1
139 463 1 0 1 1
382 463 1 2 0 1
625 463 1 1 1 1
868 463 1 10 1 1
1111 463 0 0 0 0
1354 463 0 8 0 0
1597 463 1 5 1 1
260 533 1 0 1 1
503 533 1 2 1 1
746 533 0 0 0 0
989 533 0 0 0 0
1232 533 0 3 0 0
1475 533 0 8 0 0
1718 533 0 4 0 0
139 603 1 0 1 1
382 603 1 2 0 1
625 603 0 0 0 0
868 603 0 0 0 0
1111 603 0 3 1 0
1354 603 1 6 1 1
1597 603 1 7 1 1
260 673 0 0 1 0
503 673 0 1 0 0
746 673 0 6 1 0
989 673 0 0 0 0
1232 673 1 6 1 1
1475 673 0 3 0 0
1718 673 1 7 1 1
139 743 0 0 0 0
382 743 1 10 1 0
625 743 1 2 1 0
868 743 1 9 1 1
1111 743 0 8 1 0
1354 743 0 3 1 0
1597 743 1 7 0 1
260 813 0 10 0 0
503 813 0 2 0 0
746 813 0 0 0 0
989 813 1 9 0 1
1232 813 1 6 1 1
1475 813 1 11 1 1
1718 813 0 0 0 0
0 4 10 0 0 0 0
0 3
0 4
0 5
0 1
1 5 10 0 0 0 0
2 1
2 2
2 3
1 2
1 0
2 3 10 0 0 0 0
1 4
1 5
1 3
3 3 10 0 0 0 0
3 0
3 2
4 1
4 2 10 0 0 0 0
4 0
4 2
10 3 20 0 0 0 0
5 2
6 3
6 1
10 3 20 0 0 0 0
4 6
4 8
5 5
10 3 20 0 0 0 0
6 6
6 7
6 5
10 2 20 0 0 0 0
1 1
0 0
10 2 20 0 0 0 0
3 7
3 8
10 1 20 0 0 0 0
3 3
10 1 20 0 0 0 0
5 8
10 1 20 0 0 0 0
6 2
0
0 1 10 -1 -1 1
0 1 10 -1 -1 1
0 1 10 -1 -1 1
0 1 10 -1 -1 1
0 1 10 -1 -1 1
0
