arya                            
8 50 20 10 0 1
7 11 65 89 4 1 13
186 159 0 0 0 0
429 159 1 10 1 1
672 159 0 0 0 0
915 159 0 0 0 0
1158 159 0 0 0 0
1401 159 0 0 0 0
1644 159 1 1 1 1
65 229 1 11 0 1
308 229 1 10 0 1
551 229 1 10 0 1
794 229 0 0 0 0
1037 229 0 0 0 0
1280 229 1 2 0 1
1523 229 1 0 0 1
186 299 0 0 0 0
429 299 0 0 0 0
672 299 1 12 1 1
915 299 1 0 0 0
1158 299 1 2 1 1
1401 299 1 0 0 1
1644 299 1 0 0 1
65 369 1 11 1 1
308 369 1 4 0 1
551 369 1 4 0 1
794 369 1 12 0 1
1037 369 0 0 0 0
1280 369 0 0 0 0
1523 369 1 0 1 1
186 439 0 0 0 0
429 439 1 4 1 1
672 439 0 0 0 0
915 439 0 0 0 0
1158 439 0 0 0 0
1401 439 1 0 0 1
1644 439 0 0 0 0
65 509 0 0 0 0
308 509 1 4 0 1
551 509 0 0 0 0
794 509 1 0 0 0
1037 509 1 7 1 1
1280 509 1 3 1 1
1523 509 1 0 0 1
186 579 1 8 0 1
429 579 0 0 0 0
672 579 0 0 0 0
915 579 1 7 0 1
1158 579 1 3 0 1
1401 579 0 0 0 0
1644 579 0 0 0 0
65 649 0 0 0 0
308 649 1 8 1 1
551 649 1 0 0 0
794 649 0 0 0 0
1037 649 0 0 0 0
1280 649 1 3 0 1
1523 649 1 6 1 1
186 719 1 8 0 1
429 719 1 8 0 1
672 719 0 0 0 0
915 719 1 9 0 1
1158 719 1 0 0 0
1401 719 1 5 0 1
1644 719 1 6 0 1
65 789 1 0 0 0
308 789 0 0 0 0
551 789 1 0 0 0
794 789 0 0 0 0
1037 789 1 9 0 1
1280 789 1 5 0 1
1523 789 1 5 0 1
186 859 0 0 0 0
429 859 1 0 0 0
672 859 1 0 0 0
915 859 1 9 1 1
1158 859 1 0 0 0
1401 859 1 5 1 1
1644 859 0 0 0 0
0 6 10 0 0 0 0
6 3
6 2
6 5
6 1
5 4
5 2
1 1 10 0 0 0 0
6 0
2 2 10 0 0 0 0
4 2
5 1
3 3 10 0 0 0 0
5 5
5 7
4 6
4 4 10 0 0 0 0
1 4
1 5
1 3
2 3
10 4 20 0 0 0 0
5 10
5 9
5 8
6 9
10 2 20 0 0 0 0
6 7
6 8
10 2 20 0 0 0 0
4 5
3 6
10 4 20 0 0 0 0
1 7
1 8
0 8
0 6
10 3 20 0 0 0 0
3 10
3 8
4 9
10 3 20 0 0 0 0
1 0
1 1
2 1
10 2 20 0 0 0 0
0 3
0 1
10 2 20 0 0 0 0
2 2
3 3
0
0 1 10 -1 -1 1
0 1 10 -1 -1 1
0 1 10 -1 -1 1
0 1 10 -1 -1 1
0 1 10 -1 -1 1
0
