arya                            
8 50 20 10 0 1
7 11 20 81 4 1 13
141 151 0 0 0 0
384 151 0 0 0 0
627 151 0 0 0 0
870 151 1 11 1 1
1113 151 1 3 1 1
1356 151 1 0 0 0
1599 151 1 0 0 0
20 221 1 10 1 1
263 221 0 0 0 0
506 221 0 0 0 0
749 221 1 11 0 1
992 221 1 3 0 1
1235 221 1 2 0 1
1478 221 0 0 0 0
141 291 1 10 0 1
384 291 1 9 0 1
627 291 0 0 0 0
870 291 0 0 0 0
1113 291 0 0 0 0
1356 291 0 0 0 0
1599 291 0 0 0 0
20 361 0 0 0 0
263 361 1 0 0 0
506 361 1 9 1 1
749 361 0 0 0 0
992 361 0 0 0 0
1235 361 1 2 1 1
1478 361 0 0 0 0
141 431 0 0 0 0
384 431 0 0 0 0
627 431 0 0 0 0
870 431 0 0 0 0
1113 431 0 0 0 0
1356 431 1 2 0 1
1599 431 1 5 1 1
20 501 1 4 0 1
263 501 0 0 0 0
506 501 0 0 0 0
749 501 1 12 1 1
992 501 1 0 0 1
1235 501 1 0 0 1
1478 501 0 0 0 0
141 571 0 0 0 0
384 571 0 0 0 0
627 571 0 0 0 0
870 571 0 0 0 0
1113 571 1 0 1 1
1356 571 1 6 1 1
1599 571 0 0 0 0
20 641 1 4 1 1
263 641 1 7 1 1
506 641 0 0 0 0
749 641 0 0 0 0
992 641 0 0 0 0
1235 641 1 0 0 1
1478 641 0 0 0 0
141 711 0 0 0 0
384 711 0 0 0 0
627 711 0 0 0 0
870 711 0 0 0 0
1113 711 1 0 0 1
1356 711 1 6 0 1
1599 711 1 0 0 0
20 781 1 4 0 1
263 781 0 0 0 0
506 781 0 0 0 0
749 781 1 1 1 1
992 781 0 0 0 0
1235 781 1 8 1 1
1478 781 0 0 0 0
141 851 1 0 0 0
384 851 0 0 0 0
627 851 0 0 0 0
870 851 0 0 0 0
1113 851 0 0 0 0
1356 851 1 8 0 1
1599 851 0 0 0 0
0 5 10 0 0 0 0
4 6
4 5
4 8
5 7
5 5
1 1 10 0 0 0 0
3 9
2 3 10 0 0 0 0
5 3
5 4
5 1
3 2 10 0 0 0 0
4 0
4 1
4 3 10 0 0 0 0
0 7
0 9
0 5
10 1 20 0 0 0 0
6 4
10 2 20 0 0 0 0
5 6
5 8
10 1 20 0 0 0 0
1 7
10 2 20 0 0 0 0
5 9
5 10
10 2 20 0 0 0 0
2 3
1 2
10 2 20 0 0 0 0
0 1
0 2
10 2 20 0 0 0 0
3 0
3 1
10 1 20 0 0 0 0
3 5
0
0 1 10 -1 -1 1
0 1 10 -1 -1 1
0 1 10 -1 -1 1
0 1 10 -1 -1 1
0 1 10 -1 -1 1
0
