arya                            
8 50 20 10 0 1
7 11 49 98 4 1 13
170 168 1 6 1 1
413 168 1 4 0 1
656 168 0 0 0 0
899 168 0 0 0 0
1142 168 1 9 0 1
1385 168 1 7 1 1
1628 168 1 0 0 0
49 238 1 6 0 1
292 238 0 0 0 0
535 238 0 0 0 0
778 238 0 0 0 0
1021 238 1 9 1 1
1264 238 0 0 0 0
1507 238 1 7 0 1
170 308 0 0 0 0
413 308 1 4 1 1
656 308 1 0 0 0
899 308 0 0 0 0
1142 308 1 5 0 1
1385 308 0 0 0 0
1628 308 0 0 0 0
49 378 1 12 1 1
292 378 1 4 0 1
535 378 1 4 0 1
778 378 0 0 0 0
1021 378 0 0 0 0
1264 378 0 0 0 0
1507 378 0 0 0 0
170 448 0 0 0 0
413 448 0 0 0 0
656 448 1 0 0 0
899 448 1 0 0 0
1142 448 1 5 1 1
1385 448 1 8 1 1
1628 448 1 0 1 1
49 518 0 0 0 0
292 518 1 1 0 1
535 518 1 0 0 0
778 518 1 0 0 0
1021 518 1 5 0 1
1264 518 1 5 0 1
1507 518 0 0 0 0
170 588 1 1 1 1
413 588 0 0 0 0
656 588 1 0 0 0
899 588 1 11 0 1
1142 588 1 3 0 1
1385 588 0 0 0 0
1628 588 1 0 0 1
49 658 0 0 0 0
292 658 1 1 0 1
535 658 1 0 0 0
778 658 0 0 0 0
1021 658 0 0 0 0
1264 658 1 3 0 1
1507 658 0 0 0 0
170 728 0 0 0 0
413 728 1 0 0 0
656 728 0 0 0 0
899 728 1 11 1 1
1142 728 1 3 1 1
1385 728 1 10 1 1
1628 728 0 0 0 0
49 798 0 0 0 0
292 798 1 0 0 0
535 798 0 0 0 0
778 798 0 0 0 0
1021 798 0 0 0 0
1264 798 1 3 0 1
1507 798 1 2 0 1
170 868 1 0 0 0
413 868 0 0 0 0
656 868 1 0 0 0
899 868 0 0 0 0
1142 868 0 0 0 0
1385 868 1 10 0 1
1628 868 1 2 1 1
0 2 10 0 0 0 0
6 4
6 6
1 3 10 0 0 0 0
0 6
1 7
1 5
2 2 10 0 0 0 0
6 10
6 9
3 4 10 0 0 0 0
4 8
4 6
5 9
5 7
4 4 10 0 0 0 0
1 2
1 3
1 0
2 3
10 4 20 0 0 0 0
4 4
4 5
4 2
5 5
10 2 20 0 0 0 0
0 0
0 1
10 2 20 0 0 0 0
5 0
6 1
10 1 20 0 0 0 0
5 4
10 2 20 0 0 0 0
4 1
4 0
10 2 20 0 0 0 0
5 8
5 10
10 2 20 0 0 0 0
3 8
3 6
10 1 20 0 0 0 0
0 3
0
0 1 10 -1 -1 1
0 1 10 -1 -1 1
0 1 10 -1 -1 1
0 1 10 -1 -1 1
0 1 10 -1 -1 1
0
