arya                            
8 50 20 10 0 1
7 10 68 154 4 1 13
189 224 0 0 0 0
432 224 0 0 0 0
675 224 1 10 1 1
918 224 1 0 0 1
1161 224 0 0 0 0
1404 224 1 1 1 1
1647 224 0 0 0 0
68 294 1 0 0 0
311 294 1 0 0 0
554 294 0 0 0 0
797 294 0 0 0 0
1040 294 0 0 0 0
1283 294 1 1 0 1
1526 294 1 1 0 1
189 364 1 0 0 0
432 364 0 0 0 0
675 364 0 0 0 0
918 364 1 0 1 1
1161 364 0 0 0 0
1404 364 0 0 0 0
1647 364 1 0 0 0
68 434 1 0 0 0
311 434 0 0 0 0
554 434 1 5 0 1
797 434 0 0 0 0
1040 434 1 0 0 1
1283 434 1 11 1 1
1526 434 1 0 0 0
189 504 1 6 0 1
432 504 0 0 0 0
675 504 1 5 0 1
918 504 1 0 0 1
1161 504 0 0 0 0
1404 504 0 0 0 0
1647 504 1 0 0 0
68 574 1 6 0 1
311 574 0 0 0 0
554 574 1 5 1 1
797 574 0 0 0 0
1040 574 1 7 0 1
1283 574 1 7 0 1
1526 574 0 0 0 0
189 644 1 6 1 1
432 644 0 0 0 0
675 644 1 5 0 1
918 644 1 9 1 1
1161 644 1 7 1 1
1404 644 1 0 0 0
1647 644 0 0 0 0
68 714 1 6 0 1
311 714 1 4 0 1
554 714 1 5 0 1
797 714 0 0 0 0
1040 714 0 0 0 0
1283 714 0 0 0 0
1526 714 0 0 0 0
189 784 1 4 0 1
432 784 0 0 0 0
675 784 1 2 0 1
918 784 0 0 0 0
1161 784 0 0 0 0
1404 784 0 0 0 0
1647 784 0 0 0 0
68 854 0 0 0 0
311 854 1 4 1 1
554 854 1 8 1 1
797 854 1 2 1 1
1040 854 1 12 1 1
1283 854 0 0 0 0
1526 854 1 3 1 1
0 4 10 0 0 0 0
3 2
3 4
3 0
4 3
1 3 10 0 0 0 0
5 0
5 1
6 1
2 2 10 0 0 0 0
3 9
2 8
3 1 10 0 0 0 0
6 9
4 3 10 0 0 0 0
1 9
1 7
0 8
10 5 20 0 0 0 0
2 5
2 6
2 4
2 7
2 3
10 4 20 0 0 0 0
0 6
0 7
0 5
0 4
10 3 20 0 0 0 0
4 6
4 5
5 5
10 1 20 0 0 0 0
2 9
10 1 20 0 0 0 0
3 6
10 1 20 0 0 0 0
2 0
10 1 20 0 0 0 0
5 3
10 1 20 0 0 0 0
4 9
0
0 1 10 -1 -1 1
0 1 10 -1 -1 1
0 1 10 -1 -1 1
0 1 10 -1 -1 1
0 1 10 -1 -1 1
0
