arya                            
8 50 20 10 0 1
7 9 100 181 4 1 13
221 251 1 0 1 1
464 251 0 0 0 0
707 251 1 7 1 1
950 251 0 0 0 0
1193 251 0 0 0 0
1436 251 1 3 0 1
1679 251 1 2 1 1
100 321 1 0 0 1
343 321 1 0 0 1
586 321 0 0 0 0
829 321 1 4 0 1
1072 321 1 0 0 0
1315 321 1 3 0 1
1558 321 1 2 0 1
221 391 1 0 0 1
464 391 1 8 1 1
707 391 0 0 0 0
950 391 1 4 0 1
1193 391 1 0 0 0
1436 391 1 3 1 1
1679 391 0 0 0 0
100 461 0 0 0 0
343 461 0 0 0 0
586 461 0 0 0 0
829 461 1 4 1 1
1072 461 0 0 0 0
1315 461 1 3 0 1
1558 461 0 0 0 0
221 531 0 0 0 0
464 531 0 0 0 0
707 531 0 0 0 0
950 531 1 4 0 1
1193 531 1 5 0 1
1436 531 1 3 0 1
1679 531 1 10 1 1
100 601 1 6 0 1
343 601 0 0 0 0
586 601 1 1 1 1
829 601 0 0 0 0
1072 601 1 5 1 1
1315 601 1 11 1 1
1558 601 1 9 0 1
221 671 1 6 1 1
464 671 1 1 0 1
707 671 0 0 0 0
950 671 0 0 0 0
1193 671 0 0 0 0
1436 671 1 9 0 1
1679 671 1 9 0 1
100 741 1 6 0 1
343 741 0 0 0 0
586 741 0 0 0 0
829 741 0 0 0 0
1072 741 1 5 0 1
1315 741 0 0 0 0
1558 741 1 9 1 1
221 811 1 6 0 1
464 811 1 0 0 0
707 811 1 0 0 0
950 811 1 12 1 1
1193 811 0 0 0 0
1436 811 1 9 0 1
1679 811 0 0 0 0
0 4 10 0 0 0 0
0 0
0 1
0 2
1 1
1 2 10 0 0 0 0
2 5
1 6
2 2 10 0 0 0 0
6 0
6 1
3 5 10 0 0 0 0
5 2
5 3
5 1
5 4
5 0
4 4 10 0 0 0 0
3 3
3 4
3 2
3 1
10 3 20 0 0 0 0
4 5
4 4
4 7
10 4 20 0 0 0 0
0 6
0 7
0 5
0 8
10 1 20 0 0 0 0
2 0
10 1 20 0 0 0 0
1 2
10 5 20 0 0 0 0
6 7
6 6
6 5
5 8
5 6
10 1 20 0 0 0 0
6 4
10 1 20 0 0 0 0
5 5
10 1 20 0 0 0 0
3 8
0
0 1 10 -1 -1 1
0 1 10 -1 -1 1
0 1 10 -1 -1 1
0 1 10 -1 -1 1
0 1 10 -1 -1 1
0
