arya                            
8 50 20 10 0 1
7 11 142 101 4 1 13
263 171 0 0 0 0
506 171 0 0 0 0
749 171 0 0 0 0
992 171 0 0 0 0
1235 171 0 0 0 0
1478 171 1 0 0 0
1721 171 1 5 1 1
142 241 1 0 0 0
385 241 1 9 0 1
628 241 1 6 0 1
871 241 0 0 0 0
1114 241 1 4 1 1
1357 241 0 0 0 0
1600 241 1 5 0 1
263 311 1 9 0 1
506 311 0 0 0 0
749 311 0 0 0 0
992 311 1 2 0 1
1235 311 0 0 0 0
1478 311 1 12 0 1
1721 311 1 5 0 1
142 381 0 0 0 0
385 381 1 9 1 1
628 381 1 6 1 1
871 381 1 2 1 1
1114 381 0 0 0 0
1357 381 0 0 0 0
1600 381 1 12 1 1
263 451 1 9 0 1
506 451 0 0 0 0
749 451 0 0 0 0
992 451 0 0 0 0
1235 451 0 0 0 0
1478 451 0 0 0 0
1721 451 0 0 0 0
142 521 0 0 0 0
385 521 1 9 0 1
628 521 1 6 0 1
871 521 1 2 0 1
1114 521 1 3 0 1
1357 521 0 0 0 0
1600 521 1 1 0 1
263 591 0 0 0 0
506 591 0 0 0 0
749 591 1 0 0 0
992 591 1 0 0 1
1235 591 1 3 1 1
1478 591 1 1 1 1
1721 591 0 0 0 0
142 661 1 0 0 0
385 661 0 0 0 0
628 661 0 0 0 0
871 661 0 0 0 0
1114 661 0 0 0 0
1357 661 1 1 0 1
1600 661 1 1 0 1
263 731 0 0 0 0
506 731 1 10 1 1
749 731 0 0 0 0
992 731 1 0 1 1
1235 731 1 3 0 1
1478 731 0 0 0 0
1721 731 1 0 0 0
142 801 1 8 0 1
385 801 1 8 0 1
628 801 1 10 0 1
871 801 1 0 0 1
1114 801 0 0 0 0
1357 801 0 0 0 0
1600 801 0 0 0 0
263 871 1 8 1 1
506 871 1 10 0 1
749 871 0 0 0 0
992 871 1 0 0 1
1235 871 1 11 1 1
1478 871 1 7 1 1
1721 871 1 0 0 0
0 4 35 0 0 0 0
3 8
3 9
3 10
3 6
4 4 20 20 44 1 0
5 6
5 7
6 7
6 5
1444 686 572 816 1 1 1 1644502534 489384 0.000000 1 10
1439 651 567 781 1 1 1 1644502534 489384 0.000000 1 10
1444 615 562 746 1 1 1 1644502534 489384 0.000000 1 10
1444 686 572 816 1 1 1 1644502534 489384 180000.000000 1 10
1439 651 567 781 1 1 1 1644502534 489384 180000.000000 1 10
1444 615 562 746 1 1 1 1644502534 489385 180000.000000 1 10
1444 686 572 816 1 1 1 1644502534 489385 360000.000000 1 10
1439 651 567 781 1 1 1 1644502534 489385 360000.000000 1 10
1444 615 562 746 1 1 1 1644502534 489385 360000.000000 1 10
1444 686 572 816 1 1 1 1644502534 489385 540000.000000 1 10
1439 651 567 781 1 1 1 1644502534 489385 540000.000000 1 10
1304 629 562 746 1 1 1 1644502535 34118 0.000000 1 10
844 759 572 816 1 0 1 1644502536 20114 0.000000 1 10
1369 658 567 781 2 1 1 1644502536 698715 0.000000 1 10
1444 615 562 746 2 1 1 1644502537 39193 0.000000 1 10
1494 681 572 816 2 1 1 1644502537 209977 0.000000 1 10
1529 642 567 781 4 1 1 1644502537 345025 0.000000 1 10
1444 615 562 746 4 1 1 1644502537 889217 0.000000 1 10
1394 691 572 816 4 0 1 1644502537 889217 0.000000 1 10
1429 652 567 781 4 0 1 1644502538 24934 0.000000 1 10
1444 615 562 746 4 1 1 1644502538 58258 0.000000 1 10
1504 680 572 816 4 0 1 1644502538 263500 0.000000 1 10
1499 645 567 781 4 0 1 1644502538 263500 0.000000 1 10
1494 610 562 746 4 0 1 1644502538 263500 0.000000 1 10
1544 676 572 816 4 0 0 1644502539 555239 0.000000 1 10
1539 641 567 781 4 0 0 1644502540 31523 0.000000 1 10
1534 606 562 746 4 0 0 1644502541 17580 0.000000 1 10
1544 676 572 816 4 0 0 1644502542 37756 0.000000 1 10
1539 641 567 781 4 0 0 1644502543 23607 0.000000 1 10
1534 606 562 746 4 0 0 1644502544 43282 0.000000 1 10
1544 676 572 816 4 0 0 1644502545 29165 0.000000 1 10
1539 641 567 781 4 0 0 1644502546 51437 0.000000 1 10
1534 606 562 746 4 0 0 1644502547 49082 0.000000 1 10
1544 676 572 816 4 0 0 1644502548 24687 0.000000 1 10
1539 641 567 781 4 0 0 1644502549 45179 0.000000 1 10
1534 606 562 746 4 0 0 1644502550 30138 0.000000 1 10
1544 676 572 816 4 0 0 1644502551 14828 0.000000 1 10
1539 641 567 781 4 0 0 1644502552 34809 0.000000 1 10
1534 606 562 746 4 0 0 1644502553 21293 0.000000 1 10
1544 676 572 816 4 0 0 1644502554 43218 0.000000 1 10
1539 641 567 781 4 0 0 1644502555 26833 0.000000 1 10
1534 606 562 746 4 0 0 1644502556 11406 0.000000 1 10
1544 676 572 816 4 0 0 1644502557 34983 0.000000 1 10
1539 641 567 781 4 0 0 1644502558 19508 0.000000 1 10
4 3 20 16 36 1 0
3 3
3 2
3 5
1271 583 1527 676 2 1 1 1644502534 489386 0.000000 2 1
1517 631 1539 641 2 1 1 1644502534 489387 0.000000 2 1
1052 432 1551 606 2 1 1 1644502534 489387 0.000000 2 1
1505 666 1527 676 2 1 1 1644502534 489387 180000.000000 2 1
1517 631 1539 641 2 1 1 1644502534 489396 180000.000000 2 1
1052 432 1551 606 2 1 1 1644502534 489397 180000.000000 2 1
1505 666 1527 676 2 1 1 1644502534 489397 360000.000000 2 1
1517 631 1539 641 2 1 1 1644502534 489397 360000.000000 2 1
998 414 1551 606 2 1 1 1644502534 489397 360000.000000 2 1
1505 666 1527 676 2 1 1 1644502534 489397 540000.000000 2 1
1040 467 1539 641 2 1 1 1644502534 489397 540000.000000 2 1
1529 596 1551 606 4 1 1 1644502535 678966 0.000000 2 1
1343 607 1527 676 4 1 1 1644502535 678966 0.000000 2 1
1517 631 1539 641 4 1 1 1644502535 678967 0.000000 2 1
1529 596 1551 606 4 1 1 1644502535 678967 180000.000000 2 1
1505 666 1527 676 4 1 1 1644502536 55391 0.000000 2 1
1517 631 1539 641 4 1 1 1644502536 55392 0.000000 2 1
1529 596 1551 606 4 1 1 1644502536 55392 0.000000 2 1
992 512 1276 676 4 0 1 1644502538 58260 0.000000 2 3
1012 477 1296 641 4 0 1 1644502538 58260 0.000000 2 3
952 396 1316 606 4 0 0 1644502542 37758 0.000000 2 3
912 466 1276 676 4 0 0 1644502542 37758 0.000000 2 3
932 431 1296 641 4 0 0 1644502542 37758 0.000000 2 3
952 396 1316 606 4 0 0 1644502542 37758 180000.000000 2 3
912 466 1276 676 4 0 0 1644502548 24689 0.000000 2 3
932 431 1296 641 4 0 0 1644502548 24689 0.000000 2 3
952 396 1316 606 4 0 0 1644502548 24689 0.000000 2 3
912 466 1276 676 4 0 0 1644502548 24690 180000.000000 2 3
932 431 1296 641 4 0 0 1644502548 24690 180000.000000 2 3
952 396 1316 606 4 0 0 1644502548 24690 180000.000000 2 3
912 466 1276 676 4 0 0 1644502554 43220 0.000000 2 3
932 431 1296 641 4 0 0 1644502554 43220 0.000000 2 3
952 396 1316 606 4 0 0 1644502554 43220 0.000000 2 3
912 466 1276 676 4 0 0 1644502554 43221 180000.000000 2 3
932 431 1296 641 4 0 0 1644502554 43221 180000.000000 2 3
952 396 1316 606 4 0 0 1644502554 43221 180000.000000 2 3
3 3 20 20 35 1 1
4 6
4 5
4 8
1386 676 1539 676 3 1 1 1644502534 489397 0.000000 3 1
1386 641 1539 641 3 1 1 1644502534 489397 0.000000 3 1
1386 606 1539 606 3 1 1 1644502534 489398 0.000000 3 1
1386 676 1539 676 3 1 1 1644502534 489398 180000.000000 3 1
1386 641 1539 641 3 1 1 1644502534 489398 180000.000000 3 1
1386 606 1539 606 3 1 1 1644502534 489398 180000.000000 3 1
1386 676 1539 676 3 1 1 1644502534 489398 360000.000000 3 1
1386 641 1539 641 3 1 1 1644502534 489398 360000.000000 3 1
1386 606 1539 606 3 1 1 1644502534 489398 360000.000000 3 1
1386 676 1539 676 3 1 1 1644502534 489398 540000.000000 3 1
1386 641 1539 641 3 1 1 1644502534 489398 540000.000000 3 1
1396 531 1641 396 3 0 1 1644502537 889218 0.000000 3 12
1388 631 1681 466 3 1 1 1644502537 889218 0.000000 3 12
1400 576 1661 431 3 1 1 1644502537 889218 0.000000 3 12
1364 551 1641 396 3 0 1 1644502538 24935 0.000000 3 12
1316 676 1681 466 3 0 0 1644502539 45071 0.000000 3 12
1296 641 1661 431 3 0 0 1644502540 31523 0.000000 3 12
1276 606 1641 396 3 0 0 1644502541 17580 0.000000 3 12
1316 676 1681 466 3 0 0 1644502542 37756 0.000000 3 12
1296 641 1661 431 3 0 0 1644502543 23608 0.000000 3 12
1276 606 1641 396 3 0 0 1644502544 43283 0.000000 3 12
1316 676 1681 466 3 0 0 1644502545 29166 0.000000 3 12
1296 641 1661 431 3 0 0 1644502546 51437 0.000000 3 12
1276 606 1641 396 3 0 0 1644502547 49082 0.000000 3 12
1316 676 1681 466 3 0 0 1644502548 24688 0.000000 3 12
1296 641 1661 431 3 0 0 1644502549 45180 0.000000 3 12
1276 606 1641 396 3 0 0 1644502550 30139 0.000000 3 12
1316 676 1681 466 3 0 0 1644502551 14828 0.000000 3 12
1296 641 1661 431 3 0 0 1644502552 34810 0.000000 3 12
1276 606 1641 396 3 0 0 1644502553 21293 0.000000 3 12
1316 676 1681 466 3 0 0 1644502554 43218 0.000000 3 12
1296 641 1661 431 3 0 0 1644502555 26833 0.000000 3 12
1276 606 1641 396 3 0 0 1644502556 11407 0.000000 3 12
1316 676 1681 466 3 0 0 1644502557 34984 0.000000 3 12
1296 641 1661 431 3 0 0 1644502558 19509 0.000000 3 12
4 1 20 16 31 1 0
4 1
1087 385 952 466 4 1 1 1644502534 489399 0.000000 4 2
1031 370 932 431 4 1 1 1644502534 489399 0.000000 4 2
931 381 912 396 4 1 1 1644502534 489399 0.000000 4 2
1087 385 952 466 4 1 1 1644502534 489399 180000.000000 4 2
951 416 932 431 4 1 1 1644502534 489399 180000.000000 4 2
931 381 912 396 4 1 1 1644502534 489399 180000.000000 4 2
1042 410 952 466 4 1 1 1644502534 489399 360000.000000 4 2
951 416 932 431 4 1 1 1644502534 489399 360000.000000 4 2
931 381 912 396 4 1 1 1644502534 489399 360000.000000 4 2
971 451 952 466 4 1 1 1644502534 489399 540000.000000 4 2
951 416 932 431 4 1 1 1644502534 489399 540000.000000 4 2
1551 585 1572 606 4 1 1 1644502535 678967 0.000000 4 1
1408 580 1506 676 4 1 1 1644502536 55392 0.000000 4 1
1205 381 1296 641 4 0 1 1644502538 58260 0.000000 4 3
1245 346 1336 606 4 0 1 1644502538 58260 0.000000 4 3
1135 326 1256 676 4 0 0 1644502542 37758 0.000000 4 3
1175 291 1296 641 4 0 0 1644502542 37758 0.000000 4 3
1215 256 1336 606 4 0 0 1644502542 37758 0.000000 4 3
1135 326 1256 676 4 0 0 1644502542 37758 180000.000000 4 3
1175 291 1296 641 4 0 0 1644502548 24690 0.000000 4 3
1215 256 1336 606 4 0 0 1644502548 24690 0.000000 4 3
1135 326 1256 676 4 0 0 1644502548 24690 0.000000 4 3
1175 291 1296 641 4 0 0 1644502548 24690 180000.000000 4 3
1215 256 1336 606 4 0 0 1644502548 24690 180000.000000 4 3
1135 326 1256 676 4 0 0 1644502548 24691 180000.000000 4 3
1175 291 1296 641 4 0 0 1644502554 43221 0.000000 4 3
1215 256 1336 606 4 0 0 1644502554 43221 0.000000 4 3
1135 326 1256 676 4 0 0 1644502554 43221 0.000000 4 3
1175 291 1296 641 4 0 0 1644502554 43222 180000.000000 4 3
1215 256 1336 606 4 0 0 1644502554 43222 180000.000000 4 3
1135 326 1256 676 4 0 0 1644502554 43222 180000.000000 4 3
10 3 20 0 0 0 0
6 0
6 1
6 2
10 3 20 0 0 0 0
2 3
2 5
2 1
10 1 20 0 0 0 0
5 10
10 3 20 0 0 0 0
0 10
0 9
1 9
10 5 20 0 0 0 0
1 3
1 5
1 1
0 4
0 2
10 3 20 0 0 0 1
1 8
1 10
2 9
10 1 20 0 0 0 0
4 10
10 2 20 0 0 0 1
6 3
5 2
9
2 780 734 1 1 1644502538 434154 0.000000 1
2 452 830 0 0 0 0 0.000000 0
2 1562 471 0 0 0 0 0.000000 0
2 1243 772 0 0 0 0 0.000000 0
2 1082 690 0 0 0 0 0.000000 0
2 1092 298 0 0 0 0 0.000000 0
2 1407 905 0 0 0 0 0.000000 0
2 850 492 0 0 0 0 0.000000 0
2 1311 314 0 0 0 0 0.000000 0
0 1 0 -1 -1 1
0 1 10 2 0 1
0 1 0 -1 -1 1
0 1 0 -1 -1 1
0 1 0 -1 -1 1
0
