arya                            
8 50 20 10 0 1
7 9 19 195 4 1 13
140 265 0 0 0 0
383 265 1 4 1 1
626 265 0 0 0 0
869 265 1 0 0 0
1112 265 0 0 0 0
1355 265 1 1 1 1
1598 265 1 9 1 1
19 335 1 6 1 1
262 335 0 0 0 0
505 335 1 4 0 1
748 335 1 12 0 1
991 335 1 0 0 0
1234 335 1 1 0 1
1477 335 1 1 0 1
140 405 0 0 0 0
383 405 0 0 0 0
626 405 1 12 0 1
869 405 0 0 0 0
1112 405 1 11 0 1
1355 405 0 0 0 0
1598 405 0 0 0 0
19 475 1 6 0 1
262 475 1 2 1 1
505 475 0 0 0 0
748 475 1 12 1 1
991 475 0 0 0 0
1234 475 1 11 1 1
1477 475 1 10 1 1
140 545 1 2 0 1
383 545 1 0 0 1
626 545 0 0 0 0
869 545 0 0 0 0
1112 545 0 0 0 0
1355 545 0 0 0 0
1598 545 1 10 0 1
19 615 0 0 0 0
262 615 0 0 0 0
505 615 0 0 0 0
748 615 1 3 0 1
991 615 0 0 0 0
1234 615 1 11 0 1
1477 615 0 0 0 0
140 685 1 5 1 1
383 685 1 0 1 1
626 685 1 3 0 1
869 685 1 3 0 1
1112 685 1 7 0 1
1355 685 0 0 0 0
1598 685 1 8 0 1
19 755 0 0 0 0
262 755 0 0 0 0
505 755 1 0 0 1
748 755 1 3 1 1
991 755 1 7 1 1
1234 755 0 0 0 0
1477 755 0 0 0 0
140 825 0 0 0 0
383 825 1 0 0 1
626 825 1 3 0 1
869 825 1 3 0 1
1112 825 0 0 0 0
1355 825 0 0 0 0
1598 825 1 8 1 1
0 4 10 0 0 0 0
1 6
1 8
1 4
2 7
1 3 10 0 0 0 0
5 0
5 1
6 1
2 2 10 0 0 0 0
1 3
0 4
3 6 10 0 0 0 0
3 7
3 8
3 6
3 5
2 8
2 6
4 2 10 0 0 0 0
1 0
2 1
10 1 20 0 0 0 0
0 6
10 2 20 0 0 0 0
0 1
0 3
10 2 20 0 0 0 0
4 7
4 6
10 2 20 0 0 0 0
6 8
6 6
10 1 20 0 0 0 0
6 0
10 2 20 0 0 0 0
6 3
6 4
10 3 20 0 0 0 0
5 3
5 5
4 2
10 3 20 0 0 0 0
3 3
3 1
2 2
0
0 1 10 -1 -1 1
0 1 10 -1 -1 1
0 1 10 -1 -1 1
0 1 10 -1 -1 1
0 1 10 -1 -1 1
0
