arya                            
8 50 20 10 0 1
7 10 10 166 4 1 13
131 236 0 0 0 0
374 236 0 0 0 0
617 236 0 0 0 0
860 236 0 0 0 0
1103 236 1 3 1 1
1346 236 1 12 0 1
1589 236 0 0 0 0
10 306 1 5 0 1
253 306 0 0 0 0
496 306 0 0 0 0
739 306 1 10 1 1
982 306 0 0 0 0
1225 306 1 3 0 1
1468 306 1 12 1 1
131 376 1 5 1 1
374 376 0 0 0 0
617 376 0 0 0 0
860 376 0 0 0 0
1103 376 0 0 0 0
1346 376 1 2 0 1
1589 376 0 0 0 0
10 446 1 5 0 1
253 446 0 0 0 0
496 446 1 4 0 1
739 446 0 0 0 0
982 446 0 0 0 0
1225 446 0 0 0 0
1468 446 0 0 0 0
131 516 1 5 0 1
374 516 1 8 1 1
617 516 1 4 1 1
860 516 1 0 0 1
1103 516 1 0 0 1
1346 516 1 2 1 1
1589 516 1 11 1 1
10 586 0 0 0 0
253 586 0 0 0 0
496 586 1 4 0 1
739 586 0 0 0 0
982 586 1 0 1 1
1225 586 1 2 0 1
1468 586 1 1 0 1
131 656 1 7 0 1
374 656 1 8 0 1
617 656 0 0 0 0
860 656 0 0 0 0
1103 656 1 0 0 1
1346 656 0 0 0 0
1589 656 0 0 0 0
10 726 0 0 0 0
253 726 1 7 0 1
496 726 0 0 0 0
739 726 1 6 0 1
982 726 1 0 0 1
1225 726 0 0 0 0
1468 726 1 1 1 1
131 796 1 7 1 1
374 796 0 0 0 0
617 796 0 0 0 0
860 796 0 0 0 0
1103 796 1 9 0 1
1346 796 1 1 0 1
1589 796 1 1 0 1
10 866 0 0 0 0
253 866 0 0 0 0
496 866 0 0 0 0
739 866 1 6 1 1
982 866 1 9 1 1
1225 866 1 0 0 0
1468 866 1 1 0 1
0 5 10 0 0 0 0
4 5
4 6
4 4
4 7
3 4
1 5 10 0 0 0 0
6 7
6 8
6 9
6 5
5 8
2 3 10 0 0 0 0
5 4
5 5
5 2
3 2 10 0 0 0 0
4 0
5 1
4 3 10 0 0 0 0
2 4
2 5
2 3
10 4 20 0 0 0 0
0 2
0 3
0 1
0 4
10 2 20 0 0 0 0
3 9
3 7
10 3 20 0 0 0 0
0 8
0 6
1 7
10 2 20 0 0 0 0
1 4
1 6
10 2 20 0 0 0 0
4 9
4 8
10 1 20 0 0 0 0
3 1
10 1 20 0 0 0 0
6 4
10 2 20 0 0 0 0
6 1
5 0
0
0 1 10 -1 -1 1
0 1 10 -1 -1 1
0 1 10 -1 -1 1
0 1 10 -1 -1 1
0 1 10 -1 -1 1
0
