arya                            
8 50 20 10 0 1
7 11 141 67 1 1 10
262 137 0 0 0 0
505 137 1 2 0 1
748 137 1 9 1 1
991 137 1 6 1 1
1234 137 0 0 0 0
1477 137 1 8 1 1
1720 137 1 0 0 0
141 207 1 5 1 1
384 207 0 0 0 0
627 207 0 0 0 0
870 207 1 6 0 1
1113 207 1 6 0 1
1356 207 1 8 0 1
1599 207 1 3 0 1
262 277 1 5 0 1
505 277 1 2 1 1
748 277 0 0 0 0
991 277 0 0 0 0
1234 277 0 0 0 0
1477 277 1 3 0 1
1720 277 0 0 0 0
141 347 0 0 0 0
384 347 0 0 0 0
627 347 0 0 0 0
870 347 0 0 0 0
1113 347 0 0 0 0
1356 347 0 0 0 0
1599 347 1 3 1 1
262 417 0 0 0 0
505 417 1 2 0 1
748 417 0 0 0 0
991 417 0 0 0 0
1234 417 0 0 0 0
1477 417 0 0 0 0
1720 417 1 3 0 1
141 487 1 0 0 0
384 487 1 4 0 1
627 487 1 4 0 1
870 487 0 0 0 0
1113 487 1 1 1 1
1356 487 1 0 0 0
1599 487 1 3 0 1
262 557 0 0 0 0
505 557 1 4 1 1
748 557 0 0 0 0
991 557 0 0 0 0
1234 557 0 0 0 0
1477 557 0 0 0 0
1720 557 0 0 0 0
141 627 0 0 0 0
384 627 0 0 0 0
627 627 0 0 0 0
870 627 0 0 0 0
1113 627 0 0 0 0
1356 627 0 0 0 0
1599 627 0 0 0 0
262 697 0 0 0 0
505 697 0 0 0 0
748 697 0 0 0 0
991 697 1 0 0 1
1234 697 1 7 0 1
1477 697 0 0 0 0
1720 697 1 0 0 0
141 767 0 0 0 0
384 767 0 0 0 0
627 767 1 0 0 0
870 767 1 0 1 1
1113 767 1 7 1 1
1356 767 0 0 0 0
1599 767 1 0 0 0
262 837 1 0 0 0
505 837 1 0 0 0
748 837 0 0 0 0
991 837 1 0 0 1
1234 837 0 0 0 0
1477 837 0 0 0 0
1720 837 1 0 0 0
0 3 10 0 0 0 0
3 9
3 10
3 8
1 1 10 0 0 0 0
4 5
10 3 20 0 0 0 0
1 2
1 4
1 0
10 5 20 0 0 0 0
6 3
6 4
6 5
6 1
5 2
10 3 20 0 0 0 0
1 6
1 5
2 5
10 2 20 0 0 0 0
0 1
0 2
10 3 20 0 0 0 0
3 0
3 1
4 1
10 2 20 0 0 0 0
4 9
4 8
10 2 20 0 0 0 0
5 0
5 1
10 1 20 0 0 0 0
2 0
0
0 1 10 -1 -1 1
0 1 10 -1 -1 1
0
