arya                            
8 50 20 10 0 1
7 10 102 137 1 1 10
223 207 0 0 0 0
466 207 0 0 0 0
709 207 0 0 0 0
952 207 0 0 0 0
1195 207 1 0 0 0
1438 207 0 0 0 0
1681 207 0 0 0 0
102 277 0 0 0 0
345 277 1 7 0 1
588 277 1 4 1 1
831 277 1 0 0 0
1074 277 0 0 0 0
1317 277 0 0 0 0
1560 277 0 0 0 0
223 347 1 7 1 1
466 347 1 4 0 1
709 347 0 0 0 0
952 347 0 0 0 0
1195 347 0 0 0 0
1438 347 1 2 1 1
1681 347 0 0 0 0
102 417 0 0 0 0
345 417 0 0 0 0
588 417 1 4 0 1
831 417 0 0 0 0
1074 417 0 0 0 0
1317 417 0 0 0 0
1560 417 1 2 0 1
223 487 0 0 0 0
466 487 1 0 0 0
709 487 0 0 0 0
952 487 1 0 0 0
1195 487 0 0 0 0
1438 487 0 0 0 0
1681 487 1 8 1 1
102 557 1 0 0 0
345 557 0 0 0 0
588 557 1 0 0 0
831 557 1 0 0 0
1074 557 1 0 0 0
1317 557 1 6 1 1
1560 557 1 8 0 1
223 627 0 0 0 0
466 627 1 0 0 0
709 627 1 0 0 0
952 627 1 0 0 0
1195 627 0 0 0 0
1438 627 0 0 0 0
1681 627 1 3 0 1
102 697 1 9 0 1
345 697 1 0 0 1
588 697 0 0 0 0
831 697 1 0 0 0
1074 697 1 1 0 1
1317 697 1 5 0 1
1560 697 1 3 0 1
223 767 1 0 0 1
466 767 1 0 0 1
709 767 1 0 0 0
952 767 0 0 0 0
1195 767 1 1 0 1
1438 767 1 5 1 1
1681 767 1 3 1 1
102 837 1 9 1 1
345 837 1 0 1 1
588 837 0 0 0 0
831 837 0 0 0 0
1074 837 1 1 1 1
1317 837 0 0 0 0
1560 837 1 3 0 1
0 4 10 0 0 0 0
1 9
1 8
1 7
0 8
1 3 10 0 0 0 0
4 9
4 8
4 7
10 2 20 0 0 0 0
5 2
6 3
10 4 20 0 0 0 0
6 8
6 9
6 7
6 6
10 3 20 0 0 0 0
2 1
2 3
1 2
10 2 20 0 0 0 0
5 8
5 7
10 1 20 0 0 0 0
5 5
10 2 20 0 0 0 0
0 2
1 1
10 2 20 0 0 0 0
6 4
6 5
10 2 20 0 0 0 0
0 9
0 7
0
0 1 10 -1 -1 1
0 1 10 -1 -1 1
0
