arya                            
8 50 20 10 0 1
7 10 92 128 1 1 10
213 198 0 0 0 0
456 198 1 4 0 1
699 198 1 3 0 1
942 198 1 3 0 1
1185 198 0 0 0 0
1428 198 0 0 0 0
1671 198 0 0 0 0
92 268 0 0 0 0
335 268 0 0 0 0
578 268 1 4 1 1
821 268 1 3 1 1
1064 268 0 0 0 0
1307 268 0 0 0 0
1550 268 1 1 0 1
213 338 1 5 0 1
456 338 0 0 0 0
699 338 0 0 0 0
942 338 1 3 0 1
1185 338 0 0 0 0
1428 338 0 0 0 0
1671 338 0 0 0 0
92 408 1 5 1 1
335 408 0 0 0 0
578 408 1 4 0 1
821 408 1 3 0 1
1064 408 1 0 0 0
1307 408 1 8 1 1
1550 408 1 1 1 1
213 478 0 0 0 0
456 478 0 0 0 0
699 478 0 0 0 0
942 478 1 0 0 0
1185 478 1 8 0 1
1428 478 1 1 0 1
1671 478 0 0 0 0
92 548 1 0 0 1
335 548 1 0 0 1
578 548 0 0 0 0
821 548 0 0 0 0
1064 548 1 0 0 0
1307 548 1 8 0 1
1550 548 1 1 0 1
213 618 1 0 1 1
456 618 0 0 0 0
699 618 0 0 0 0
942 618 0 0 0 0
1185 618 0 0 0 0
1428 618 0 0 0 0
1671 618 0 0 0 0
92 688 0 0 0 0
335 688 0 0 0 0
578 688 0 0 0 0
821 688 0 0 0 0
1064 688 0 0 0 0
1307 688 1 7 0 1
1550 688 1 2 0 1
213 758 1 0 0 1
456 758 0 0 0 0
699 758 1 9 0 1
942 758 0 0 0 0
1185 758 0 0 0 0
1428 758 1 7 1 1
1671 758 1 2 1 1
92 828 0 0 0 0
335 828 0 0 0 0
578 828 1 9 1 1
821 828 1 0 0 0
1064 828 1 6 1 1
1307 828 1 7 0 1
1550 828 1 2 0 1
0 4 2 0 41 0 1
0 6
0 5
0 8
1 5
594 894 619 913 0 1 1 1644494977 470369 0.000000 0 9
614 859 639 878 0 1 1 1644494977 470369 0.000000 0 9
634 824 659 843 0 1 1 1644494977 470369 0.000000 0 9
594 894 619 913 0 1 1 1644494977 470369 180000.000000 0 9
614 859 639 878 0 1 1 1644494977 470369 180000.000000 0 9
634 824 659 843 0 1 1 1644494977 470369 180000.000000 0 9
594 894 619 913 0 1 1 1644494977 470369 360000.000000 0 9
614 859 639 878 0 1 1 1644494977 470369 360000.000000 0 9
634 824 659 843 0 1 1 1644494977 470369 360000.000000 0 9
594 894 619 913 0 1 1 1639494977 470369 540000.000000 0 9
614 859 639 878 0 1 1 1639494977 470369 540000.000000 0 9
634 824 659 843 0 1 1 1639494977 470369 540000.000000 0 9
594 894 619 913 0 1 1 1639494977 470369 720000.000000 0 9
614 859 639 878 0 1 1 1639494977 470369 720000.000000 0 9
634 824 659 843 0 1 1 1639494977 470369 720000.000000 0 9
594 894 619 913 0 1 1 1639494977 470370 900000.000000 0 9
614 859 639 878 0 1 1 1639494977 470370 900000.000000 0 9
634 824 659 843 0 1 1 1639494977 470370 900000.000000 0 9
594 894 619 913 0 1 1 1639494977 470370 1080000.000000 0 9
614 859 639 878 0 1 1 1639494977 470370 1080000.000000 0 9
634 824 659 843 0 1 1 1639494977 470370 1080000.000000 0 9
594 894 619 913 0 1 1 1639494977 470375 1260000.000000 0 9
614 859 639 878 0 1 1 1639494977 470375 1260000.000000 0 9
634 824 659 843 0 1 1 1639494977 470375 1260000.000000 0 9
594 894 619 913 0 1 1 1639494977 470375 1440000.000000 0 9
614 859 639 878 0 1 1 1639494977 470375 1440000.000000 0 9
634 824 659 843 0 1 1 1639494977 470375 1440000.000000 0 9
594 894 619 913 0 1 1 1639494977 470375 1620000.000000 0 9
614 859 639 878 0 1 1 1639494977 470375 1620000.000000 0 9
634 824 659 843 0 1 1 1639494977 470375 1620000.000000 0 9
594 894 619 913 0 1 1 1639494977 470376 1800000.000000 0 9
614 859 639 878 0 1 1 1639494977 470376 1800000.000000 0 9
634 824 659 843 0 1 1 1639494977 470376 1800000.000000 0 9
594 894 619 913 0 1 1 1639494977 470376 1980000.000000 0 9
614 859 639 878 0 1 1 1639494977 470376 1980000.000000 0 9
634 824 659 843 0 1 1 1639494977 470376 1980000.000000 0 9
594 894 619 913 0 1 1 1639494977 470376 2160000.000000 0 9
614 859 639 878 0 1 1 1639494977 470376 2160000.000000 0 9
634 824 659 843 0 1 1 1639494977 470376 2160000.000000 0 9
594 894 619 913 0 1 1 1639494977 470376 2340000.000000 0 9
614 859 639 878 0 1 1 1639494977 470376 2340000.000000 0 9
1 4 2 0 41 0 0
6 3
6 5
6 1
5 4
1391 493 1368 493 1 1 1 1644494960 28538 0.000000 1 8
1391 458 1368 458 1 1 1 1644494960 28538 0.000000 1 8
1391 423 1368 423 1 1 1 1644494960 28538 0.000000 1 8
1391 493 1368 493 1 1 1 1644494960 28539 180000.000000 1 8
1391 458 1368 458 1 1 1 1644494960 28539 180000.000000 1 8
1391 423 1368 423 1 1 1 1644494960 28539 180000.000000 1 8
1391 493 1368 493 1 1 1 1644494960 28539 360000.000000 1 8
1391 458 1368 458 1 1 1 1644494960 28539 360000.000000 1 8
1391 423 1368 423 1 1 1 1644494960 28539 360000.000000 1 8
1391 493 1368 493 1 1 1 1644494960 28539 540000.000000 1 8
1391 458 1368 458 1 1 1 1644494960 28539 540000.000000 1 8
1391 423 1368 423 1 1 1 1644494960 28539 540000.000000 1 8
1391 493 1368 493 1 1 1 1644494960 28539 720000.000000 1 8
1391 458 1368 458 1 1 1 1644494960 28539 720000.000000 1 8
1391 423 1368 423 1 1 1 1644494960 28539 720000.000000 1 8
1391 493 1368 493 1 1 1 1644494960 28539 900000.000000 1 8
1391 458 1368 458 1 1 1 1644494960 28539 900000.000000 1 8
1391 423 1368 423 1 1 1 1644494960 28539 900000.000000 1 8
1391 493 1368 493 1 1 1 1644494960 28539 1080000.000000 1 8
1391 458 1368 458 1 1 1 1644494960 28539 1080000.000000 1 8
1391 423 1368 423 1 1 1 1644494960 28539 1080000.000000 1 8
1391 493 1368 493 1 1 1 1644494960 28539 1260000.000000 1 8
1391 458 1368 458 1 1 1 1644494960 28539 1260000.000000 1 8
1391 423 1368 423 1 1 1 1644494960 28540 1260000.000000 1 8
1679 820 1692 843 1 1 1 1644494971 11235 0.000000 1 2
1719 785 1732 808 1 1 1 1644494971 11235 0.000000 1 2
1759 750 1772 773 1 1 1 1644494971 11236 0.000000 1 2
1679 820 1692 843 1 1 1 1644494971 11236 180000.000000 1 2
1719 785 1732 808 1 1 1 1644494971 11236 180000.000000 1 2
1759 750 1772 773 1 1 1 1644494971 11236 180000.000000 1 2
1679 820 1692 843 1 1 1 1644494971 11236 360000.000000 1 2
1719 785 1732 808 1 1 1 1644494971 11236 360000.000000 1 2
1759 750 1772 773 1 1 1 1644494971 11236 360000.000000 1 2
1679 820 1692 843 1 1 1 1644494971 11236 540000.000000 1 2
1719 785 1732 808 1 1 1 1644494971 11236 540000.000000 1 2
1759 750 1772 773 1 1 1 1644494973 16179 0.000000 1 2
1679 820 1692 843 1 1 1 1644494973 16179 0.000000 1 2
1233 500 274 668 1 0 1 1644494977 946257 0.000000 1 0
1228 465 269 633 1 0 1 1644494977 946257 0.000000 1 0
1238 535 279 703 1 0 1 1644494977 946257 0.000000 1 0
1278 495 274 668 1 0 1 1644494977 946257 180000.000000 1 0
1 3 0 0 15 0 0
6 8
6 9
6 7
1256 558 862 353 1 0 1 1644494977 436047 0.000000 2 3
1276 523 882 318 1 0 1 1644494977 436047 0.000000 2 3
1296 488 902 283 1 0 1 1644494977 436054 0.000000 2 3
1296 583 862 353 1 0 1 1644494977 436054 180000.000000 2 3
1316 548 882 318 1 0 1 1644494977 436054 180000.000000 2 3
1336 513 902 283 1 0 1 1644494977 436054 180000.000000 2 3
1336 608 862 353 1 0 1 1644494977 436054 360000.000000 2 3
1356 573 882 318 1 0 1 1644494977 436054 360000.000000 2 3
1376 538 902 283 1 0 1 1644494977 436054 360000.000000 2 3
1368 628 862 353 1 0 1 1639494977 436054 540000.000000 2 3
1388 593 882 318 1 0 1 1639494977 436054 540000.000000 2 3
1408 558 902 283 1 0 1 1639494977 436054 540000.000000 2 3
1368 628 862 353 1 0 1 1639494977 436062 720000.000000 2 3
1412 608 882 318 1 0 1 1644494978 14262 0.000000 2 3
1672 723 902 283 1 0 1 1644494979 34572 0.000000 2 3
10 5 20 0 0 0 1
3 1
3 2
3 0
3 3
2 0
10 3 18 0 0 0 0
2 1
2 3
1 0
10 2 20 0 0 0 0
0 3
0 2
10 1 20 0 0 0 0
4 9
10 3 20 0 0 0 0
5 8
5 9
5 7
1 3 2 0 20 0 0
5 3
5 5
4 4
1676 821 1699 843 1 1 1 1644494971 11236 0.000000 8 2
1709 786 1732 808 1 1 1 1644494971 11236 0.000000 8 2
1742 751 1765 773 1 1 1 1644494971 11236 0.000000 8 2
1676 821 1699 843 1 1 1 1644494971 11236 180000.000000 8 2
1709 786 1732 808 1 1 1 1644494971 11236 180000.000000 8 2
1742 751 1765 773 1 1 1 1644494971 11236 180000.000000 8 2
1676 821 1699 843 1 1 1 1644494971 11236 360000.000000 8 2
1709 786 1732 808 1 1 1 1644494971 11236 360000.000000 8 2
1742 751 1765 773 1 1 1 1644494971 11236 360000.000000 8 2
1676 821 1699 843 1 1 1 1644494971 11236 540000.000000 8 2
1709 786 1732 808 1 1 1 1644494971 11241 540000.000000 8 2
1742 751 1765 773 1 1 1 1644494971 11241 540000.000000 8 2
1676 821 1699 843 1 1 1 1644494971 11241 720000.000000 8 2
1709 786 1732 808 1 1 1 1644494971 11241 720000.000000 8 2
1742 751 1765 773 1 1 1 1644494973 16179 0.000000 8 2
1676 821 1699 843 1 1 1 1644494973 16179 0.000000 8 2
666 319 639 318 1 1 1 1644494974 681684 0.000000 8 4
672 284 645 283 1 1 1 1644494975 22340 0.000000 8 4
996 557 280 703 1 0 1 1644494977 946258 0.000000 8 0
990 522 274 668 1 0 1 1644494977 946258 0.000000 8 0
0 2 21 0 0 0 0
2 9
2 8
4
2 478 723 1 0 1644494977 946004 0.000000 0
2 969 862 0 0 0 0 0.000000 0
2 959 363 1 0 1644494976 8314 0.000000 1
2 1545 684 0 0 0 0 0.000000 0
0 1 10 2 0 1
0 1 10 2 2 1
0
