arya                            
8 50 20 10 0 1
7 10 137 152 4 1 13
258 222 0 0 0 0
501 222 0 0 0 0
744 222 1 7 0 1
987 222 1 6 1 1
1230 222 1 1 1 1
1473 222 1 0 0 0
1716 222 0 0 0 0
137 292 0 0 0 0
380 292 1 10 1 1
623 292 1 7 1 1
866 292 1 6 0 1
1109 292 1 1 0 1
1352 292 1 1 0 1
1595 292 1 4 0 1
258 362 0 0 0 0
501 362 1 7 0 1
744 362 0 0 0 0
987 362 1 6 0 1
1230 362 0 0 0 0
1473 362 0 0 0 0
1716 362 1 4 1 1
137 432 0 0 0 0
380 432 0 0 0 0
623 432 1 7 0 1
866 432 0 0 0 0
1109 432 1 12 0 1
1352 432 0 0 0 0
1595 432 1 4 0 1
258 502 1 2 0 1
501 502 0 0 0 0
744 502 1 0 0 0
987 502 1 12 1 1
1230 502 0 0 0 0
1473 502 0 0 0 0
1716 502 0 0 0 0
137 572 0 0 0 0
380 572 1 2 1 1
623 572 1 0 0 0
866 572 0 0 0 0
1109 572 0 0 0 0
1352 572 0 0 0 0
1595 572 1 5 1 1
258 642 0 0 0 0
501 642 0 0 0 0
744 642 1 3 0 1
987 642 0 0 0 0
1230 642 1 9 0 1
1473 642 1 5 0 1
1716 642 1 5 0 1
137 712 1 11 1 1
380 712 1 2 0 1
623 712 0 0 0 0
866 712 1 3 0 1
1109 712 1 9 1 1
1352 712 1 0 0 0
1595 712 0 0 0 0
258 782 0 0 0 0
501 782 1 8 0 1
744 782 1 3 1 1
987 782 1 9 0 1
1230 782 0 0 0 0
1473 782 0 0 0 0
1716 782 1 0 0 1
137 852 0 0 0 0
380 852 1 8 1 1
623 852 1 3 0 1
866 852 0 0 0 0
1109 852 0 0 0 0
1352 852 0 0 0 0
1595 852 1 0 1 1
0 2 13 0 0 0 0
6 9
6 8
1 3 13 0 0 0 0
4 0
4 1
5 1
2 3 13 0 0 0 0
1 5
1 7
0 4
3 4 13 0 0 0 0
2 8
2 9
2 6
3 7
4 3 13 0 0 0 0
6 2
6 3
6 1
10 3 20 0 0 0 0
6 5
6 6
5 6
10 3 20 0 0 0 0
3 0
3 1
3 2
10 4 20 0 0 0 0
2 1
2 0
2 3
1 2
10 2 20 0 0 0 0
1 9
1 8
10 3 20 0 0 0 0
4 7
4 6
3 8
10 1 20 0 0 0 0
1 1
10 1 20 0 0 0 0
0 7
10 2 20 0 0 0 0
3 4
4 3
0
0 1 10 -1 -1 1
0 1 10 -1 -1 1
0 1 10 -1 -1 1
0 1 10 -1 -1 1
0 1 10 -1 -1 1
0
