arya                            
8 50 20 10 0 1
7 9 88 182 1 1 10
209 252 0 0 0 0
452 252 0 0 0 0
695 252 1 8 1 1
938 252 1 0 0 0
1181 252 1 6 0 1
1424 252 1 2 0 1
1667 252 1 3 1 1
88 322 1 9 1 1
331 322 1 0 0 0
574 322 0 0 0 0
817 322 0 0 0 0
1060 322 1 6 0 1
1303 322 0 0 0 0
1546 322 0 0 0 0
209 392 0 0 0 0
452 392 1 0 0 0
695 392 1 8 0 1
938 392 0 0 0 0
1181 392 1 6 1 1
1424 392 1 2 1 1
1667 392 0 0 0 0
88 462 0 0 0 0
331 462 1 0 0 0
574 462 0 0 0 0
817 462 0 0 0 0
1060 462 1 6 0 1
1303 462 0 0 0 0
1546 462 0 0 0 0
209 532 1 0 0 0
452 532 0 0 0 0
695 532 0 0 0 0
938 532 0 0 0 0
1181 532 0 0 0 0
1424 532 0 0 0 0
1667 532 1 0 1 1
88 602 0 0 0 0
331 602 1 5 0 1
574 602 0 0 0 0
817 602 1 4 0 1
1060 602 0 0 0 0
1303 602 0 0 0 0
1546 602 0 0 0 0
209 672 1 5 0 1
452 672 1 5 0 1
695 672 0 0 0 0
938 672 1 4 1 1
1181 672 0 0 0 0
1424 672 0 0 0 0
1667 672 1 0 0 1
88 742 1 7 1 1
331 742 1 5 1 1
574 742 0 0 0 0
817 742 1 4 0 1
1060 742 1 4 0 1
1303 742 0 0 0 0
1546 742 0 0 0 0
209 812 0 0 0 0
452 812 0 0 0 0
695 812 0 0 0 0
938 812 1 4 0 1
1181 812 0 0 0 0
1424 812 0 0 0 0
1667 812 1 1 1 1
0 2 10 0 0 0 0
6 4
6 6
1 1 10 0 0 0 0
6 8
10 2 20 0 0 0 0
5 2
5 0
10 1 20 0 0 0 0
6 0
10 5 20 0 0 0 0
3 6
3 7
3 5
3 8
4 7
10 4 20 0 0 0 0
1 7
1 6
1 5
0 6
10 4 20 0 0 0 0
4 2
4 3
4 1
4 0
10 1 20 0 0 0 0
0 7
10 2 20 0 0 0 0
2 0
2 2
10 1 20 0 0 0 0
0 1
0
0 1 10 -1 -1 1
0 1 10 -1 -1 1
0
