arya                            
8 50 20 10 0 1
7 10 150 124 1 1 10
271 194 1 9 1 1
514 194 1 7 0 1
757 194 0 0 0 0
1000 194 1 0 0 0
1243 194 1 4 1 1
1486 194 1 0 0 0
1729 194 0 0 0 0
150 264 0 0 0 0
393 264 0 0 0 0
636 264 1 7 1 1
879 264 1 8 0 1
1122 264 0 0 0 0
1365 264 0 0 0 0
1608 264 1 3 0 1
271 334 0 0 0 0
514 334 0 0 0 0
757 334 0 0 0 0
1000 334 1 8 0 1
1243 334 1 4 0 1
1486 334 0 0 0 0
1729 334 1 3 0 1
150 404 0 0 0 0
393 404 1 1 1 1
636 404 1 7 0 1
879 404 1 8 1 1
1122 404 1 2 0 1
1365 404 0 0 0 0
1608 404 1 3 1 1
271 474 1 1 0 1
514 474 0 0 0 0
757 474 1 8 0 1
1000 474 0 0 0 0
1243 474 1 2 0 1
1486 474 0 0 0 0
1729 474 0 0 0 0
150 544 0 0 0 0
393 544 1 1 0 1
636 544 0 0 0 0
879 544 1 8 0 1
1122 544 1 2 1 1
1365 544 1 6 0 1
1608 544 0 0 0 0
271 614 0 0 0 0
514 614 1 0 0 0
757 614 1 0 0 1
1000 614 0 0 0 0
1243 614 1 2 0 1
1486 614 1 6 1 1
1729 614 0 0 0 0
150 684 0 0 0 0
393 684 1 0 0 0
636 684 1 0 0 1
879 684 0 0 0 0
1122 684 0 0 0 0
1365 684 0 0 0 0
1608 684 0 0 0 0
271 754 1 0 0 0
514 754 1 0 0 0
757 754 1 0 1 1
1000 754 1 0 0 0
1243 754 1 0 0 0
1486 754 0 0 0 0
1729 754 1 5 1 1
150 824 1 0 0 0
393 824 0 0 0 0
636 824 1 0 0 1
879 824 1 0 0 1
1122 824 0 0 0 0
1365 824 1 0 0 0
1608 824 0 0 0 0
0 5 10 0 0 0 0
2 8
2 9
2 7
2 6
3 9
1 3 10 0 0 0 0
1 3
1 5
0 4
10 4 20 0 0 0 0
4 5
4 6
4 4
4 3
10 3 20 0 0 0 0
6 3
6 2
6 1
10 2 20 0 0 0 0
4 0
4 2
10 1 20 0 0 0 0
6 8
10 2 20 0 0 0 0
5 6
5 5
10 3 20 0 0 0 0
2 1
2 3
1 0
10 5 20 0 0 0 0
3 3
3 2
3 5
3 1
2 4
10 1 20 0 0 0 0
0 0
0
0 1 10 -1 -1 1
0 1 10 -1 -1 1
0
