arya                            
8 50 20 10 0 1
7 10 131 163 1 1 10
252 233 1 0 1 1
495 233 0 4 1 0
738 233 1 10 1 0
981 233 0 0 1 0
1224 233 0 1 1 0
1467 233 0 7 1 0
1710 233 0 5 1 0
131 303 0 5 1 0
374 303 0 4 1 0
617 303 1 3 1 1
860 303 0 10 1 0
1103 303 1 4 1 1
1346 303 0 1 1 0
1589 303 1 6 1 1
252 373 1 0 1 1
495 373 1 3 1 1
738 373 0 0 1 0
981 373 0 0 1 0
1224 373 1 4 1 1
1467 373 1 6 1 1
1710 373 1 7 1 0
131 443 0 8 1 0
374 443 0 11 1 0
617 443 1 3 1 1
860 443 1 0 1 0
1103 443 0 6 1 0
1346 443 0 1 1 0
1589 443 0 14 1 0
252 513 1 2 1 1
495 513 0 11 1 0
738 513 1 3 1 1
981 513 0 12 1 0
1224 513 0 1 1 0
1467 513 0 14 1 0
1710 513 0 1 1 0
131 583 0 9 1 0
374 583 0 3 1 0
617 583 0 0 1 0
860 583 1 3 1 0
1103 583 0 1 1 0
1346 583 1 10 1 0
1589 583 1 6 1 0
252 653 0 9 1 0
495 653 0 9 1 0
738 653 0 5 1 0
981 653 1 8 1 1
1224 653 1 8 1 1
1467 653 0 17 1 0
1710 653 1 1 1 1
131 723 0 9 1 0
374 723 1 5 1 1
617 723 1 7 1 1
860 723 0 3 1 0
1103 723 1 8 1 1
1346 723 0 8 1 0
1589 723 1 1 1 1
252 793 1 5 1 1
495 793 1 9 1 1
738 793 1 7 1 1
981 793 0 6 1 0
1224 793 1 8 1 1
1467 793 0 2 1 0
1710 793 1 1 1 1
131 863 1 5 1 1
374 863 1 5 1 1
617 863 1 7 1 1
860 863 1 7 1 1
1103 863 1 8 1 1
1346 863 0 0 1 0
1589 863 0 2 1 0
0 2 10 0 0 0 0
0 0
0 2
2 3 10 0 0 0 0
6 8
6 7
6 6
10 1 20 0 0 0 0
0 4
10 4 20 0 0 0 0
2 3
2 4
2 1
1 2
10 2 20 0 0 0 0
4 2
4 1
10 4 20 0 0 0 0
0 8
0 9
1 9
1 7
10 2 20 0 0 0 0
5 2
6 1
10 4 20 0 0 0 0
2 8
2 9
2 7
3 9
10 5 20 0 0 0 0
4 7
4 8
4 6
4 9
3 6
10 1 20 0 0 0 0
1 8
0
0 1 10 -1 -1 1
0 0 10 -1 -1 1
0
