arya                            
8 50 20 10 0 1
7 11 98 93 1 1 10
219 163 0 0 0 0
462 163 0 0 0 0
705 163 0 0 0 0
948 163 0 0 0 0
1191 163 0 0 0 0
1434 163 0 0 0 0
1677 163 1 0 0 0
98 233 1 0 0 1
341 233 1 5 1 1
584 233 0 0 0 0
827 233 0 0 0 0
1070 233 1 9 0 1
1313 233 0 0 0 0
1556 233 0 0 0 0
219 303 1 0 0 1
462 303 1 5 0 1
705 303 1 3 0 1
948 303 1 9 1 1
1191 303 1 0 0 0
1434 303 1 0 0 0
1677 303 1 0 0 0
98 373 1 0 1 1
341 373 0 0 0 0
584 373 1 3 0 1
827 373 0 0 0 0
1070 373 0 0 0 0
1313 373 0 0 0 0
1556 373 0 0 0 0
219 443 1 0 0 1
462 443 1 6 0 1
705 443 1 3 1 1
948 443 1 4 0 1
1191 443 1 0 0 0
1434 443 1 0 0 0
1677 443 1 0 0 0
98 513 0 0 0 0
341 513 0 0 0 0
584 513 0 0 0 0
827 513 1 3 0 1
1070 513 1 4 0 1
1313 513 0 0 0 0
1556 513 1 0 0 0
219 583 0 0 0 0
462 583 1 6 1 1
705 583 0 0 0 0
948 583 1 4 1 1
1191 583 0 0 0 0
1434 583 1 7 0 1
1677 583 0 0 0 0
98 653 1 1 0 1
341 653 0 0 0 0
584 653 1 6 0 1
827 653 1 4 0 1
1070 653 0 0 0 0
1313 653 0 0 0 0
1556 653 1 7 0 1
219 723 0 0 0 0
462 723 0 0 0 0
705 723 0 0 0 0
948 723 1 4 0 1
1191 723 0 0 0 0
1434 723 1 7 1 1
1677 723 0 0 0 0
98 793 1 1 1 1
341 793 0 0 0 0
584 793 1 0 0 0
827 793 1 8 1 1
1070 793 0 0 0 0
1313 793 0 0 0 0
1556 793 0 0 0 0
219 863 1 1 0 1
462 863 0 0 0 0
705 863 0 0 0 0
948 863 0 0 0 0
1191 863 1 0 0 0
1434 863 0 0 0 0
1677 863 1 2 1 1
0 4 10 0 0 0 0
0 3
0 4
0 2
0 1
1 3 10 0 0 0 0
0 9
0 10
0 7
10 1 20 0 0 0 0
6 10
10 4 20 0 0 0 0
2 4
2 3
2 2
3 5
10 5 20 0 0 0 0
3 6
3 7
3 8
3 4
4 5
10 2 20 0 0 0 0
1 1
1 2
10 3 20 0 0 0 0
1 6
1 4
2 7
10 3 20 0 0 0 0
5 8
5 6
6 7
10 1 20 0 0 0 0
3 9
10 2 20 0 0 0 0
3 2
4 1
0
0 1 10 -1 -1 1
0 1 10 -1 -1 1
0
