arya                            
8 50 20 10 0 1
7 10 63 165 1 1 10
184 235 1 4 1 1
427 235 0 0 0 0
670 235 0 0 0 0
913 235 0 0 0 0
1156 235 0 0 0 0
1399 235 0 0 0 0
1642 235 1 0 0 0
63 305 1 4 0 1
306 305 0 0 0 0
549 305 0 0 0 0
792 305 1 1 0 1
1035 305 1 5 1 1
1278 305 0 0 0 0
1521 305 1 6 0 1
184 375 0 0 0 0
427 375 1 8 0 1
670 375 0 0 0 0
913 375 1 1 0 1
1156 375 0 0 0 0
1399 375 1 6 1 1
1642 375 0 0 0 0
63 445 1 7 1 1
306 445 1 8 0 1
549 445 0 0 0 0
792 445 1 1 1 1
1035 445 0 0 0 0
1278 445 0 0 0 0
1521 445 1 6 0 1
184 515 1 0 0 1
427 515 1 8 1 1
670 515 0 0 0 0
913 515 0 0 0 0
1156 515 1 0 0 0
1399 515 1 6 0 1
1642 515 0 0 0 0
63 585 0 0 0 0
306 585 1 0 0 1
549 585 1 3 0 1
792 585 1 1 0 1
1035 585 1 0 0 0
1278 585 1 2 0 1
1521 585 0 0 0 0
184 655 1 0 1 1
427 655 1 3 0 1
670 655 1 3 0 1
913 655 1 0 0 0
1156 655 0 0 0 0
1399 655 0 0 0 0
1642 655 1 0 0 0
63 725 0 0 0 0
306 725 1 0 0 1
549 725 1 3 1 1
792 725 0 0 0 0
1035 725 0 0 0 0
1278 725 1 2 1 1
1521 725 1 0 0 0
184 795 0 0 0 0
427 795 1 3 0 1
670 795 0 0 0 0
913 795 0 0 0 0
1156 795 1 2 0 1
1399 795 1 2 0 1
1642 795 0 0 0 0
63 865 0 0 0 0
306 865 0 0 0 0
549 865 1 3 0 1
792 865 0 0 0 0
1035 865 1 9 1 1
1278 865 0 0 0 0
1521 865 0 0 0 0
0 4 10 0 0 0 0
0 6
0 4
1 7
1 5
1 4 10 0 0 0 0
3 3
3 2
3 5
3 1
10 4 20 0 0 0 0
5 7
5 8
5 5
4 8
10 6 20 0 0 0 0
2 7
2 6
2 9
2 5
1 8
1 6
10 2 20 0 0 0 0
0 0
0 1
10 1 20 0 0 0 0
4 1
10 4 20 0 0 0 0
5 2
5 4
6 3
6 1
10 1 20 0 0 0 0
0 3
10 3 20 0 0 0 0
1 4
1 3
1 2
10 1 20 0 0 0 0
4 9
0
0 1 10 -1 -1 1
0 1 10 -1 -1 1
0
