arya                            
8 50 20 10 0 1
7 11 129 67 1 1 10
250 137 0 0 0 0
493 137 0 0 0 0
736 137 0 0 0 0
979 137 0 0 0 0
1222 137 1 8 0 1
1465 137 1 6 0 1
1708 137 1 6 0 1
129 207 1 1 1 1
372 207 1 2 1 1
615 207 1 3 1 1
858 207 0 0 0 0
1101 207 1 8 1 1
1344 207 0 0 0 0
1587 207 1 6 1 1
250 277 0 0 0 0
493 277 1 2 0 1
736 277 0 0 0 0
979 277 1 5 0 1
1222 277 0 0 0 0
1465 277 0 0 0 0
1708 277 0 0 0 0
129 347 1 1 0 1
372 347 1 2 0 1
615 347 0 0 0 0
858 347 1 5 1 1
1101 347 0 0 0 0
1344 347 1 7 0 1
1587 347 0 0 0 0
250 417 0 0 0 0
493 417 0 0 0 0
736 417 1 5 0 1
979 417 0 0 0 0
1222 417 0 0 0 0
1465 417 1 7 1 1
1708 417 0 0 0 0
129 487 1 0 0 0
372 487 1 0 0 0
615 487 0 0 0 0
858 487 0 0 0 0
1101 487 0 0 0 0
1344 487 1 7 0 1
1587 487 1 4 0 1
250 557 1 0 0 0
493 557 1 0 0 0
736 557 0 0 0 0
979 557 0 0 0 0
1222 557 0 0 0 0
1465 557 0 0 0 0
1708 557 1 4 1 1
129 627 1 0 0 0
372 627 0 0 0 0
615 627 0 0 0 0
858 627 0 0 0 0
1101 627 1 0 0 0
1344 627 0 0 0 0
1587 627 1 4 0 1
250 697 0 0 0 0
493 697 1 0 0 0
736 697 1 0 0 0
979 697 0 0 0 0
1222 697 0 0 0 0
1465 697 0 0 0 0
1708 697 0 0 0 0
129 767 0 0 0 0
372 767 0 0 0 0
615 767 0 0 0 0
858 767 0 0 0 0
1101 767 1 9 0 1
1344 767 0 0 0 0
1587 767 0 0 0 0
250 837 1 0 1 1
493 837 1 0 0 0
736 837 1 0 0 0
979 837 1 9 1 1
1222 837 0 0 0 0
1465 837 1 0 0 0
1708 837 1 0 0 0
0 1 31 30 36 1 0
0 10
323 922 1538 502 0 0 0 1644495892 78145 0.000000 0 7
311 887 1526 467 0 0 0 1644495892 78146 0.000000 0 7
299 852 1514 432 0 0 0 1644495892 78146 0.000000 0 7
323 922 1538 502 0 0 0 1644495892 78146 180000.000000 0 7
311 887 1526 467 0 0 0 1644495892 78146 180000.000000 0 7
299 852 1514 432 0 0 0 1644495892 78146 180000.000000 0 7
323 922 1538 502 0 0 0 1644495892 78146 360000.000000 0 7
311 887 1526 467 0 0 0 1644495892 78146 360000.000000 0 7
299 852 1514 432 0 0 0 1644495892 78146 360000.000000 0 7
323 922 1538 502 0 0 0 1644495892 78146 540000.000000 0 7
311 887 1526 467 0 0 0 1644495892 78146 540000.000000 0 7
299 852 1514 432 0 0 0 1644495892 78146 540000.000000 0 7
323 922 1538 502 0 0 0 1644495892 78146 720000.000000 0 7
311 887 1526 467 0 0 0 1644495892 78146 720000.000000 0 7
299 852 1514 432 0 0 0 1644495892 78146 720000.000000 0 7
323 922 1538 502 0 0 0 1644495892 78146 900000.000000 0 7
311 887 1526 467 0 0 0 1644495892 78146 900000.000000 0 7
299 852 1514 432 0 0 0 1644495892 78146 900000.000000 0 7
323 922 1538 502 0 0 0 1644495892 78146 1080000.000000 0 7
311 887 1526 467 0 0 0 1644495892 78147 1080000.000000 0 7
299 852 1514 432 0 0 0 1644495892 78147 1080000.000000 0 7
323 922 1538 502 0 0 0 1644495892 78152 1260000.000000 0 7
311 887 1526 467 0 0 0 1644495892 78152 1260000.000000 0 7
299 852 1514 432 0 0 0 1644495892 78152 1260000.000000 0 7
323 922 1538 502 0 0 0 1644495892 78152 1440000.000000 0 7
311 887 1526 467 0 0 0 1644495892 78152 1440000.000000 0 7
299 852 1514 432 0 0 0 1644495892 78152 1440000.000000 0 7
323 922 1538 502 0 0 0 1644495892 78152 1620000.000000 0 7
311 887 1526 467 0 0 0 1644495892 78152 1620000.000000 0 7
299 852 1514 432 0 0 0 1644495892 78152 1620000.000000 0 7
323 922 1538 502 0 0 0 1644495892 78152 1800000.000000 0 7
311 887 1526 467 0 0 0 1644495892 78152 1800000.000000 0 7
299 852 1514 432 0 0 0 1644495892 78152 1800000.000000 0 7
323 922 1538 502 0 0 0 1644495892 78152 1980000.000000 0 7
311 887 1526 467 0 0 0 1644495892 78152 1980000.000000 0 7
299 852 1514 432 0 0 0 1644495892 78152 1980000.000000 0 7
1 2 3 0 40 0 0
0 1
0 3
410 292 433 292 1 1 1 1644495880 39551 0.000000 1 2
410 257 433 257 1 1 1 1644495880 39552 0.000000 1 2
410 222 433 222 1 1 1 1644495880 39552 0.000000 1 2
410 292 433 292 1 1 1 1644495880 39552 180000.000000 1 2
410 257 433 257 1 1 1 1644495880 39552 180000.000000 1 2
410 222 433 222 1 1 1 1644495880 39552 180000.000000 1 2
410 292 433 292 1 1 1 1644495880 39552 360000.000000 1 2
410 257 433 257 1 1 1 1644495880 39552 360000.000000 1 2
410 222 433 222 1 1 1 1644495880 39552 360000.000000 1 2
410 292 433 292 1 1 1 1644495880 39552 540000.000000 1 2
410 257 433 257 1 1 1 1644495880 39552 540000.000000 1 2
410 222 433 222 1 1 1 1644495880 39552 540000.000000 1 2
410 292 433 292 1 1 1 1644495880 39552 720000.000000 1 2
410 257 433 257 1 1 1 1644495880 39552 720000.000000 1 2
410 222 433 222 1 1 1 1644495880 39552 720000.000000 1 2
410 292 433 292 1 1 1 1644495880 39552 900000.000000 1 2
410 257 433 257 1 1 1 1644495880 39552 900000.000000 1 2
410 222 433 222 1 1 1 1644495880 39552 900000.000000 1 2
410 292 433 292 1 1 1 1644495880 39552 1080000.000000 1 2
410 257 433 257 1 1 1 1644495880 39552 1080000.000000 1 2
410 222 433 222 1 1 1 1644495880 39553 1080000.000000 1 2
410 292 433 292 1 1 1 1644495880 39553 1260000.000000 1 2
410 257 433 257 1 1 1 1644495880 39553 1260000.000000 1 2
410 222 433 222 1 1 1 1644495880 39553 1260000.000000 1 2
995 907 1015 922 1 1 1 1644495892 43675 0.000000 1 9
1020 872 1040 887 1 1 1 1644495892 43676 0.000000 1 9
1045 837 1065 852 1 1 1 1644495892 43676 0.000000 1 9
995 907 1015 922 1 1 1 1644495892 43676 180000.000000 1 9
1020 872 1040 887 1 1 1 1644495892 43676 180000.000000 1 9
1045 837 1065 852 1 1 1 1644495892 43676 180000.000000 1 9
995 907 1015 922 1 1 1 1644495892 43676 360000.000000 1 9
1020 872 1040 887 1 1 1 1644495892 43676 360000.000000 1 9
1045 837 1065 852 1 1 1 1644495892 43676 360000.000000 1 9
995 907 1015 922 1 1 1 1644495892 43676 540000.000000 1 9
1020 872 1040 887 1 1 1 1644495892 43676 540000.000000 1 9
1045 837 1065 852 1 1 1 1644495892 43676 540000.000000 1 9
265 895 271 922 1 1 1 1644495896 88819 0.000000 1 0
305 860 311 887 1 1 1 1644495896 88819 0.000000 1 0
345 825 351 852 1 1 1 1644495896 88819 0.000000 1 0
265 895 271 922 1 1 1 1644495896 88819 180000.000000 1 0
1 3 0 0 22 0 0
1 1
1 2
1 3
983 901 1004 922 1 1 1 1644495888 572554 0.000000 2 9
1019 866 1040 887 1 1 1 1644495888 572554 0.000000 2 9
1055 831 1076 852 1 1 1 1644495888 572580 0.000000 2 9
983 901 1004 922 1 1 1 1644495888 572580 180000.000000 2 9
1019 866 1040 887 1 1 1 1644495888 572581 180000.000000 2 9
1055 831 1076 852 1 1 1 1644495888 572581 180000.000000 2 9
983 901 1004 922 1 1 1 1644495888 572581 360000.000000 2 9
1019 866 1040 887 1 1 1 1644495888 572581 360000.000000 2 9
1055 831 1076 852 1 1 1 1644495888 572581 360000.000000 2 9
983 901 1004 922 1 1 1 1644495888 572581 540000.000000 2 9
1019 866 1040 887 1 1 1 1644495888 572581 540000.000000 2 9
1055 831 1076 852 1 1 1 1644495889 14719 0.000000 2 9
983 901 1004 922 1 1 1 1644495890 36185 0.000000 2 9
1019 866 1040 887 1 1 1 1644495892 43677 0.000000 2 9
1055 831 1076 852 1 1 1 1644495892 43677 0.000000 2 9
983 901 1004 922 1 1 1 1644495893 231517 0.000000 2 9
1019 866 1040 887 1 1 1 1644495894 12888 0.000000 2 9
1055 831 1076 852 1 1 1 1644495895 35655 0.000000 2 9
983 901 1004 922 1 1 1 1644495896 19729 0.000000 2 9
848 691 1040 887 1 0 1 1644495897 40814 0.000000 2 9
685 453 1076 852 1 0 1 1644495898 26721 0.000000 2 9
421 320 1004 922 1 0 1 1644495899 11743 0.000000 2 9
10 1 20 0 0 0 0
2 1
10 3 20 0 0 0 0
6 6
6 7
6 5
10 3 20 0 0 0 0
3 3
3 2
2 4
10 3 20 0 0 0 0
6 1
6 0
5 0
10 3 20 0 0 0 0
5 4
5 5
5 3
10 2 20 0 0 0 0
4 1
4 0
1 2 7 0 8 0 0
3 10
4 9
340 922 311 922 1 1 1 1644495896 88819 0.000000 9 0
340 887 311 887 1 1 1 1644495896 88819 0.000000 9 0
340 852 311 852 1 1 1 1644495896 88819 0.000000 9 0
340 922 311 922 1 1 1 1644495896 88820 180000.000000 9 0
340 887 311 887 1 1 1 1644495896 88820 180000.000000 9 0
340 852 311 852 1 1 1 1644495896 88820 180000.000000 9 0
340 922 311 922 1 1 1 1644495896 88820 360000.000000 9 0
340 887 311 887 1 1 1 1644495896 88820 360000.000000 9 0
5
2 1222 682 0 0 0 0 0.000000 0
2 851 675 1 0 1644495890 476617 0.000000 1
2 1270 539 0 0 0 0 0.000000 0
2 748 568 0 0 0 0 0.000000 0
2 967 241 0 0 0 0 0.000000 0
0 1 0 -1 -1 1
0 1 10 2 1 1
0
