arya                            
8 50 20 10 0 1
7 11 19 103 4 1 13
140 173 1 3 0 1
383 173 0 0 0 0
626 173 0 0 0 0
869 173 0 0 0 0
1112 173 1 5 0 1
1355 173 1 7 1 1
1598 173 0 0 0 0
19 243 1 3 0 1
262 243 0 0 0 0
505 243 1 6 1 1
748 243 0 0 0 0
991 243 0 0 0 0
1234 243 1 5 0 1
1477 243 0 0 0 0
140 313 1 3 1 1
383 313 1 6 0 1
626 313 0 0 0 0
869 313 0 0 0 0
1112 313 1 5 1 1
1355 313 0 0 0 0
1598 313 1 0 0 0
19 383 1 3 0 1
262 383 0 0 0 0
505 383 1 2 0 1
748 383 1 2 0 1
991 383 0 0 0 0
1234 383 0 0 0 0
1477 383 0 0 0 0
140 453 0 0 0 0
383 453 1 10 0 1
626 453 1 2 1 1
869 453 1 8 0 1
1112 453 0 0 0 0
1355 453 0 0 0 0
1598 453 0 0 0 0
19 523 1 0 0 0
262 523 1 10 1 1
505 523 0 0 0 0
748 523 0 0 0 0
991 523 0 0 0 0
1234 523 1 0 0 0
1477 523 0 0 0 0
140 593 0 0 0 0
383 593 0 0 0 0
626 593 0 0 0 0
869 593 1 8 1 1
1112 593 1 4 0 1
1355 593 1 1 0 1
1598 593 1 0 0 0
19 663 0 0 0 0
262 663 1 10 0 1
505 663 1 0 1 1
748 663 0 0 0 0
991 663 0 0 0 0
1234 663 0 0 0 0
1477 663 1 1 0 1
140 733 0 0 0 0
383 733 0 0 0 0
626 733 1 0 0 1
869 733 0 0 0 0
1112 733 1 4 1 1
1355 733 1 1 1 1
1598 733 0 0 0 0
19 803 1 11 1 1
262 803 1 9 0 1
505 803 0 0 0 0
748 803 0 0 0 0
991 803 0 0 0 0
1234 803 0 0 0 0
1477 803 0 0 0 0
140 873 0 0 0 0
383 873 1 9 1 1
626 873 0 0 0 0
869 873 0 0 0 0
1112 873 1 4 0 1
1355 873 1 1 0 1
1598 873 1 12 1 1
0 2 10 0 0 0 0
2 7
2 8
1 4 10 0 0 0 0
5 8
5 10
5 6
6 7
2 3 10 0 0 0 0
2 4
2 3
3 3
3 4 10 0 0 0 0
0 2
0 3
0 1
0 0
4 3 10 0 0 0 0
4 8
4 10
4 6
10 3 20 0 0 0 0
4 2
4 0
5 1
10 2 20 0 0 0 0
2 1
1 2
10 1 20 0 0 0 0
5 0
10 2 20 0 0 0 0
3 6
3 4
10 2 20 0 0 0 0
1 10
1 9
10 3 20 0 0 0 0
1 5
1 4
1 7
10 1 20 0 0 0 0
0 9
10 1 20 0 0 0 0
6 10
0
0 1 10 -1 -1 1
0 1 10 -1 -1 1
0 1 10 -1 -1 1
0 1 10 -1 -1 1
0 1 10 -1 -1 1
0
