arya                            
8 50 20 10 0 1
7 10 150 124 1 1 10
271 194 1 9 1 1
514 194 1 7 0 1
757 194 0 0 0 0
1000 194 1 0 0 0
1243 194 1 4 1 1
1486 194 1 0 0 0
1729 194 0 0 0 0
150 264 0 0 0 0
393 264 0 0 0 0
636 264 1 7 1 1
879 264 1 8 0 1
1122 264 0 0 0 0
1365 264 0 0 0 0
1608 264 1 3 0 1
271 334 0 0 0 0
514 334 0 0 0 0
757 334 0 0 0 0
1000 334 1 8 0 1
1243 334 1 4 0 1
1486 334 0 0 0 0
1729 334 1 3 0 1
150 404 0 0 0 0
393 404 1 1 1 1
636 404 1 7 0 1
879 404 1 8 1 1
1122 404 1 2 0 1
1365 404 0 0 0 0
1608 404 1 3 1 1
271 474 1 1 0 1
514 474 0 0 0 0
757 474 1 8 0 1
1000 474 0 0 0 0
1243 474 1 2 0 1
1486 474 0 0 0 0
1729 474 0 0 0 0
150 544 0 0 0 0
393 544 1 1 0 1
636 544 0 0 0 0
879 544 1 8 0 1
1122 544 1 2 1 1
1365 544 1 6 0 1
1608 544 0 0 0 0
271 614 0 0 0 0
514 614 1 0 0 0
757 614 1 0 0 1
1000 614 0 0 0 0
1243 614 1 2 0 1
1486 614 1 6 1 1
1729 614 0 0 0 0
150 684 0 0 0 0
393 684 1 0 0 0
636 684 1 0 0 1
879 684 0 0 0 0
1122 684 0 0 0 0
1365 684 0 0 0 0
1608 684 0 0 0 0
271 754 1 0 0 0
514 754 1 0 0 0
757 754 1 0 1 1
1000 754 1 0 0 0
1243 754 1 0 0 0
1486 754 0 0 0 0
1729 754 1 5 1 1
150 824 1 0 0 0
393 824 0 0 0 0
636 824 1 0 0 1
879 824 1 0 0 1
1122 824 0 0 0 0
1365 824 1 0 0 0
1608 824 0 0 0 0
0 5 2 0 26 0 0
2 8
2 9
2 7
2 6
3 9
943 569 980 489 0 1 1 1644496309 550739 0.000000 0 8
927 477 940 454 0 1 1 1644496309 550739 0.000000 0 8
887 442 900 419 0 1 1 1644496309 550739 0.000000 0 8
967 512 980 489 0 1 1 1644496309 550740 180000.000000 0 8
927 477 940 454 0 1 1 1644496309 550740 180000.000000 0 8
887 442 900 419 0 1 1 1644496309 550740 180000.000000 0 8
967 512 980 489 0 1 1 1644496309 550740 360000.000000 0 8
927 477 940 454 0 1 1 1644496309 550740 360000.000000 0 8
887 442 900 419 0 1 1 1644496309 550740 360000.000000 0 8
967 512 980 489 0 1 1 1644496309 550740 540000.000000 0 8
927 477 940 454 0 1 1 1644496309 550740 540000.000000 0 8
887 442 900 419 0 1 1 1644496309 550740 540000.000000 0 8
955 539 980 489 0 0 1 1644496309 550740 720000.000000 0 8
915 504 940 454 0 0 1 1644496309 550740 720000.000000 0 8
875 469 900 419 0 0 1 1644496309 550740 720000.000000 0 8
935 589 980 489 0 0 1 1644496309 550740 900000.000000 0 8
895 554 940 454 0 0 1 1644496309 550740 900000.000000 0 8
855 519 900 419 0 0 1 1644496309 550740 900000.000000 0 8
918 639 980 489 0 0 1 1644496309 550740 1080000.000000 0 8
878 604 940 454 0 0 1 1644496309 550740 1080000.000000 0 8
838 569 900 419 0 0 1 1644496309 550740 1080000.000000 0 8
900 699 980 489 0 0 1 1644496309 550746 1260000.000000 0 8
860 664 940 454 0 0 1 1644496309 550746 1260000.000000 0 8
820 629 900 419 0 0 1 1644496309 550746 1260000.000000 0 8
885 749 980 489 0 0 1 1644496309 550746 1440000.000000 0 8
845 714 940 454 0 0 1 1644496309 550746 1440000.000000 0 8
1 3 4 0 24 0 0
1 3
1 5
0 4
688 361 717 349 1 1 1 1644496307 34651 0.000000 1 7
668 326 697 314 1 1 1 1644496307 34652 0.000000 1 7
648 291 677 279 1 1 1 1644496307 34652 0.000000 1 7
688 361 717 349 1 1 1 1644496307 34652 180000.000000 1 7
668 326 697 314 1 1 1 1644496307 34652 180000.000000 1 7
648 291 677 279 1 1 1 1644496307 34652 180000.000000 1 7
688 361 717 349 1 1 1 1644496307 34652 360000.000000 1 7
668 326 697 314 1 1 1 1644496307 34652 360000.000000 1 7
648 291 677 279 1 1 1 1644496307 34652 360000.000000 1 7
688 361 717 349 1 1 1 1644496307 34652 540000.000000 1 7
668 326 697 314 1 1 1 1644496307 34652 540000.000000 1 7
648 291 677 279 1 1 1 1644496307 34652 540000.000000 1 7
688 361 717 349 1 1 1 1644496307 34652 720000.000000 1 7
668 326 697 314 1 1 1 1644496307 34652 720000.000000 1 7
648 291 677 279 1 1 1 1644496307 34652 720000.000000 1 7
688 361 717 349 1 1 1 1644496307 34652 900000.000000 1 7
668 326 697 314 1 1 1 1644496307 34652 900000.000000 1 7
648 291 677 279 1 1 1 1644496307 34652 900000.000000 1 7
688 361 717 349 1 1 1 1644496307 34652 1080000.000000 1 7
668 326 697 314 1 1 1 1644496307 34652 1080000.000000 1 7
648 291 677 279 1 1 1 1644496307 34653 1080000.000000 1 7
688 361 717 349 1 1 1 1644496307 34653 1260000.000000 1 7
668 326 697 314 1 1 1 1644496307 34653 1260000.000000 1 7
648 291 677 279 1 1 1 1644496307 34653 1260000.000000 1 7
10 4 16 0 0 0 1
4 5
4 6
4 4
4 3
10 3 20 0 0 0 0
6 3
6 2
6 1
10 2 20 0 0 0 0
4 0
4 2
10 1 20 0 0 0 0
6 8
10 2 20 0 0 0 0
5 6
5 5
1 3 0 0 7 0 0
2 1
2 3
1 0
1141 616 1163 629 1 1 1 1644496308 972969 0.000000 7 2
1161 581 1183 594 1 1 1 1644496309 40473 0.000000 7 2
1181 546 1203 559 1 1 1 1644496309 143641 0.000000 7 2
973 519 1163 629 1 1 1 1644496309 143642 0.000000 7 2
1161 581 1183 594 1 1 1 1644496309 143642 0.000000 7 2
1013 449 1203 559 1 0 1 1644496310 26809 0.000000 7 2
741 385 1163 629 1 0 1 1644496311 13323 0.000000 7 2
10 5 9 0 0 0 1
3 3
3 2
3 5
3 1
2 4
10 1 20 0 0 0 0
0 0
4
2 1077 638 0 0 0 0 0.000000 0
2 1105 533 0 0 0 0 0.000000 0
2 779 345 1 0 1644496309 143640 0.000000 1
2 1310 566 0 0 0 0 0.000000 0
0 1 0 -1 -1 1
0 1 10 2 2 1
0
