arya                            
8 50 20 10 0 1
7 11 99 66 1 1 10
220 136 1 8 0 1
463 136 1 0 0 0
706 136 1 0 0 0
949 136 1 0 0 0
1192 136 1 1 1 1
1435 136 0 0 0 0
1678 136 1 2 1 1
99 206 1 8 1 1
342 206 1 0 0 0
585 206 0 0 0 0
828 206 1 0 0 0
1071 206 1 1 0 1
1314 206 1 1 0 1
1557 206 1 2 0 1
220 276 0 0 0 0
463 276 0 0 0 0
706 276 1 0 0 0
949 276 1 0 0 0
1192 276 1 1 0 1
1435 276 0 0 0 0
1678 276 1 2 0 1
99 346 0 0 0 0
342 346 1 0 0 0
585 346 0 0 0 0
828 346 0 0 0 0
1071 346 0 0 0 0
1314 346 0 0 0 0
1557 346 1 7 0 1
220 416 0 0 0 0
463 416 0 0 0 0
706 416 1 0 0 1
949 416 1 0 0 0
1192 416 1 3 1 1
1435 416 0 0 0 0
1678 416 1 7 1 1
99 486 0 0 0 0
342 486 0 0 0 0
585 486 0 0 0 0
828 486 0 0 0 0
1071 486 1 3 0 1
1314 486 0 0 0 0
1557 486 1 7 0 1
220 556 1 4 0 1
463 556 1 0 0 0
706 556 1 0 1 1
949 556 1 0 0 0
1192 556 1 3 0 1
1435 556 0 0 0 0
1678 556 0 0 0 0
99 626 0 0 0 0
342 626 0 0 0 0
585 626 0 0 0 0
828 626 1 0 0 1
1071 626 1 0 0 0
1314 626 0 0 0 0
1557 626 1 5 0 1
220 696 1 4 1 1
463 696 0 0 0 0
706 696 0 0 0 0
949 696 0 0 0 0
1192 696 1 6 0 1
1435 696 1 5 0 1
1678 696 1 5 0 1
99 766 0 0 0 0
342 766 1 4 0 1
585 766 0 0 0 0
828 766 1 0 0 0
1071 766 1 0 0 0
1314 766 1 6 1 1
1557 766 1 5 1 1
220 836 1 4 0 1
463 836 1 9 1 1
706 836 0 0 0 0
949 836 0 0 0 0
1192 836 1 6 0 1
1435 836 1 5 0 1
1678 836 1 5 0 1
0 3 -4 -9 33 0 1
2 6
2 4
3 7
786 638 1263 501 0 1 1 1644497262 543236 0.000000 0 3
776 603 1253 466 0 1 1 1644497262 543236 0.000000 0 3
766 568 1243 431 0 1 1 1644497262 543236 0.000000 0 3
786 638 1263 501 0 1 1 1644497262 543236 180000.000000 0 3
776 603 1253 466 0 1 1 1644497262 543236 180000.000000 0 3
766 568 1243 431 0 1 1 1644497262 543236 180000.000000 0 3
786 638 1263 501 0 1 1 1644497262 543236 360000.000000 0 3
776 603 1253 466 0 1 1 1644497262 543236 360000.000000 0 3
766 568 1243 431 0 0 1 1644497262 543236 360000.000000 0 3
786 638 1263 501 0 0 1 1644497262 543236 540000.000000 0 3
776 603 1253 466 0 1 1 1644497262 543236 540000.000000 0 3
766 568 1243 431 0 0 1 1644497262 543236 540000.000000 0 3
786 638 1263 501 0 0 1 1644497262 543236 720000.000000 0 3
776 603 1253 466 0 0 1 1644497262 543236 720000.000000 0 3
766 568 1243 431 0 0 1 1644497262 543237 720000.000000 0 3
786 638 1263 501 0 0 1 1644497262 543237 900000.000000 0 3
776 603 1253 466 0 0 1 1644497262 543237 900000.000000 0 3
766 568 1243 431 0 0 1 1644497262 543237 900000.000000 0 3
786 638 1263 501 0 0 1 1644497262 543237 1080000.000000 0 3
776 603 1253 466 0 0 1 1644497262 543237 1080000.000000 0 3
766 568 1243 431 0 0 1 1644497262 543237 1080000.000000 0 3
786 638 1263 501 0 0 1 1644497262 543243 1260000.000000 0 3
758 601 160 256 0 0 1 1644497284 371888 0.000000 0 8
778 566 180 221 0 1 1 1644497284 371888 0.000000 0 8
738 636 140 291 0 0 1 1644497284 371888 0.000000 0 8
758 601 160 256 0 0 1 1644497284 371889 180000.000000 0 8
778 566 180 221 0 1 1 1644497284 371889 180000.000000 0 8
738 636 140 291 0 0 1 1644497284 371889 180000.000000 0 8
758 601 160 256 0 0 1 1644497284 371889 360000.000000 0 8
778 566 180 221 0 1 1 1644497284 371889 360000.000000 0 8
738 636 140 291 0 0 1 1644497284 371889 360000.000000 0 8
758 601 160 256 0 0 1 1644497284 371889 540000.000000 0 8
778 566 180 221 0 1 1 1644497284 371889 540000.000000 0 8
1 4 0 0 52 0 0
4 0
4 1
4 2
5 1
1713 221 1739 221 1 1 1 1644497258 498099 0.000000 1 2
1713 186 1739 186 1 1 1 1644497258 498099 0.000000 1 2
1713 151 1739 151 1 1 1 1644497258 498099 0.000000 1 2
1713 221 1739 221 1 1 1 1644497258 498100 180000.000000 1 2
1713 186 1739 186 1 1 1 1644497258 498100 180000.000000 1 2
1713 151 1739 151 1 1 1 1644497258 498100 180000.000000 1 2
1713 221 1739 221 1 1 1 1644497258 498100 360000.000000 1 2
1713 186 1739 186 1 1 1 1644497258 498100 360000.000000 1 2
1713 151 1739 151 1 1 1 1644497258 498100 360000.000000 1 2
1713 221 1739 221 1 1 1 1644497258 498100 540000.000000 1 2
1713 186 1739 186 1 1 1 1644497258 498100 540000.000000 1 2
1713 151 1739 151 1 1 1 1644497258 498100 540000.000000 1 2
1713 221 1739 221 1 1 1 1614497258 498100 720000.000000 1 2
1713 186 1739 186 1 1 1 1614497258 498100 720000.000000 1 2
1713 151 1739 151 1 1 1 1614497258 498100 720000.000000 1 2
1713 221 1739 221 1 1 1 1614497258 498100 900000.000000 1 2
1713 186 1739 186 1 1 1 1614497258 498100 900000.000000 1 2
1713 151 1739 151 1 1 1 1614497258 498100 900000.000000 1 2
1713 221 1739 221 1 1 1 1644497259 40894 0.000000 1 2
1713 186 1739 186 1 1 1 1644497264 38845 0.000000 1 2
1713 151 1739 151 1 1 1 1644497264 38846 0.000000 1 2
1713 221 1739 221 1 1 1 1644497264 38846 0.000000 1 2
1713 186 1739 186 1 1 1 1644497264 38846 180000.000000 1 2
1713 151 1739 151 1 1 1 1644497264 38846 180000.000000 1 2
1697 488 1719 501 1 1 1 1644497267 847583 0.000000 1 7
1717 453 1739 466 1 1 1 1644497267 847583 0.000000 1 7
1737 418 1759 431 1 1 1 1644497267 847583 0.000000 1 7
1697 488 1719 501 1 1 1 1644497268 17301 0.000000 1 7
1717 453 1739 466 1 1 1 1644497269 37400 0.000000 1 7
1737 418 1759 431 1 1 1 1644497270 23309 0.000000 1 7
1697 488 1719 501 1 1 1 1644497271 43226 0.000000 1 7
1717 453 1739 466 1 1 1 1644497272 29033 0.000000 1 7
1737 418 1759 431 1 1 1 1644497273 16997 0.000000 1 7
1697 488 1719 501 1 1 1 1644497274 35310 0.000000 1 7
1717 453 1739 466 1 1 1 1644497275 21560 0.000000 1 7
1737 418 1759 431 1 1 1 1644497276 41608 0.000000 1 7
1697 488 1719 501 1 1 1 1644497277 27824 0.000000 1 7
1717 453 1739 466 1 1 1 1644497278 13857 0.000000 1 7
1737 418 1759 431 1 1 1 1644497279 33821 0.000000 1 7
1697 488 1719 501 1 1 1 1644497280 19749 0.000000 1 7
1717 453 1739 466 1 1 1 1644497281 39860 0.000000 1 7
1737 418 1759 431 1 1 1 1644497282 25565 0.000000 1 7
1697 488 1719 501 1 1 1 1644497283 11529 0.000000 1 7
1717 453 1739 466 1 1 1 1644497284 31596 0.000000 1 7
1737 418 1759 431 1 1 1 1644497285 18099 0.000000 1 7
1697 488 1719 501 1 1 1 1644497286 38526 0.000000 1 7
1717 453 1739 466 1 1 1 1644497287 24174 0.000000 1 7
1737 418 1759 431 1 1 1 1644497288 44486 0.000000 1 7
1697 488 1719 501 1 1 1 1644497289 30110 0.000000 1 7
822 547 767 606 1 1 1 1644497290 16202 0.000000 1 0
951 358 737 571 1 0 1 1644497291 36568 0.000000 1 0
1243 251 797 641 1 0 1 1644497292 22134 0.000000 1 0
1 3 0 0 31 0 0
6 0
6 1
6 2
807 624 782 641 1 1 1 1644497272 29034 0.000000 2 0
792 589 767 606 1 1 1 1644497272 29034 0.000000 2 0
777 554 752 571 1 1 1 1644497272 29039 0.000000 2 0
807 624 782 641 1 1 1 1644497272 29039 180000.000000 2 0
792 589 767 606 1 1 1 1644497272 29039 180000.000000 2 0
777 554 752 571 1 1 1 1644497272 29039 180000.000000 2 0
807 624 782 641 1 1 1 1644497272 29039 360000.000000 2 0
792 589 767 606 1 1 1 1644497272 29039 360000.000000 2 0
777 554 752 571 1 1 1 1644497272 29039 360000.000000 2 0
807 624 782 641 1 1 1 1644497272 29040 540000.000000 2 0
792 589 767 606 1 1 1 1644497272 29040 540000.000000 2 0
1699 436 1699 466 1 1 1 1644497281 39861 0.000000 2 7
1779 436 1779 466 1 1 1 1644497281 39861 0.000000 2 7
1739 436 1739 466 1 1 1 1644497281 39861 0.000000 2 7
1699 436 1699 466 1 1 1 1644497281 39861 180000.000000 2 7
1779 436 1779 466 1 1 1 1644497281 39861 180000.000000 2 7
1739 436 1739 466 1 1 1 1644497281 39862 180000.000000 2 7
1699 436 1699 466 1 1 1 1644497281 39862 360000.000000 2 7
1779 436 1779 466 1 1 1 1644497281 39862 360000.000000 2 7
1739 436 1739 466 1 1 1 1644497281 39862 360000.000000 2 7
777 554 752 571 1 1 1 1644497284 31603 0.000000 2 0
807 624 782 641 1 1 1 1644497284 31604 0.000000 2 0
792 589 767 606 1 1 1 1644497284 31604 0.000000 2 0
822 529 752 571 1 1 1 1644497288 44487 0.000000 2 0
834 609 782 641 1 1 1 1644497288 44487 0.000000 2 0
837 564 767 606 1 1 1 1644497288 44487 0.000000 2 0
813 534 752 571 1 1 1 1644497288 44487 180000.000000 2 0
906 569 782 641 1 0 1 1644497289 199705 0.000000 2 0
1107 438 767 606 1 0 1 1644497290 16203 0.000000 2 0
1384 283 752 571 1 0 1 1644497291 36569 0.000000 2 0
1704 237 782 641 1 0 1 1644497292 22135 0.000000 2 0
10 3 20 0 0 0 1
4 4
4 5
4 6
10 4 20 0 0 0 0
0 8
0 10
0 6
1 9
10 6 20 0 0 0 0
6 9
6 10
6 8
6 7
5 10
5 8
10 3 20 0 0 0 0
5 9
4 10
4 8
1 3 0 0 24 0 0
6 4
6 5
6 3
794 634 772 641 1 1 1 1644497284 31604 0.000000 7 0
789 599 767 606 1 1 1 1644497284 31604 0.000000 7 0
784 564 762 571 1 1 1 1644497284 31604 0.000000 7 0
794 634 772 641 1 1 1 1644497284 31604 180000.000000 7 0
789 599 767 606 1 1 1 1644497284 31604 180000.000000 7 0
784 564 762 571 1 1 1 1644497284 31604 180000.000000 7 0
794 634 772 641 1 1 1 1644497284 31604 360000.000000 7 0
789 599 767 606 1 1 1 1644497284 31604 360000.000000 7 0
784 564 762 571 1 1 1 1644497284 31604 360000.000000 7 0
844 624 772 641 1 1 1 1644497288 44487 0.000000 7 0
829 591 767 606 1 1 1 1644497288 44487 0.000000 7 0
834 554 762 571 1 1 1 1644497288 44487 0.000000 7 0
844 624 772 641 1 1 1 1644497288 44487 180000.000000 7 0
829 591 767 606 1 1 1 1644497288 44487 180000.000000 7 0
834 554 762 571 1 1 1 1644497288 44487 180000.000000 7 0
844 624 772 641 1 1 1 1644497288 44487 360000.000000 7 0
829 591 767 606 1 1 1 1644497288 44487 360000.000000 7 0
854 550 762 571 1 0 1 1644497289 199705 0.000000 7 0
864 620 772 641 1 0 1 1644497289 199705 0.000000 7 0
1099 537 767 606 1 0 1 1644497290 16203 0.000000 7 0
1094 502 762 571 1 0 1 1644497290 16203 0.000000 7 0
1394 536 772 641 1 0 1 1644497291 2083 0.000000 7 0
1399 500 767 606 1 0 1 1644497291 36569 0.000000 7 0
1684 436 762 571 1 0 1 1644497292 22135 0.000000 7 0
10 2 20 0 0 0 1
0 1
0 0
10 1 20 0 0 0 0
1 10
9
2 1500 170 1 1 1644497259 142952 0.000000 1
2 1364 234 1 0 1644497289 199695 0.000000 1
2 1479 667 0 0 0 0 0.000000 0
2 838 844 0 0 0 0 0.000000 0
2 1034 693 0 0 0 0 0.000000 0
2 1673 510 0 0 0 0 0.000000 0
2 956 426 0 0 0 0 0.000000 0
2 816 492 0 0 0 0 0.000000 0
2 881 193 0 0 0 0 0.000000 0
0 1 0 -1 -1 1
0 1 10 2 1 1
0
