arya                            
8 50 20 10 0 1
7 11 99 66 1 1 10
220 136 1 8 0 1
463 136 1 0 0 0
706 136 1 0 0 0
949 136 1 0 0 0
1192 136 1 1 1 1
1435 136 0 0 0 0
1678 136 1 2 1 1
99 206 1 8 1 1
342 206 1 0 0 0
585 206 0 0 0 0
828 206 1 0 0 0
1071 206 1 1 0 1
1314 206 1 1 0 1
1557 206 1 2 0 1
220 276 0 0 0 0
463 276 0 0 0 0
706 276 1 0 0 0
949 276 1 0 0 0
1192 276 1 1 0 1
1435 276 0 0 0 0
1678 276 1 2 0 1
99 346 0 0 0 0
342 346 1 0 0 0
585 346 0 0 0 0
828 346 0 0 0 0
1071 346 0 0 0 0
1314 346 0 0 0 0
1557 346 1 7 0 1
220 416 0 0 0 0
463 416 0 0 0 0
706 416 1 0 0 1
949 416 1 0 0 0
1192 416 1 3 1 1
1435 416 0 0 0 0
1678 416 1 7 1 1
99 486 0 0 0 0
342 486 0 0 0 0
585 486 0 0 0 0
828 486 0 0 0 0
1071 486 1 3 0 1
1314 486 0 0 0 0
1557 486 1 7 0 1
220 556 1 4 0 1
463 556 1 0 0 0
706 556 1 0 1 1
949 556 1 0 0 0
1192 556 1 3 0 1
1435 556 0 0 0 0
1678 556 0 0 0 0
99 626 0 0 0 0
342 626 0 0 0 0
585 626 0 0 0 0
828 626 1 0 0 1
1071 626 1 0 0 0
1314 626 0 0 0 0
1557 626 1 5 0 1
220 696 1 4 1 1
463 696 0 0 0 0
706 696 0 0 0 0
949 696 0 0 0 0
1192 696 1 6 0 1
1435 696 1 5 0 1
1678 696 1 5 0 1
99 766 0 0 0 0
342 766 1 4 0 1
585 766 0 0 0 0
828 766 1 0 0 0
1071 766 1 0 0 0
1314 766 1 6 1 1
1557 766 1 5 1 1
220 836 1 4 0 1
463 836 1 9 1 1
706 836 0 0 0 0
949 836 0 0 0 0
1192 836 1 6 0 1
1435 836 1 5 0 1
1678 836 1 5 0 1
0 3 10 0 0 0 0
2 6
2 4
3 7
1 4 10 0 0 0 0
4 0
4 1
4 2
5 1
10 3 20 0 0 0 0
6 0
6 1
6 2
10 3 20 0 0 0 0
4 4
4 5
4 6
10 4 20 0 0 0 0
0 8
0 10
0 6
1 9
10 6 20 0 0 0 0
6 9
6 10
6 8
6 7
5 10
5 8
10 3 20 0 0 0 0
5 9
4 10
4 8
10 3 20 0 0 0 0
6 4
6 5
6 3
10 2 20 0 0 0 0
0 1
0 0
10 1 20 0 0 0 0
1 10
0
0 1 10 -1 -1 1
0 1 10 -1 -1 1
0
