arya                            
8 50 20 10 0 1
7 10 76 153 4 1 13
197 223 1 0 0 1
440 223 0 0 0 0
683 223 1 2 1 1
926 223 1 10 1 1
1169 223 1 7 1 1
1412 223 1 11 1 1
1655 223 1 6 1 1
76 293 1 8 1 1
319 293 1 0 1 1
562 293 1 2 0 1
805 293 1 2 0 1
1048 293 0 0 0 0
1291 293 0 0 0 0
1534 293 1 6 0 1
197 363 1 0 0 1
440 363 0 0 0 0
683 363 0 0 0 0
926 363 1 3 0 1
1169 363 0 0 0 0
1412 363 1 5 0 1
1655 363 1 6 0 1
76 433 0 0 0 0
319 433 0 0 0 0
562 433 0 0 0 0
805 433 0 0 0 0
1048 433 1 3 1 1
1291 433 0 0 0 0
1534 433 0 0 0 0
197 503 1 12 1 1
440 503 0 0 0 0
683 503 0 0 0 0
926 503 1 3 0 1
1169 503 0 0 0 0
1412 503 1 5 1 1
1655 503 0 0 0 0
76 573 0 0 0 0
319 573 1 12 0 1
562 573 1 1 0 1
805 573 1 1 0 1
1048 573 0 0 0 0
1291 573 0 0 0 0
1534 573 0 0 0 0
197 643 0 0 0 0
440 643 0 0 0 0
683 643 1 1 1 1
926 643 1 4 0 1
1169 643 0 0 0 0
1412 643 0 0 0 0
1655 643 0 0 0 0
76 713 1 0 0 0
319 713 1 0 0 0
562 713 1 1 0 1
805 713 1 1 0 1
1048 713 1 4 1 1
1291 713 0 0 0 0
1534 713 0 0 0 0
197 783 0 0 0 0
440 783 0 0 0 0
683 783 0 0 0 0
926 783 1 4 0 1
1169 783 0 0 0 0
1412 783 0 0 0 0
1655 783 0 0 0 0
76 853 1 0 0 0
319 853 0 0 0 0
562 853 0 0 0 0
805 853 1 0 0 0
1048 853 1 4 0 1
1291 853 1 9 1 1
1534 853 0 0 0 0
0 3 10 0 0 0 0
1 1
0 2
0 0
2 5 10 0 0 0 0
2 6
2 7
2 5
3 7
3 5
1 3 10 0 0 0 0
2 0
2 1
3 1
3 3 10 0 0 0 0
4 3
3 4
3 2
4 4 10 0 0 0 0
4 7
4 9
3 8
3 6
10 2 20 0 0 0 0
5 4
5 2
10 3 20 0 0 0 0
6 0
6 1
6 2
10 1 20 0 0 0 0
4 0
10 1 20 0 0 0 0
0 1
10 1 20 0 0 0 0
5 9
10 1 20 0 0 0 0
3 0
10 1 20 0 0 0 0
5 0
10 2 20 0 0 0 0
0 4
1 5
0
0 1 10 -1 -1 1
0 1 10 -1 -1 1
0 1 10 -1 -1 1
0 1 10 -1 -1 1
0 1 10 -1 -1 1
0
