arya                            
8 50 20 10 0 1
7 11 134 62 1 1 10
255 132 0 0 0 0
498 132 1 2 1 1
741 132 0 0 0 0
984 132 1 0 0 0
1227 132 1 7 1 1
1470 132 1 0 0 1
1713 132 0 0 0 0
134 202 0 0 0 0
377 202 0 0 0 0
620 202 0 0 0 0
863 202 0 0 0 0
1106 202 1 7 0 1
1349 202 1 7 0 1
1592 202 1 0 1 1
255 272 1 8 1 1
498 272 0 0 0 0
741 272 1 0 0 0
984 272 0 0 0 0
1227 272 0 0 0 0
1470 272 0 0 0 0
1713 272 0 0 0 0
134 342 1 8 0 1
377 342 1 8 0 1
620 342 1 3 0 1
863 342 0 0 0 0
1106 342 0 0 0 0
1349 342 1 4 0 1
1592 342 1 0 0 1
255 412 0 0 0 0
498 412 1 3 0 1
741 412 0 0 0 0
984 412 1 5 0 1
1227 412 0 0 0 0
1470 412 0 0 0 0
1713 412 0 0 0 0
134 482 1 1 0 1
377 482 1 9 1 1
620 482 1 3 1 1
863 482 1 5 1 1
1106 482 0 0 0 0
1349 482 1 4 1 1
1592 482 0 0 0 0
255 552 1 1 0 1
498 552 1 3 0 1
741 552 1 3 0 1
984 552 0 0 0 0
1227 552 1 4 0 1
1470 552 0 0 0 0
1713 552 1 6 1 1
134 622 1 1 1 1
377 622 0 0 0 0
620 622 1 3 0 1
863 622 0 0 0 0
1106 622 0 0 0 0
1349 622 0 0 0 0
1592 622 1 6 0 1
255 692 0 0 0 0
498 692 0 0 0 0
741 692 0 0 0 0
984 692 0 0 0 0
1227 692 1 0 0 0
1470 692 0 0 0 0
1713 692 1 6 0 1
134 762 0 0 0 0
377 762 1 0 0 0
620 762 0 0 0 0
863 762 1 0 0 0
1106 762 0 0 0 0
1349 762 1 0 0 0
1592 762 1 0 0 0
255 832 0 0 0 0
498 832 0 0 0 0
741 832 1 0 0 0
984 832 1 0 0 0
1227 832 1 0 0 0
1470 832 0 0 0 0
1713 832 0 0 0 0
0 3 10 0 0 0 0
6 1
6 3
5 0
1 3 10 0 0 0 0
0 7
0 6
0 5
10 1 20 0 0 0 0
1 0
10 6 20 0 0 0 0
2 5
2 6
2 7
2 3
1 6
1 4
10 3 20 0 0 0 0
5 5
5 3
4 6
10 2 20 0 0 0 0
3 5
3 4
10 3 20 0 0 0 0
6 6
6 7
6 8
10 3 20 0 0 0 0
4 0
4 1
5 1
10 3 20 0 0 0 0
0 2
0 3
1 3
10 1 20 0 0 0 0
1 5
0
0 1 10 -1 -1 1
0 1 10 -1 -1 1
0
