arya                            
8 50 20 10 0 1
7 10 128 118 1 1 10
249 188 1 5 1 1
492 188 0 0 0 0
735 188 0 0 0 0
978 188 0 0 0 0
1221 188 1 2 0 1
1464 188 1 2 0 1
1707 188 0 0 0 0
128 258 1 5 0 1
371 258 1 5 0 1
614 258 1 1 0 1
857 258 1 1 0 1
1100 258 1 9 1 1
1343 258 1 2 1 1
1586 258 0 0 0 0
249 328 0 0 0 0
492 328 1 6 0 1
735 328 1 1 1 1
978 328 0 0 0 0
1221 328 1 0 0 1
1464 328 1 2 0 1
1707 328 1 0 0 0
128 398 1 7 1 1
371 398 0 0 0 0
614 398 0 0 0 0
857 398 0 0 0 0
1100 398 0 0 0 0
1343 398 0 0 0 0
1586 398 0 0 0 0
249 468 1 7 0 1
492 468 1 6 1 1
735 468 0 0 0 0
978 468 1 8 1 1
1221 468 1 0 1 1
1464 468 0 0 0 0
1707 468 1 4 0 1
128 538 0 0 0 0
371 538 0 0 0 0
614 538 1 6 0 1
857 538 1 3 0 1
1100 538 1 0 0 1
1343 538 0 0 0 0
1586 538 0 0 0 0
249 608 0 0 0 0
492 608 1 6 0 1
735 608 0 0 0 0
978 608 1 3 0 1
1221 608 0 0 0 0
1464 608 1 0 0 0
1707 608 1 4 1 1
128 678 0 0 0 0
371 678 0 0 0 0
614 678 0 0 0 0
857 678 1 3 1 1
1100 678 1 0 0 0
1343 678 0 0 0 0
1586 678 1 4 0 1
249 748 1 0 0 0
492 748 1 0 0 0
735 748 1 3 0 1
978 748 1 3 0 1
1221 748 0 0 0 0
1464 748 0 0 0 0
1707 748 0 0 0 0
128 818 1 0 0 0
371 818 0 0 0 0
614 818 1 0 0 0
857 818 0 0 0 0
1100 818 0 0 0 0
1343 818 0 0 0 0
1586 818 1 0 0 0
0 3 10 0 0 0 0
4 4
4 5
4 2
1 3 10 0 0 0 0
2 2
2 1
3 1
10 4 20 0 0 0 0
5 1
5 2
5 0
4 0
10 5 20 0 0 0 0
3 7
3 8
3 6
3 5
2 8
10 3 20 0 0 0 0
6 6
6 7
6 4
10 3 20 0 0 0 0
0 0
0 1
1 1
10 4 20 0 0 0 0
1 4
1 6
1 2
2 5
10 2 20 0 0 0 0
0 3
0 4
10 1 20 0 0 0 0
3 4
10 1 20 0 0 0 0
4 1
0
0 1 10 -1 -1 1
0 1 10 -1 -1 1
0
