arya                            
8 50 20 10 0 1
7 10 144 145 1 1 10
265 215 1 0 0 0
508 215 0 0 0 0
751 215 0 0 0 0
994 215 1 7 0 1
1237 215 1 0 0 0
1480 215 1 1 0 1
1723 215 0 0 0 0
144 285 0 0 0 0
387 285 0 0 0 0
630 285 0 0 0 0
873 285 0 0 0 0
1116 285 1 7 0 1
1359 285 0 0 0 0
1602 285 1 1 1 1
265 355 1 9 0 1
508 355 1 0 1 1
751 355 0 0 0 0
994 355 1 7 1 1
1237 355 0 0 0 0
1480 355 1 1 0 1
1723 355 1 1 0 1
144 425 1 9 1 1
387 425 1 0 0 1
630 425 0 0 0 0
873 425 0 0 0 0
1116 425 0 0 0 0
1359 425 1 8 0 1
1602 425 0 0 0 0
265 495 0 0 0 0
508 495 0 0 0 0
751 495 0 0 0 0
994 495 0 0 0 0
1237 495 1 3 0 1
1480 495 1 8 1 1
1723 495 1 0 0 0
144 565 0 0 0 0
387 565 0 0 0 0
630 565 1 2 1 1
873 565 0 0 0 0
1116 565 0 0 0 0
1359 565 1 3 0 1
1602 565 0 0 0 0
265 635 0 0 0 0
508 635 0 0 0 0
751 635 1 2 0 1
994 635 1 0 0 0
1237 635 1 3 1 1
1480 635 0 0 0 0
1723 635 1 0 0 0
144 705 1 5 0 1
387 705 1 5 0 1
630 705 0 0 0 0
873 705 0 0 0 0
1116 705 0 0 0 0
1359 705 0 0 0 0
1602 705 1 4 0 1
265 775 1 5 1 1
508 775 0 0 0 0
751 775 1 6 0 1
994 775 1 0 0 0
1237 775 0 0 0 0
1480 775 1 4 1 1
1723 775 1 0 0 0
144 845 1 5 0 1
387 845 0 0 0 0
630 845 1 6 1 1
873 845 0 0 0 0
1116 845 0 0 0 0
1359 845 0 0 0 0
1602 845 0 0 0 0
0 2 33 0 0 0 1
1 2
1 3
1 4 10 0 27 0 0
6 1
6 2
5 2
5 0
363 844 338 860 1 1 1 1644498348 359138 0.000000 1 5
351 809 326 825 1 1 1 1644498348 359138 0.000000 1 5
339 774 314 790 1 1 1 1644498348 359138 0.000000 1 5
363 844 338 860 1 1 1 1644498348 359138 180000.000000 1 5
351 809 326 825 1 1 1 1644498348 359138 180000.000000 1 5
339 774 314 790 1 1 1 1644498348 359138 180000.000000 1 5
363 844 338 860 1 1 1 1644498348 359138 360000.000000 1 5
351 809 326 825 1 1 1 1644498348 359138 360000.000000 1 5
339 774 314 790 1 1 1 1644498348 359138 360000.000000 1 5
363 844 338 860 1 1 1 1644498348 359138 540000.000000 1 5
351 809 326 825 1 1 1 1644498348 359138 540000.000000 1 5
339 774 314 790 1 1 1 1644498348 359138 540000.000000 1 5
363 844 338 860 1 1 1 1644498348 359139 720000.000000 1 5
351 809 326 825 1 1 1 1644498348 359139 720000.000000 1 5
339 774 314 790 1 1 1 1644498349 38042 0.000000 1 5
363 844 338 860 1 1 1 1644498350 24334 0.000000 1 5
351 809 326 825 1 1 1 1644498351 10214 0.000000 1 5
339 774 314 790 1 1 1 1644498352 30039 0.000000 1 5
363 844 338 860 1 1 1 1644498353 16255 0.000000 1 5
351 809 326 825 1 1 1 1644498354 36062 0.000000 1 5
339 774 314 790 1 1 1 1644498355 22606 0.000000 1 5
1583 829 1581 860 1 1 1 1644498356 994081 0.000000 1 4
1543 794 1541 825 1 1 1 1644498357 27989 0.000000 1 4
1503 759 1501 790 1 1 1 1644498358 14125 0.000000 1 4
1583 829 1581 860 1 1 1 1644498359 34184 0.000000 1 4
1543 794 1541 825 1 1 1 1644498360 19551 0.000000 1 4
1503 759 1501 790 1 1 1 1644498361 39800 0.000000 1 4
10 2 20 0 0 0 0
2 5
2 6
10 3 20 0 0 0 0
4 6
4 4
5 5
10 2 14 0 0 0 0
5 8
6 7
1 4 0 0 13 0 0
0 8
0 9
0 7
1 7
1051 449 1075 440 1 1 1 1644498361 143182 0.000000 5 7
1031 414 1055 405 1 1 1 1644498361 143183 0.000000 5 7
1011 379 1035 370 1 1 1 1644498361 143183 0.000000 5 7
1051 449 1075 440 1 1 1 1644498362 26152 0.000000 5 7
1031 414 1055 405 1 1 1 1644498363 12100 0.000000 5 7
1011 379 1035 370 1 1 1 1644498364 32150 0.000000 5 7
1051 449 1075 440 1 1 1 1644498365 18329 0.000000 5 7
1031 414 1055 405 1 1 1 1644498366 38257 0.000000 5 7
514 388 529 370 1 1 1 1644498367 24527 0.000000 5 0
594 458 609 440 1 1 1 1644498368 11179 0.000000 5 0
554 423 569 405 1 1 1 1644498369 30464 0.000000 5 0
514 388 529 370 1 1 1 1644498370 17017 0.000000 5 0
481 653 609 440 1 0 1 1644498371 36104 0.000000 5 0
10 2 20 0 0 0 0
2 9
2 8
10 3 12 0 0 0 0
3 2
3 0
4 1
10 2 20 0 0 0 0
5 4
5 3
10 2 20 0 0 0 0
0 3
0 2
8
2 909 473 1 1 1644498366 344899 0.000000 1
2 971 501 1 1 1644498350 501273 0.000000 1
2 1419 599 0 0 0 0 0.000000 0
2 860 613 1 1 1644498355 600187 0.000000 1
2 440 611 0 0 0 0 0.000000 0
2 1575 671 1 1 1644498361 143180 0.000000 1
2 1226 731 0 0 0 0 0.000000 0
2 486 716 1 0 1644498371 445495 0.000000 1
0 1 0 -1 -1 1
0 1 10 2 7 1
0
