arya                            
8 50 20 10 0 1
7 10 111 174 4 1 13
232 244 0 0 0 0
475 244 0 0 0 0
718 244 0 7 1 0
961 244 1 6 1 1
1204 244 0 0 1 0
1447 244 1 9 1 1
1690 244 0 5 1 0
111 314 1 7 1 1
354 314 0 0 1 0
597 314 0 2 0 0
840 314 1 6 0 1
1083 314 1 6 1 1
1326 314 0 2 0 0
1569 314 0 6 0 0
232 384 1 7 1 1
475 384 1 4 1 1
718 384 0 7 1 0
961 384 0 0 0 0
1204 384 1 3 0 1
1447 384 0 2 0 0
1690 384 0 5 1 0
111 454 0 0 0 0
354 454 0 0 0 0
597 454 0 0 0 0
840 454 1 12 1 1
1083 454 0 3 1 0
1326 454 0 1 0 0
1569 454 1 5 1 1
232 524 0 12 1 0
475 524 0 0 0 0
718 524 0 0 0 0
961 524 0 4 0 0
1204 524 1 3 1 1
1447 524 1 5 1 1
1690 524 1 5 0 1
111 594 1 8 0 1
354 594 0 12 0 0
597 594 0 1 0 0
840 594 0 4 0 0
1083 594 1 3 0 1
1326 594 0 0 0 0
1569 594 0 0 0 0
232 664 0 0 0 0
475 664 0 8 0 0
718 664 0 1 1 0
961 664 1 0 1 1
1204 664 0 1 0 0
1447 664 0 6 0 0
1690 664 1 11 1 1
111 734 1 8 1 1
354 734 0 0 0 0
597 734 1 10 1 1
840 734 1 0 1 1
1083 734 0 4 1 0
1326 734 1 0 0 0
1569 734 0 6 1 0
232 804 0 0 0 0
475 804 0 3 0 0
718 804 1 0 0 1
961 804 0 4 0 0
1204 804 0 0 0 0
1447 804 1 2 0 1
1690 804 1 2 0 1
111 874 1 8 0 1
354 874 0 3 1 0
597 874 0 0 0 0
840 874 1 0 0 1
1083 874 1 1 1 1
1326 874 0 9 1 0
1569 874 1 2 1 1
0 4 10 0 0 0 0
3 7
3 6
3 9
2 8
2 1 10 0 0 0 0
4 9
3 3 10 0 0 0 0
6 9
6 8
5 8
1 3 10 0 0 0 0
4 4
4 5
4 2
4 1 10 0 0 0 0
1 2
10 3 20 0 0 0 0
6 3
6 4
5 4
10 3 20 0 0 0 0
3 0
3 1
4 1
10 2 20 0 0 0 0
0 2
0 1
10 3 20 0 0 0 0
0 7
0 9
0 5
10 1 20 0 0 0 0
5 0
10 1 20 0 0 0 0
2 7
10 1 20 0 0 0 0
6 6
10 1 20 0 0 0 0
3 3
0
0 1 10 -1 -1 1
0 1 10 -1 -1 1
0 1 10 -1 -1 1
0 1 10 -1 -1 1
0 1 10 -1 -1 1
0
