arya                            
8 50 20 10 0 1
7 11 100 66 1 1 10
221 136 1 0 0 0
464 136 1 0 0 0
707 136 0 0 0 0
950 136 1 3 0 1
1193 136 1 1 1 1
1436 136 0 0 0 0
1679 136 0 0 0 0
100 206 1 0 0 0
343 206 0 0 0 0
586 206 0 0 0 0
829 206 1 3 0 1
1072 206 0 0 0 0
1315 206 1 1 0 1
1558 206 1 9 1 1
221 276 0 0 0 0
464 276 1 0 0 0
707 276 1 8 1 1
950 276 1 3 1 1
1193 276 0 0 0 0
1436 276 0 0 0 0
1679 276 0 0 0 0
100 346 0 0 0 0
343 346 0 0 0 0
586 346 0 0 0 0
829 346 1 3 0 1
1072 346 0 0 0 0
1315 346 1 0 0 1
1558 346 0 0 0 0
221 416 0 0 0 0
464 416 1 0 0 0
707 416 0 0 0 0
950 416 1 3 0 1
1193 416 0 0 0 0
1436 416 1 0 1 1
1679 416 0 0 0 0
100 486 1 4 1 1
343 486 1 0 0 0
586 486 0 0 0 0
829 486 1 6 0 1
1072 486 0 0 0 0
1315 486 0 0 0 0
1558 486 0 0 0 0
221 556 0 0 0 0
464 556 1 0 0 0
707 556 1 6 1 1
950 556 0 0 0 0
1193 556 0 0 0 0
1436 556 0 0 0 0
1679 556 1 0 0 0
100 626 0 0 0 0
343 626 1 5 0 1
586 626 0 0 0 0
829 626 0 0 0 0
1072 626 1 2 1 1
1315 626 0 0 0 0
1558 626 0 0 0 0
221 696 1 5 1 1
464 696 0 0 0 0
707 696 0 0 0 0
950 696 1 2 0 1
1193 696 1 2 0 1
1436 696 0 0 0 0
1679 696 1 7 0 1
100 766 0 0 0 0
343 766 1 5 0 1
586 766 1 0 0 0
829 766 1 0 0 0
1072 766 1 2 0 1
1315 766 0 0 0 0
1558 766 0 0 0 0
221 836 1 5 0 1
464 836 0 0 0 0
707 836 0 0 0 0
950 836 1 0 0 0
1193 836 0 0 0 0
1436 836 0 0 0 0
1679 836 1 7 1 1
0 2 10 0 0 0 0
5 4
5 3
1 2 10 0 0 0 0
4 0
5 1
10 4 20 0 0 0 0
4 7
4 8
4 9
3 8
10 5 20 0 0 0 0
3 2
3 3
3 1
3 4
3 0
10 1 20 0 0 0 0
0 5
10 4 20 0 0 0 0
0 8
0 10
1 9
1 7
10 2 20 0 0 0 0
2 6
3 5
10 2 20 0 0 0 0
6 10
6 8
10 1 20 0 0 0 0
2 2
10 1 20 0 0 0 0
6 1
0
0 1 10 -1 -1 1
0 1 10 -1 -1 1
0
