arya                            
8 50 20 10 0 1
7 10 96 130 4 1 13
217 200 0 0 0 0
460 200 1 3 0 1
703 200 1 4 1 1
946 200 1 12 1 1
1189 200 0 0 0 0
1432 200 0 0 0 0
1675 200 1 11 1 1
96 270 0 0 0 0
339 270 1 3 0 1
582 270 0 0 0 0
825 270 1 4 0 1
1068 270 0 0 0 0
1311 270 0 0 0 0
1554 270 0 0 0 0
217 340 0 0 0 0
460 340 1 3 1 1
703 340 0 0 0 0
946 340 0 0 0 0
1189 340 1 1 0 1
1432 340 1 6 1 1
1675 340 0 0 0 0
96 410 1 8 0 1
339 410 0 0 0 0
582 410 0 0 0 0
825 410 0 0 0 0
1068 410 1 1 0 1
1311 410 0 0 0 0
1554 410 1 0 0 1
217 480 1 8 0 1
460 480 0 0 0 0
703 480 1 2 0 1
946 480 1 2 0 1
1189 480 1 1 1 1
1432 480 0 0 0 0
1675 480 1 0 1 1
96 550 1 8 1 1
339 550 0 0 0 0
582 550 0 0 0 0
825 550 1 2 1 1
1068 550 1 1 0 1
1311 550 0 0 0 0
1554 550 0 0 0 0
217 620 0 0 0 0
460 620 0 0 0 0
703 620 1 2 0 1
946 620 0 0 0 0
1189 620 1 1 0 1
1432 620 1 5 1 1
1675 620 0 0 0 0
96 690 0 0 0 0
339 690 1 7 1 1
582 690 0 0 0 0
825 690 0 0 0 0
1068 690 1 0 0 0
1311 690 1 5 0 1
1554 690 0 0 0 0
217 760 0 0 0 0
460 760 1 7 0 1
703 760 1 10 0 1
946 760 1 10 0 1
1189 760 0 0 0 0
1432 760 0 0 0 0
1675 760 1 9 1 1
96 830 1 0 0 0
339 830 0 0 0 0
582 830 0 0 0 0
825 830 1 10 1 1
1068 830 0 0 0 0
1311 830 0 0 0 0
1554 830 0 0 0 0
0 2 13 0 0 0 0
6 4
6 3
1 5 13 0 0 0 0
4 4
4 5
4 3
4 6
4 2
2 4 13 0 0 0 0
3 5
3 4
2 6
2 4
3 3 13 0 0 0 0
1 2
1 1
1 0
4 2 13 0 0 0 0
2 0
3 1
10 2 20 0 0 0 0
5 6
5 7
10 1 20 0 0 0 0
5 2
10 2 20 0 0 0 0
1 7
1 8
10 3 20 0 0 0 0
0 5
0 4
0 3
10 1 20 0 0 0 0
6 8
10 3 20 0 0 0 0
3 9
3 8
2 8
10 1 20 0 0 0 0
6 0
10 1 20 0 0 0 0
3 0
0
0 1 10 -1 -1 1
0 1 10 -1 -1 1
0 1 10 -1 -1 1
0 1 10 -1 -1 1
0 1 10 -1 -1 1
0
