arya                            
8 50 20 10 0 1
7 11 86 109 2 1 11
207 179 1 2 0 1
450 179 1 10 0 1
693 179 1 7 0 1
936 179 0 0 0 0
1179 179 0 0 0 0
1422 179 0 0 0 0
1665 179 0 0 0 0
86 249 1 2 1 1
329 249 0 0 0 0
572 249 1 10 1 1
815 249 1 7 1 1
1058 249 0 0 0 0
1301 249 1 3 0 1
1544 249 0 0 0 0
207 319 1 2 0 1
450 319 0 0 0 0
693 319 0 0 0 0
936 319 0 0 0 0
1179 319 0 0 0 0
1422 319 0 0 0 0
1665 319 0 0 0 0
86 389 1 2 0 1
329 389 0 0 0 0
572 389 1 10 0 1
815 389 0 0 0 0
1058 389 1 0 1 1
1301 389 1 3 1 1
1544 389 1 1 0 1
207 459 0 0 0 0
450 459 0 0 0 0
693 459 0 0 0 0
936 459 1 0 0 1
1179 459 0 0 0 0
1422 459 1 1 0 1
1665 459 0 0 0 0
86 529 0 0 0 0
329 529 1 0 0 0
572 529 0 0 0 0
815 529 1 5 0 1
1058 529 0 0 0 0
1301 529 1 3 0 1
1544 529 1 1 1 1
207 599 0 0 0 0
450 599 0 0 0 0
693 599 1 5 1 1
936 599 0 0 0 0
1179 599 0 0 0 0
1422 599 1 1 0 1
1665 599 0 0 0 0
86 669 0 0 0 0
329 669 1 0 0 0
572 669 1 5 0 1
815 669 0 0 0 0
1058 669 0 0 0 0
1301 669 0 0 0 0
1544 669 0 0 0 0
207 739 1 0 0 0
450 739 1 4 0 1
693 739 0 0 0 0
936 739 1 8 0 1
1179 739 0 0 0 0
1422 739 0 0 0 0
1665 739 1 6 0 1
86 809 0 0 0 0
329 809 1 4 0 1
572 809 1 4 0 1
815 809 0 0 0 0
1058 809 0 0 0 0
1301 809 1 9 0 1
1544 809 1 6 1 1
207 879 0 0 0 0
450 879 1 4 1 1
693 879 0 0 0 0
936 879 1 8 1 1
1179 879 1 9 1 1
1422 879 1 6 0 1
1665 879 1 6 0 1
0 2 32 0 0 0 0
4 3
3 4
1 4 1 0 31 0 1
6 5
6 3
5 6
5 4
279 350 141 334 1 1 1 1644498631 54440 0.000000 1 2
285 315 147 299 1 1 1 1644498631 54441 0.000000 1 2
291 280 153 264 1 1 1 1644498631 54441 0.000000 1 2
229 342 141 334 1 1 1 1644498631 54441 180000.000000 1 2
235 307 147 299 1 1 1 1644498631 54441 180000.000000 1 2
241 272 153 264 1 1 1 1644498631 54441 180000.000000 1 2
169 336 141 334 1 1 1 1644498631 54441 360000.000000 1 2
175 301 147 299 1 1 1 1644498631 54441 360000.000000 1 2
181 266 153 264 1 1 1 1644498631 54441 360000.000000 1 2
169 336 141 334 1 1 1 1644498631 54441 540000.000000 1 2
175 301 147 299 1 1 1 1644498631 54441 540000.000000 1 2
181 266 153 264 1 1 1 1644498631 54441 540000.000000 1 2
169 336 141 334 1 1 1 1644498631 54441 720000.000000 1 2
1389 454 1362 439 1 1 1 1644498638 568615 0.000000 1 3
1409 419 1382 404 1 1 1 1644498638 568615 0.000000 1 3
1369 489 1342 474 1 1 1 1644498638 568615 0.000000 1 3
1389 454 1362 439 1 1 1 1644498638 568616 180000.000000 1 3
1409 419 1382 404 1 1 1 1644498638 568616 180000.000000 1 3
1369 489 1342 474 1 1 1 1644498638 568616 180000.000000 1 3
1389 454 1362 439 1 1 1 1644498638 568616 360000.000000 1 3
1409 419 1382 404 1 1 1 1644498639 11135 0.000000 1 3
1037 949 1017 964 1 1 1 1644498643 38289 0.000000 1 8
1017 914 997 929 1 1 1 1644498643 38289 0.000000 1 8
997 879 977 894 1 1 1 1644498643 38289 0.000000 1 8
1037 949 1017 964 1 1 1 1644498643 38289 180000.000000 1 8
1389 454 1362 439 1 1 1 1644498649 22843 0.000000 1 3
1409 419 1382 404 1 1 1 1644498649 22843 0.000000 1 3
1369 489 1342 474 1 1 1 1644498649 22844 0.000000 1 3
1389 454 1362 439 1 1 1 1644498649 22844 180000.000000 1 3
1409 419 1382 404 1 1 1 1644498649 22844 180000.000000 1 3
1369 489 1342 474 1 1 1 1644498649 22844 180000.000000 1 3
1 4 -2 -3 35 0 0
0 1
0 2
0 0
0 3
952 949 972 964 2 1 1 1644498631 54428 0.000000 2 8
977 914 997 929 2 1 1 1644498631 54429 0.000000 2 8
1002 879 1022 894 2 1 1 1644498631 54429 0.000000 2 8
952 949 972 964 2 1 1 1644498631 54438 180000.000000 2 8
977 914 997 929 2 1 1 1644498631 54438 180000.000000 2 8
1002 879 1022 894 2 1 1 1644498631 54438 180000.000000 2 8
952 949 972 964 2 1 1 1644498631 54438 360000.000000 2 8
977 914 997 929 2 1 1 1644498631 54438 360000.000000 2 8
1002 879 1022 894 2 1 1 1644498631 54438 360000.000000 2 8
952 949 972 964 2 1 1 1644498631 54439 540000.000000 2 8
977 914 997 929 2 1 1 1644498631 54439 540000.000000 2 8
1002 879 1022 894 2 1 1 1644498631 54439 540000.000000 2 8
952 949 972 964 2 1 1 1644498631 54439 720000.000000 2 8
977 914 997 929 2 1 1 1644498632 44402 0.000000 2 8
234 273 1611 544 2 1 1 1644498638 772132 0.000000 2 1
222 343 1599 614 2 1 1 1644498638 772132 0.000000 2 1
228 308 1605 579 2 1 1 1644498638 772132 0.000000 2 1
189 268 1611 544 2 1 1 1644498638 772132 180000.000000 2 1
177 338 1599 614 2 1 1 1644498638 772132 180000.000000 2 1
183 303 1605 579 2 1 1 1644498638 772133 180000.000000 2 1
167 264 774 614 2 1 1 1644498639 214390 0.000000 2 5
127 334 734 684 2 1 1 1644498640 12037 0.000000 2 5
147 299 754 649 2 1 1 1644498641 31794 0.000000 2 5
1002 879 1022 894 1 1 1 1644498643 38289 0.000000 2 8
952 949 972 964 1 1 1 1644498643 38290 0.000000 2 8
977 914 997 929 1 1 1 1644498643 38290 0.000000 2 8
1002 879 1022 894 1 1 1 1644498643 38290 180000.000000 2 8
952 949 972 964 1 1 1 1644498643 38290 180000.000000 2 8
977 914 997 929 1 1 1 1644498643 38290 180000.000000 2 8
751 601 774 614 1 1 1 1644498644 162253 0.000000 2 5
584 383 1358 474 1 0 1 1644498649 22844 0.000000 2 3
588 348 1362 439 1 0 1 1644498649 22844 0.000000 2 3
592 313 1366 404 1 0 1 1644498649 22844 0.000000 2 3
539 378 1358 474 1 0 1 1644498649 22845 180000.000000 2 3
543 343 1362 439 1 0 1 1644498649 22845 180000.000000 2 3
10 3 6 0 0 0 1
5 3
5 5
5 1
10 4 20 0 0 0 0
1 10
1 9
1 8
2 9
10 3 19 0 0 0 0
2 6
2 7
3 5
10 4 20 0 0 0 0
6 9
6 10
6 8
5 10
10 2 20 0 0 0 0
3 1
2 0
1 2 1 0 7 0 0
3 10
3 8
1329 570 1402 474 1 0 1 1644498649 22845 0.000000 8 3
1289 535 1362 439 1 0 1 1644498649 22845 0.000000 8 3
1249 500 1322 404 1 0 1 1644498649 22845 0.000000 8 3
1299 610 1402 474 1 0 1 1644498649 22846 180000.000000 8 3
1259 575 1362 439 1 0 1 1644498649 22846 180000.000000 8 3
1219 540 1322 404 1 0 1 1644498649 22846 180000.000000 8 3
1269 650 1402 474 1 0 1 1644498649 22846 360000.000000 8 3
10 2 20 0 0 0 0
4 10
5 9
10 3 20 0 0 0 0
2 1
2 3
1 0
5
2 444 503 1 1 1644498632 143338 0.000000 2
2 1408 449 1 1 1644498639 113816 0.000000 1
2 656 577 1 1 1644498644 872938 0.000000 1
2 822 437 0 0 0 0 0.000000 0
2 1016 784 0 0 0 0 0.000000 0
0 1 10 -1 -1 1
0 1 10 -1 -1 1
0 1 10 -1 -1 1
0
