arya                            
8 50 20 10 0 1
7 11 55 74 4 1 13
176 144 1 8 0 1
419 144 0 0 0 0
662 144 1 0 0 0
905 144 1 2 1 1
1148 144 1 7 0 1
1391 144 1 7 0 1
1634 144 1 0 0 0
55 214 1 8 1 1
298 214 1 0 0 0
541 214 1 0 0 0
784 214 0 0 0 0
1027 214 1 2 0 1
1270 214 1 7 1 1
1513 214 1 12 0 1
176 284 0 0 0 0
419 284 1 0 0 0
662 284 0 0 0 0
905 284 0 0 0 0
1148 284 0 0 0 0
1391 284 0 0 0 0
1634 284 0 0 0 0
55 354 0 0 0 0
298 354 1 1 0 1
541 354 0 0 0 0
784 354 0 0 0 0
1027 354 1 0 0 0
1270 354 0 0 0 0
1513 354 1 12 1 1
176 424 1 1 1 1
419 424 0 0 0 0
662 424 0 0 0 0
905 424 1 10 0 1
1148 424 0 0 0 0
1391 424 1 12 0 1
1634 424 0 0 0 0
55 494 1 0 0 1
298 494 0 0 0 0
541 494 1 4 1 1
784 494 1 10 0 1
1027 494 1 9 0 1
1270 494 0 0 0 0
1513 494 1 6 0 1
176 564 0 0 0 0
419 564 0 0 0 0
662 564 0 0 0 0
905 564 1 10 1 1
1148 564 1 9 1 1
1391 564 0 0 0 0
1634 564 1 6 1 1
55 634 1 0 1 1
298 634 0 0 0 0
541 634 0 0 0 0
784 634 1 10 0 1
1027 634 1 9 0 1
1270 634 0 0 0 0
1513 634 1 6 0 1
176 704 0 0 0 0
419 704 1 3 1 1
662 704 0 0 0 0
905 704 0 0 0 0
1148 704 1 9 0 1
1391 704 0 0 0 0
1634 704 1 6 0 1
55 774 0 0 0 0
298 774 1 3 0 1
541 774 1 3 0 1
784 774 1 11 0 1
1027 774 0 0 0 0
1270 774 0 0 0 0
1513 774 0 0 0 0
176 844 1 5 1 1
419 844 0 0 0 0
662 844 1 11 1 1
905 844 0 0 0 0
1148 844 0 0 0 0
1391 844 0 0 0 0
1634 844 1 0 0 0
0 2 10 0 0 0 0
0 7
0 5
1 2 10 0 0 0 0
0 4
1 3
2 2 10 0 0 0 0
3 0
4 1
3 3 10 0 0 0 0
1 8
1 9
2 9
4 1 10 0 0 0 0
2 5
10 1 20 0 0 0 0
0 10
10 4 20 0 0 0 0
6 6
6 7
6 5
6 8
10 3 20 0 0 0 0
5 1
5 0
4 0
10 2 20 0 0 0 0
0 1
0 0
10 4 20 0 0 0 0
4 6
4 7
4 5
4 8
10 4 20 0 0 0 0
3 6
3 7
3 5
3 4
10 2 20 0 0 0 0
2 10
3 9
10 3 20 0 0 0 0
6 3
6 1
5 4
0
0 1 10 -1 -1 1
0 1 10 -1 -1 1
0 1 10 -1 -1 1
0 1 10 -1 -1 1
0 1 10 -1 -1 1
0
