arya                            
8 50 20 10 0 1
7 10 111 131 2 1 11
232 201 0 0 0 0
475 201 0 0 0 0
718 201 1 1 1 1
961 201 1 0 0 0
1204 201 1 3 0 1
1447 201 0 0 0 0
1690 201 1 0 0 0
111 271 0 0 0 0
354 271 1 0 0 0
597 271 0 0 0 0
840 271 1 1 0 1
1083 271 1 0 0 0
1326 271 1 3 1 1
1569 271 1 0 0 0
232 341 0 0 0 0
475 341 1 4 0 1
718 341 0 0 0 0
961 341 0 0 0 0
1204 341 0 0 0 0
1447 341 1 3 0 1
1690 341 0 0 0 0
111 411 1 5 0 1
354 411 0 0 0 0
597 411 0 0 0 0
840 411 0 0 0 0
1083 411 1 0 0 0
1326 411 0 0 0 0
1569 411 0 0 0 0
232 481 1 5 1 1
475 481 1 4 1 1
718 481 1 9 0 1
961 481 1 0 0 0
1204 481 1 0 0 0
1447 481 1 10 1 1
1690 481 1 6 1 1
111 551 0 0 0 0
354 551 1 2 0 1
597 551 0 0 0 0
840 551 1 9 0 1
1083 551 0 0 0 0
1326 551 0 0 0 0
1569 551 0 0 0 0
232 621 1 2 0 1
475 621 1 2 0 1
718 621 1 9 1 1
961 621 0 0 0 0
1204 621 0 0 0 0
1447 621 0 0 0 0
1690 621 0 0 0 0
111 691 0 0 0 0
354 691 1 2 1 1
597 691 0 0 0 0
840 691 0 0 0 0
1083 691 1 0 0 1
1326 691 0 0 0 0
1569 691 0 0 0 0
232 761 0 0 0 0
475 761 0 0 0 0
718 761 0 0 0 0
961 761 1 0 1 1
1204 761 1 8 1 1
1447 761 1 7 1 1
1690 761 0 0 0 0
111 831 0 0 0 0
354 831 0 0 0 0
597 831 1 0 0 0
840 831 0 0 0 0
1083 831 1 0 0 1
1326 831 0 0 0 0
1569 831 1 7 0 1
0 3 20 0 0 0 0
3 8
4 9
4 7
2 2 -2 -3 34 0 0
2 0
3 1
1468 554 1495 566 1 1 1 1644498607 413142 0.000000 1 10
1481 519 1508 531 1 1 1 1644498607 413142 0.000000 1 10
1494 484 1521 496 1 1 1 1644498607 413142 0.000000 1 10
1468 554 1495 566 1 1 1 1644498607 413142 180000.000000 1 10
1481 519 1508 531 1 1 1 1644498607 413143 180000.000000 1 10
1494 484 1521 496 1 1 1 1644498607 413143 180000.000000 1 10
1468 554 1495 566 1 1 1 1644498607 413143 360000.000000 1 10
1481 519 1508 531 1 1 1 1644498607 413143 360000.000000 1 10
1494 484 1521 496 1 1 1 1644498607 413143 360000.000000 1 10
1468 554 1495 566 1 1 1 1644498607 413143 540000.000000 1 10
1481 519 1508 531 1 1 1 1644498607 413143 540000.000000 1 10
1494 484 1521 496 1 1 1 1644498607 413143 540000.000000 1 10
1468 554 1495 566 1 1 1 1644498607 413143 720000.000000 1 10
1481 519 1508 531 1 1 1 1644498607 413143 720000.000000 1 10
1494 484 1521 496 1 1 1 1644498608 25237 0.000000 1 10
775 289 1495 566 1 1 1 1644498613 259867 0.000000 1 10
788 254 1508 531 1 1 1 1644498613 259868 0.000000 1 10
1494 484 1521 496 1 1 1 1644498613 259868 0.000000 1 10
766 286 1495 566 1 1 1 1644498608 259868 180000.000000 1 10
779 251 1508 531 1 1 1 1644498608 259868 180000.000000 1 10
792 216 1521 496 1 1 1 1644498614 42729 0.000000 1 10
1468 554 1495 566 2 1 1 1644498615 28190 0.000000 1 10
1481 519 1508 531 2 1 1 1644498615 28191 0.000000 1 10
1494 484 1521 496 2 1 1 1644498615 28191 0.000000 1 10
1468 554 1495 566 2 1 1 1644498615 28191 180000.000000 1 10
1481 519 1508 531 2 1 1 1644498615 28191 180000.000000 1 10
1494 484 1521 496 2 1 1 1644498615 28191 180000.000000 1 10
1468 554 1495 566 2 1 1 1644498615 28191 360000.000000 1 10
1481 519 1508 531 2 1 1 1644498615 28191 360000.000000 1 10
1233 370 1521 496 2 0 1 1644498617 680631 0.000000 1 10
1207 440 1495 566 2 0 1 1644498617 680632 0.000000 1 10
1220 405 1508 531 2 0 1 1644498617 680632 0.000000 1 10
1188 350 1521 496 2 0 1 1644498617 680632 180000.000000 1 10
1030 344 1741 566 2 0 1 1644498618 362236 0.000000 1 6
2 4 2 0 24 0 0
1 7
1 6
1 5
0 6
801 310 819 286 2 1 1 1644498607 413145 0.000000 2 1
731 315 779 251 2 1 1 1644498607 413145 0.000000 2 1
721 240 739 216 2 1 1 1644498607 413145 0.000000 2 1
801 310 819 286 2 1 1 1644498607 413155 180000.000000 2 1
749 291 779 251 2 1 1 1644498607 413155 180000.000000 2 1
721 240 739 216 2 1 1 1644498607 413155 180000.000000 2 1
801 310 819 286 2 1 1 1644498607 413155 360000.000000 2 1
761 275 779 251 2 1 1 1644498607 413155 360000.000000 2 1
721 240 739 216 2 1 1 1644498607 413155 360000.000000 2 1
801 310 819 286 2 1 1 1644498607 413155 540000.000000 2 1
761 275 779 251 2 1 1 1644498607 413156 540000.000000 2 1
721 240 739 216 2 1 1 1644498607 413156 540000.000000 2 1
801 310 819 286 2 1 1 1644498607 413156 720000.000000 2 1
761 275 779 251 2 1 1 1644498607 413156 720000.000000 2 1
995 770 1026 776 2 1 1 1644498608 126483 0.000000 2 0
987 840 1018 846 2 1 1 1644498609 11062 0.000000 2 0
991 805 1022 811 2 1 1 1644498610 33525 0.000000 2 0
995 770 1026 776 2 1 1 1644498611 17122 0.000000 2 0
987 840 1018 846 2 1 1 1644498612 36659 0.000000 2 0
991 805 1022 811 2 1 1 1644498613 22886 0.000000 2 0
1471 496 1502 496 2 1 1 1644498615 28191 0.000000 2 10
1483 566 1514 566 2 1 1 1644498615 28191 0.000000 2 10
856 643 1508 531 2 0 1 1644498617 680632 0.000000 2 10
850 608 1502 496 2 0 1 1644498617 680632 0.000000 2 10
10 3 20 0 0 0 0
5 1
5 2
4 0
10 2 20 0 0 0 0
1 4
1 2
10 2 20 0 0 0 0
0 4
0 3
10 1 20 0 0 0 1
6 4
10 2 20 0 0 0 0
5 8
6 9
10 1 20 0 0 0 0
4 8
10 3 20 0 0 0 0
2 6
2 4
3 5
2 1 8 0 0 0 0
5 4
10
2 987 403 1 1 1644498608 193683 0.000000 1
2 1201 397 1 1 1644498616 83051 0.000000 1
2 833 773 0 0 0 0 0.000000 0
2 1420 419 0 0 0 0 0.000000 0
2 657 599 1 1 1644498613 293739 0.000000 2
2 1350 697 0 0 0 0 0.000000 0
2 1009 680 0 0 0 0 0.000000 0
2 1459 571 1 0 1644498618 734192 0.000000 2
2 1080 741 0 0 0 0 0.000000 0
2 506 735 0 0 0 0 0.000000 0
0 1 0 -1 -1 1
0 1 0 2 1 1
0 1 10 2 7 1
0
