arya                            
8 50 20 10 0 1
7 10 111 131 2 1 11
232 201 0 0 0 0
475 201 0 0 0 0
718 201 1 1 1 1
961 201 1 0 0 0
1204 201 1 3 0 1
1447 201 0 0 0 0
1690 201 1 0 0 0
111 271 0 0 0 0
354 271 1 0 0 0
597 271 0 0 0 0
840 271 1 1 0 1
1083 271 1 0 0 0
1326 271 1 3 1 1
1569 271 1 0 0 0
232 341 0 0 0 0
475 341 1 4 0 1
718 341 0 0 0 0
961 341 0 0 0 0
1204 341 0 0 0 0
1447 341 1 3 0 1
1690 341 0 0 0 0
111 411 1 5 0 1
354 411 0 0 0 0
597 411 0 0 0 0
840 411 0 0 0 0
1083 411 1 0 0 0
1326 411 0 0 0 0
1569 411 0 0 0 0
232 481 1 5 1 1
475 481 1 4 1 1
718 481 1 9 0 1
961 481 1 0 0 0
1204 481 1 0 0 0
1447 481 1 10 1 1
1690 481 1 6 1 1
111 551 0 0 0 0
354 551 1 2 0 1
597 551 0 0 0 0
840 551 1 9 0 1
1083 551 0 0 0 0
1326 551 0 0 0 0
1569 551 0 0 0 0
232 621 1 2 0 1
475 621 1 2 0 1
718 621 1 9 1 1
961 621 0 0 0 0
1204 621 0 0 0 0
1447 621 0 0 0 0
1690 621 0 0 0 0
111 691 0 0 0 0
354 691 1 2 1 1
597 691 0 0 0 0
840 691 0 0 0 0
1083 691 1 0 0 1
1326 691 0 0 0 0
1569 691 0 0 0 0
232 761 0 0 0 0
475 761 0 0 0 0
718 761 0 0 0 0
961 761 1 0 1 1
1204 761 1 8 1 1
1447 761 1 7 1 1
1690 761 0 0 0 0
111 831 0 0 0 0
354 831 0 0 0 0
597 831 1 0 0 0
840 831 0 0 0 0
1083 831 1 0 0 1
1326 831 0 0 0 0
1569 831 1 7 0 1
0 3 10 0 0 0 0
3 8
4 9
4 7
1 2 10 0 0 0 0
2 0
3 1
2 4 10 0 0 0 0
1 7
1 6
1 5
0 6
10 3 20 0 0 0 0
5 1
5 2
4 0
10 2 20 0 0 0 0
1 4
1 2
10 2 20 0 0 0 0
0 4
0 3
10 1 20 0 0 0 0
6 4
10 2 20 0 0 0 0
5 8
6 9
10 1 20 0 0 0 0
4 8
10 3 20 0 0 0 0
2 6
2 4
3 5
10 1 20 0 0 0 0
5 4
0
0 1 10 -1 -1 1
0 1 10 -1 -1 1
0 1 10 -1 -1 1
0
