arya
8 50 20 10 0 1
7 10 126 135 4 1 13
247 205 1 0 0 0
490 205 0 0 0 0
733 205 0 0 0 0
976 205 1 6 1 1
1219 205 1 0 0 0
1462 205 1 3 0 1
1705 205 1 4 0 1
126 275 1 5 0 1
369 275 1 0 0 0
612 275 1 7 1 1
855 275 1 6 0 1
1098 275 1 6 0 1
1341 275 0 0 0 0
1584 275 0 0 0 0
247 345 1 5 0 1
490 345 0 0 0 0
733 345 1 7 0 1
976 345 0 0 0 0
1219 345 0 0 0 0
1462 345 1 3 1 1
1705 345 1 4 1 1
126 415 1 5 1 1
369 415 0 0 0 0
612 415 0 0 0 0
855 415 1 9 1 1
1098 415 0 0 0 0
1341 415 0 0 0 0
1584 415 0 0 0 0
247 485 1 5 0 1
490 485 1 1 1 1
733 485 0 0 0 0
976 485 1 9 0 1
1219 485 1 11 1 1
1462 485 0 0 0 0
1705 485 0 0 0 0
126 555 0 0 0 0
369 555 1 1 0 1
612 555 1 1 0 1
855 555 1 9 0 1
1098 555 0 0 0 0
1341 555 0 0 0 0
1584 555 0 0 0 0
247 625 1 8 0 1
490 625 0 0 0 0
733 625 0 0 0 0
976 625 1 10 1 1
1219 625 0 0 0 0
1462 625 1 0 0 0
1705 625 1 0 0 0
126 695 1 8 0 1
369 695 1 8 0 1
612 695 0 0 0 0
855 695 0 0 0 0
1098 695 1 0 0 1
1341 695 0 0 0 0
1584 695 1 0 0 0
247 765 1 8 1 1
490 765 0 0 0 0
733 765 1 2 0 1
976 765 0 0 0 0
1219 765 1 0 1 1
1462 765 1 0 0 0
1705 765 1 0 0 0
126 835 1 8 0 1
369 835 1 8 0 1
612 835 1 12 1 1
855 835 1 2 1 1
1098 835 0 0 0 0
1341 835 0 0 0 0
1584 835 1 0 0 0
0 2 42 0 0 0 0
4 8
4 7
1 3 0 0 74 0 1
1 4
1 5
2 5
205 502 181 500 1 1 1 1644499774 14696 0.000000 1 5
211 467 187 465 1 1 1 1644499774 14697 0.000000 1 5
217 432 193 430 1 1 1 1644499774 14697 0.000000 1 5
205 502 181 500 1 1 1 1644499774 14697 180000.000000 1 5
211 467 187 465 1 1 1 1644499774 14697 180000.000000 1 5
217 432 193 430 1 1 1 1644499774 14697 180000.000000 1 5
205 502 181 500 1 1 1 1644499774 14697 360000.000000 1 5
211 467 187 465 1 1 1 1644499774 14697 360000.000000 1 5
217 432 193 430 1 1 1 1644499774 14697 360000.000000 1 5
205 502 181 500 1 1 1 1644499774 14697 540000.000000 1 5
211 467 187 465 1 1 1 1644499774 14697 540000.000000 1 5
217 432 193 430 1 1 1 1644499774 14697 540000.000000 1 5
205 502 181 500 1 1 1 1644499774 14698 720000.000000 1 5
211 467 187 465 1 1 1 1644499774 14698 720000.000000 1 5
217 432 193 430 1 1 1 1644499774 14698 720000.000000 1 5
205 502 181 500 1 1 1 1644499774 14698 900000.000000 1 5
211 467 187 465 1 1 1 1644499774 14698 900000.000000 1 5
217 432 193 430 1 1 1 1644499774 14698 900000.000000 1 5
205 502 181 500 1 1 1 1644499774 14698 1080000.000000 1 5
211 467 187 465 1 1 1 1644499774 14698 1080000.000000 1 5
217 432 193 430 1 1 1 1644499774 14698 1080000.000000 1 5
465 554 181 500 1 1 1 1644499774 14698 1260000.000000 1 5
211 467 187 465 1 1 1 1644499774 14698 1260000.000000 1 5
217 432 193 430 1 1 1 1644499774 14698 1260000.000000 1 5
518 570 883 920 2 1 1 1644499775 510705 0.000000 1 2
894 863 916 885 2 1 1 1644499775 510706 0.000000 1 2
927 828 949 850 2 1 1 1644499775 646045 0.000000 1 2
861 898 883 920 2 1 1 1644499775 646046 0.000000 1 2
894 863 916 885 2 1 1 1644499775 646046 0.000000 1 2
927 828 949 850 2 1 1 1644499775 815687 0.000000 1 2
861 898 883 920 2 1 1 1644499775 815688 0.000000 1 2
894 863 916 885 2 1 1 1644499775 815688 0.000000 1 2
927 828 949 850 2 1 1 1644499775 986972 0.000000 1 2
861 898 883 920 2 1 1 1644499775 986972 0.000000 1 2
894 863 916 885 2 1 1 1644499775 986972 0.000000 1 2
927 828 949 850 2 1 1 1644499776 21451 0.000000 1 2
861 898 883 920 2 1 1 1644499776 191081 0.000000 1 2
894 863 916 885 2 1 1 1644499776 191081 0.000000 1 2
927 828 949 850 2 1 1 1644499776 191081 0.000000 1 2
362 831 348 850 2 1 1 1644499776 362176 0.000000 1 8
322 796 308 815 2 1 1 1644499776 362176 0.000000 1 8
282 761 268 780 2 1 1 1644499776 362176 0.000000 1 8
362 831 348 850 2 1 1 1644499776 531178 0.000000 1 8
322 796 308 815 2 1 1 1644499776 531179 0.000000 1 8
282 761 268 780 2 1 1 1644499776 531179 0.000000 1 8
861 898 883 920 2 1 1 1644499776 733255 0.000000 1 2
894 863 916 885 2 1 1 1644499776 733255 0.000000 1 2
927 828 949 850 2 1 1 1644499776 733255 0.000000 1 2
861 898 883 920 2 1 1 1644499777 42071 0.000000 1 2
695 503 1523 395 2 1 1 1644499778 27415 0.000000 1 3
663 474 1518 360 2 1 1 1644499780 32444 0.000000 1 3
673 544 1528 430 2 1 1 1644499780 32445 0.000000 1 3
560 533 1766 395 2 1 1 1644499781 155003 0.000000 1 4
556 498 1762 360 2 1 1 1644499781 155003 0.000000 1 4
564 568 1770 430 2 1 1 1644499781 155003 0.000000 1 4
560 533 1766 395 2 1 1 1644499781 155004 180000.000000 1 4
600 488 1518 360 2 1 1 1644499781 731885 0.000000 1 3
610 558 1528 430 2 1 1 1644499781 731886 0.000000 1 3
1316 411 1523 395 2 1 1 1644499782 39130 0.000000 1 3
927 828 949 850 1 1 1 1644499782 956818 0.000000 1 2
861 898 883 920 1 1 1 1644499782 956819 0.000000 1 2
894 863 916 885 1 1 1 1644499782 956819 0.000000 1 2
927 828 949 850 1 1 1 1644499777 956819 180000.000000 1 2
861 898 883 920 1 1 1 1644499777 956819 180000.000000 1 2
1500 395 1523 395 1 1 1 1644499784 621845 0.000000 1 3
1495 360 1518 360 1 1 1 1644499784 621845 0.000000 1 3
1505 430 1528 430 1 1 1 1644499786 18212 0.000000 1 3
1500 395 1523 395 1 1 1 1644499786 18212 0.000000 1 3
1495 360 1518 360 1 1 1 1644499788 23728 0.000000 1 3
1505 430 1528 430 1 1 1 1644499788 23728 0.000000 1 3
1496 413 1766 395 1 0 1 1644499789 314856 0.000000 1 4
1294 400 1762 360 1 0 1 1644499790 63552 0.000000 1 4
422 751 348 850 1 0 1 1644499792 39124 0.000000 1 8
382 716 308 815 1 0 1 1644499792 39125 0.000000 1 8
1 2 0 0 61 0 0
3 9
2 8
539 591 518 570 2 1 1 1644499774 14699 0.000000 2 1
572 556 551 535 2 1 1 1644499774 14699 0.000000 2 1
605 521 584 500 2 1 1 1644499774 14699 0.000000 2 1
539 591 518 570 2 1 1 1644499774 14700 180000.000000 2 1
572 556 551 535 2 1 1 1644499774 14700 180000.000000 2 1
605 521 584 500 2 1 1 1644499774 14700 180000.000000 2 1
539 591 518 570 2 1 1 1644499774 14700 360000.000000 2 1
572 556 551 535 2 1 1 1644499774 14700 360000.000000 2 1
605 521 584 500 2 1 1 1644499774 14700 360000.000000 2 1
539 591 518 570 2 1 1 1644499774 14700 540000.000000 2 1
572 556 551 535 2 1 1 1644499774 14700 540000.000000 2 1
605 521 584 500 2 1 1 1644499774 14700 540000.000000 2 1
539 591 518 570 2 1 1 1644499774 14700 720000.000000 2 1
572 556 551 535 2 1 1 1644499774 14700 720000.000000 2 1
605 521 584 500 2 1 1 1644499774 14700 720000.000000 2 1
539 591 518 570 2 1 1 1644499774 14701 900000.000000 2 1
572 556 551 535 2 1 1 1644499774 14701 900000.000000 2 1
605 521 584 500 2 1 1 1644499774 14701 900000.000000 2 1
539 591 518 570 2 1 1 1644499774 14701 1080000.000000 2 1
572 556 551 535 2 1 1 1644499774 14701 1080000.000000 2 1
605 521 584 500 2 1 1 1644499774 14701 1080000.000000 2 1
539 591 518 570 2 1 1 1644499774 14701 1260000.000000 2 1
572 556 551 535 2 1 1 1644499774 14701 1260000.000000 2 1
605 521 584 500 2 1 1 1644499774 14701 1260000.000000 2 1
1676 477 1786 430 2 1 1 1644499775 646046 0.000000 2 4
1244 680 1766 395 2 1 1 1644499776 191082 0.000000 2 4
1236 554 1495 360 2 1 1 1644499777 312239 0.000000 2 3
1276 636 1551 430 2 1 1 1644499777 312239 0.000000 2 3
1208 631 1523 395 2 1 1 1644499777 312239 0.000000 2 3
1372 452 1495 360 2 1 1 1644499777 312239 180000.000000 2 3
1532 444 1551 430 2 1 1 1644499777 312239 180000.000000 2 3
1504 409 1523 395 2 1 1 1644499777 652451 0.000000 2 3
1476 374 1495 360 2 1 1 1644499777 652451 0.000000 2 3
1532 444 1551 430 2 1 1 1644499777 652451 0.000000 2 3
1504 409 1523 395 2 1 1 1644499777 652451 180000.000000 2 3
1476 374 1495 360 2 1 1 1644499777 652452 180000.000000 2 3
1532 444 1551 430 2 1 1 1644499777 652452 180000.000000 2 3
1504 409 1523 395 2 1 1 1644499778 27415 0.000000 2 3
1476 374 1495 360 2 1 1 1644499778 27415 0.000000 2 3
1508 462 1551 430 2 1 1 1644499778 27415 0.000000 2 3
1504 409 1523 395 2 1 1 1644499778 27415 180000.000000 2 3
1476 374 1495 360 2 1 1 1644499778 27415 180000.000000 2 3
1460 498 1551 430 2 1 1 1644499780 32445 0.000000 2 3
1440 457 1523 395 2 1 1 1644499780 32445 0.000000 2 3
1452 392 1495 360 2 1 1 1644499780 32445 0.000000 2 3
1476 486 1551 430 2 1 1 1644499780 32445 180000.000000 2 3
1472 433 1523 395 2 1 1 1644499780 32445 180000.000000 2 3
1436 404 1495 360 2 1 1 1644499780 32445 180000.000000 2 3
1757 441 1786 430 2 1 1 1644499781 155004 0.000000 2 4
1496 415 1523 395 2 1 1 1644499782 39130 0.000000 2 3
1476 374 1495 360 1 1 1 1644499784 621846 0.000000 2 3
1532 444 1551 430 1 1 1 1644499786 18212 0.000000 2 3
1504 409 1523 395 1 1 1 1644499786 18212 0.000000 2 3
1476 374 1495 360 1 1 1 1644499786 18212 0.000000 2 3
1532 444 1551 430 1 1 1 1644499786 18213 180000.000000 2 3
1504 409 1523 395 1 1 1 1644499788 23728 0.000000 2 3
1476 374 1495 360 1 1 1 1644499788 23729 0.000000 2 3
1757 441 1786 430 1 1 1 1644499789 314857 0.000000 2 4
1593 470 1766 395 1 0 1 1644499790 63553 0.000000 2 4
670 815 312 780 1 0 1 1644499792 39125 0.000000 2 8
662 885 304 850 1 0 1 1644499792 39125 0.000000 2 8
1 2 -1 -3 79 0 0
5 2
5 0
728 533 556 570 3 1 1 1644499774 14702 0.000000 3 1
753 492 551 535 3 1 1 1644499774 14702 0.000000 3 1
718 463 546 500 3 1 1 1644499774 14702 0.000000 3 1
578 563 556 570 3 1 1 1644499774 14702 180000.000000 3 1
573 528 551 535 3 1 1 1644499774 14702 180000.000000 3 1
568 493 546 500 3 1 1 1644499774 14702 180000.000000 3 1
618 555 556 570 3 1 1 1644499774 14702 360000.000000 3 1
613 520 551 535 3 1 1 1644499774 14702 360000.000000 3 1
608 485 546 500 3 1 1 1644499774 14702 360000.000000 3 1
578 563 556 570 3 1 1 1644499774 14703 540000.000000 3 1
613 520 551 535 3 1 1 1644499774 14703 540000.000000 3 1
568 493 546 500 3 1 1 1644499774 14703 540000.000000 3 1
1528 430 556 570 3 1 1 1644499774 14703 720000.000000 3 1
1523 395 551 535 3 1 1 1644499774 14703 720000.000000 3 1
1518 360 546 500 3 1 1 1644499774 14703 720000.000000 3 1
1528 430 556 570 3 1 1 1644499774 14703 900000.000000 3 1
1523 395 551 535 3 1 1 1644499774 14703 900000.000000 3 1
1518 360 546 500 3 1 1 1644499774 14703 900000.000000 3 1
1528 430 556 570 3 1 1 1644499774 14703 1080000.000000 3 1
1523 395 551 535 3 1 1 1644499774 14703 1080000.000000 3 1
1518 360 546 500 3 1 1 1644499774 14703 1080000.000000 3 1
668 545 556 570 3 1 1 1644499774 14703 1260000.000000 3 1
1453 402 551 535 3 1 1 1644499774 14704 1260000.000000 3 1
658 475 546 500 3 1 1 1644499774 14704 1260000.000000 3 1
1279 634 944 920 4 1 1 1644499775 477059 0.000000 3 2
1251 599 916 885 4 1 1 1644499775 477060 0.000000 3 2
1495 360 888 850 4 1 1 1644499775 477060 0.000000 3 2
1319 604 944 920 4 1 1 1644499775 477060 180000.000000 3 2
1291 569 916 885 4 1 1 1644499775 477060 180000.000000 3 2
1743 360 1766 360 4 1 1 1644499775 679553 0.000000 3 4
1743 430 1766 430 4 1 1 1644499775 679553 0.000000 3 4
1743 395 1766 395 4 1 1 1644499775 679553 0.000000 3 4
1743 360 1766 360 4 1 1 1644499775 815688 0.000000 3 4
1743 430 1766 430 4 1 1 1644499775 815689 0.000000 3 4
1743 395 1766 395 4 1 1 1644499775 815689 0.000000 3 4
1743 360 1766 360 4 1 1 1644499776 21452 0.000000 3 4
1703 430 1766 430 4 1 1 1644499776 21453 0.000000 3 4
1743 395 1766 395 4 1 1 1644499776 21453 0.000000 3 4
1743 360 1766 360 4 1 1 1644499776 21453 180000.000000 3 4
1523 430 1766 430 4 1 1 1644499777 42072 0.000000 3 4
1523 395 1766 395 4 1 1 1644499778 27416 0.000000 3 4
1523 360 1766 360 4 1 1 1644499779 12970 0.000000 3 4
1523 430 1766 430 4 1 1 1644499780 32446 0.000000 3 4
1603 395 1766 395 2 1 1 1644499780 609568 0.000000 3 4
1613 360 1766 360 2 1 1 1644499780 609568 0.000000 3 4
1603 430 1766 430 2 1 1 1644499780 609569 0.000000 3 4
1603 395 1766 395 2 1 1 1644499780 609569 180000.000000 3 4
1613 360 1766 360 2 1 1 1644499780 609569 180000.000000 3 4
1623 430 1766 430 2 1 1 1644499781 155004 0.000000 3 4
1623 395 1766 395 2 1 1 1644499781 155004 0.000000 3 4
1613 360 1766 360 2 1 1 1644499781 155004 0.000000 3 4
1498 433 556 570 4 1 1 1644499782 447417 0.000000 3 1
1503 397 551 535 4 1 1 1644499782 447418 0.000000 3 1
1478 364 546 500 4 1 1 1644499782 447418 0.000000 3 1
1528 430 556 570 4 1 1 1644499782 447418 180000.000000 3 1
1373 410 551 535 4 1 1 1644499782 447418 180000.000000 3 1
1743 360 1766 360 4 1 1 1644499782 785602 0.000000 3 4
1553 430 1766 430 4 1 1 1644499783 25084 0.000000 3 4
1523 395 1766 395 4 1 1 1644499779 12403 0.000000 3 4
1518 360 546 500 4 1 1 1644499781 51233 0.000000 3 1
1528 430 556 570 4 1 1 1644499781 51234 0.000000 3 1
1593 395 1766 395 1 1 1 1644499788 769505 0.000000 3 4
1593 360 1766 360 1 1 1 1644499788 769505 0.000000 3 4
1593 430 1766 430 1 1 1 1644499788 769506 0.000000 3 4
1593 395 1766 395 1 1 1 1644499788 769506 180000.000000 3 4
1743 360 1766 360 1 1 1 1644499789 314857 0.000000 3 4
1593 430 1766 430 1 1 1 1644499789 314857 0.000000 3 4
1743 395 1766 395 1 1 1 1644499789 314857 0.000000 3 4
1743 360 1766 360 1 1 1 1644499790 63553 0.000000 3 4
1743 430 1766 430 1 1 1 1644499790 63553 0.000000 3 4
1743 395 1766 395 1 1 1 1644499790 63553 0.000000 3 4
1261 435 296 780 1 0 1 1644499792 39125 0.000000 3 8
1285 505 320 850 1 0 1 1644499792 39126 0.000000 3 8
1273 470 308 815 1 0 1 1644499792 39126 0.000000 3 8
1311 420 296 780 1 0 1 1644499792 39126 180000.000000 3 8
1335 490 320 850 1 0 1 1644499792 39126 180000.000000 3 8
1323 455 308 815 1 0 1 1644499792 39126 180000.000000 3 8
1361 405 296 780 1 0 1 1644499792 39126 360000.000000 3 8
1385 475 320 850 1 0 1 1644499792 39126 360000.000000 3 8
1 2 0 -1 49 0 0
6 2
6 0
1556 430 1523 430 4 1 1 1644499774 14704 0.000000 4 3
1556 395 1523 395 4 1 1 1644499774 14704 0.000000 4 3
1556 360 1523 360 4 1 1 1644499774 14704 0.000000 4 3
1556 430 1523 430 4 1 1 1644499774 14704 180000.000000 4 3
1556 395 1523 395 4 1 1 1644499774 14704 180000.000000 4 3
1556 360 1523 360 4 1 1 1644499774 14705 180000.000000 4 3
1556 430 1523 430 4 1 1 1644499774 14705 360000.000000 4 3
1556 395 1523 395 4 1 1 1644499774 14705 360000.000000 4 3
1556 360 1523 360 4 1 1 1644499774 14705 360000.000000 4 3
1546 430 1523 430 4 1 1 1644499774 14705 540000.000000 4 3
1546 395 1523 395 4 1 1 1644499774 14705 540000.000000 4 3
1546 360 1523 360 4 1 1 1644499774 14705 540000.000000 4 3
1546 430 1523 430 4 1 1 1644499774 14705 720000.000000 4 3
1546 395 1523 395 4 1 1 1644499774 14705 720000.000000 4 3
1546 360 1523 360 4 1 1 1644499774 14705 720000.000000 4 3
1546 430 1523 430 4 1 1 1644499774 14705 900000.000000 4 3
1546 395 1523 395 4 1 1 1644499774 14705 900000.000000 4 3
1546 360 1523 360 4 1 1 1644499774 14705 900000.000000 4 3
1546 430 1523 430 4 1 1 1644499774 14705 1080000.000000 4 3
1546 395 1523 395 4 1 1 1644499774 14706 1080000.000000 4 3
1546 360 1523 360 4 1 1 1644499774 14706 1080000.000000 4 3
1546 430 1523 430 4 1 1 1644499774 14706 1260000.000000 4 3
1546 395 1523 395 4 1 1 1644499774 14706 1260000.000000 4 3
1546 360 1523 360 4 1 1 1644499774 14706 1260000.000000 4 3
1430 464 555 570 4 1 1 1644499775 477060 0.000000 4 1
1546 417 551 535 4 1 1 1644499776 21453 0.000000 4 1
1652 371 547 500 4 1 1 1644499776 563688 0.000000 4 1
1660 441 555 570 4 1 1 1644499776 563688 0.000000 4 1
1656 406 551 535 4 1 1 1644499776 563689 0.000000 4 1
1672 369 547 500 4 1 1 1644499771 563689 180000.000000 4 1
1680 439 555 570 4 1 1 1644499771 563689 180000.000000 4 1
1676 404 551 535 4 1 1 1644499771 563689 180000.000000 4 1
1672 369 547 500 4 1 1 1644499780 67628 0.000000 4 1
1500 457 555 570 4 1 1 1644499780 67628 0.000000 4 1
1486 423 551 535 4 1 1 1644499780 67628 0.000000 4 1
1672 369 547 500 4 1 1 1644499780 67629 180000.000000 4 1
1546 430 1523 430 4 1 1 1644499781 189226 0.000000 4 3
1546 395 1523 395 4 1 1 1644499781 189227 0.000000 4 3
1546 360 1523 360 4 1 1 1644499782 39131 0.000000 4 3
1650 442 555 570 4 1 1 1644499781 51234 0.000000 4 1
1646 407 551 535 4 1 1 1644499781 51234 0.000000 4 1
1642 372 547 500 4 1 1 1644499781 51234 0.000000 4 1
1650 442 555 570 4 1 1 1644499782 444745 0.000000 4 1
1646 407 551 535 4 1 1 1644499783 23726 0.000000 4 1
1766 360 1523 360 4 1 1 1644499788 975319 0.000000 4 3
1526 480 318 850 1 0 1 1644499792 39126 0.000000 4 8
1516 445 308 815 1 0 1 1644499792 39126 0.000000 4 8
1506 410 298 780 1 0 1 1644499792 39127 0.000000 4 8
1576 470 318 850 1 0 1 1644499792 39127 180000.000000 4 8
1 4 0 0 17 0 0
0 3
0 4
0 2
0 1
514 563 545 570 1 1 1 1644499780 67630 0.000000 5 1
520 528 551 535 1 1 1 1644499780 67630 0.000000 5 1
526 493 557 500 1 1 1 1644499780 67630 0.000000 5 1
514 563 545 570 1 1 1 1644499780 67630 180000.000000 5 1
520 528 551 535 1 1 1 1644499780 67630 180000.000000 5 1
1496 360 1522 360 1 1 1 1644499781 731887 0.000000 5 3
1498 430 1524 430 1 1 1 1644499782 39132 0.000000 5 3
1497 395 1523 395 1 1 1 1644499784 621846 0.000000 5 3
1496 360 1522 360 1 1 1 1644499784 621846 0.000000 5 3
1498 430 1524 430 1 1 1 1644499786 18213 0.000000 5 3
1497 395 1523 395 1 1 1 1644499786 18213 0.000000 5 3
1496 360 1522 360 1 1 1 1644499788 23729 0.000000 5 3
1498 430 1524 430 1 1 1 1644499788 23729 0.000000 5 3
1167 395 1766 395 1 0 1 1644499789 314858 0.000000 5 4
946 360 1765 360 1 0 1 1644499790 63554 0.000000 5 4
222 725 268 850 1 0 1 1644499792 39127 0.000000 5 8
262 690 308 815 1 0 1 1644499792 39127 0.000000 5 8
10 3 20 0 0 0 0
3 0
3 1
4 1
10 2 20 0 0 0 0
2 1
2 2
10 6 14 0 0 0 1
0 8
0 9
0 7
0 6
1 9
1 7
10 3 20 0 0 0 0
3 3
3 4
3 5
10 1 20 0 0 0 0
3 6
10 1 20 0 0 0 0
4 4
10 1 20 0 0 0 0
2 9
7
2 974 549 0 0 1644499718 93146 0.000000 1
2 1037 575 0 0 1644499724 315005 0.000000 3
2 614 387 1 1 1644499783 127565 0.000000 1
2 456 628 1 1 1644499776 665967 0.000000 2
2 898 526 0 0 1644499732 68339 0.000000 4
2 1304 432 1 0 1644499788 192416 0.000000 1
2 891 485 0 0 0 0 0.000000 0
0 1 0 -1 -1 1
0 1 10 2 5 1
0 1 0 -1 -1 1
0 1 0 -1 -1 1
0 1 0 -1 -1 1
0
