arya
8 50 20 10 0 1
7 10 126 135 4 1 13
247 205 1 0 0 0
490 205 0 0 0 0
733 205 0 0 0 0
976 205 1 6 1 1
1219 205 1 0 0 0
1462 205 1 3 0 1
1705 205 1 4 0 1
126 275 1 5 0 1
369 275 1 0 0 0
612 275 1 7 1 1
855 275 1 6 0 1
1098 275 1 6 0 1
1341 275 0 0 0 0
1584 275 0 0 0 0
247 345 1 5 0 1
490 345 0 0 0 0
733 345 1 7 0 1
976 345 0 0 0 0
1219 345 0 0 0 0
1462 345 1 3 1 1
1705 345 1 4 1 1
126 415 1 5 1 1
369 415 0 0 0 0
612 415 0 0 0 0
855 415 1 9 1 1
1098 415 0 0 0 0
1341 415 0 0 0 0
1584 415 0 0 0 0
247 485 1 5 0 1
490 485 1 1 1 1
733 485 0 0 0 0
976 485 1 9 0 1
1219 485 1 11 1 1
1462 485 0 0 0 0
1705 485 0 0 0 0
126 555 0 0 0 0
369 555 1 1 0 1
612 555 1 1 0 1
855 555 1 9 0 1
1098 555 0 0 0 0
1341 555 0 0 0 0
1584 555 0 0 0 0
247 625 1 8 0 1
490 625 0 0 0 0
733 625 0 0 0 0
976 625 1 10 1 1
1219 625 0 0 0 0
1462 625 1 0 0 0
1705 625 1 0 0 0
126 695 1 8 0 1
369 695 1 8 0 1
612 695 0 0 0 0
855 695 0 0 0 0
1098 695 1 0 0 1
1341 695 0 0 0 0
1584 695 1 0 0 0
247 765 1 8 1 1
490 765 0 0 0 0
733 765 1 2 0 1
976 765 0 0 0 0
1219 765 1 0 1 1
1462 765 1 0 0 0
1705 765 1 0 0 0
126 835 1 8 0 1
369 835 1 8 0 1
612 835 1 12 1 1
855 835 1 2 1 1
1098 835 0 0 0 0
1341 835 0 0 0 0
1584 835 1 0 0 0
0 2 42 0 0 0 0
4 8
4 7
2 3 1 0 50 0 1
1 4
1 5
2 5
1096 471 1528 430 1 1 1 1644499832 593735 0.000000 1 3
1091 436 1523 395 1 1 1 1644499832 593735 0.000000 1 3
1086 401 1518 360 1 1 1 1644499832 593735 0.000000 1 3
1051 476 1528 430 1 1 1 1644499832 593735 180000.000000 1 3
1046 441 1523 395 1 1 1 1644499832 593735 180000.000000 1 3
1041 406 1518 360 1 1 1 1644499832 593735 180000.000000 1 3
1006 481 1528 430 1 1 1 1644499832 593735 360000.000000 1 3
1352 407 1523 395 1 1 1 1644499832 593736 360000.000000 1 3
996 411 1518 360 1 1 1 1644499832 593736 360000.000000 1 3
1285 450 1528 430 1 1 1 1644499827 593736 540000.000000 1 3
1334 409 1523 395 1 1 1 1644499827 593736 540000.000000 1 3
1446 361 1518 360 1 1 1 1644499827 593736 540000.000000 1 3
1348 443 1528 430 1 1 1 1644499827 593736 720000.000000 1 3
1442 397 1523 395 1 1 1 1644499827 593736 720000.000000 1 3
1495 360 1518 360 1 1 1 1644499838 578699 0.000000 1 3
619 556 1528 430 1 1 1 1644499838 578699 0.000000 1 3
1397 402 1523 395 1 1 1 1644499838 578699 0.000000 1 3
1475 360 1518 360 1 1 1 1644499838 578699 180000.000000 1 3
592 562 1528 430 1 1 1 1644499838 578699 180000.000000 1 3
632 517 1523 395 1 1 1 1644499838 578700 180000.000000 1 3
920 821 949 850 2 1 1 1644499839 360927 0.000000 1 2
861 898 883 920 2 1 1 1644499839 360927 0.000000 1 2
894 863 916 885 2 1 1 1644499839 429120 0.000000 1 2
927 828 949 850 2 1 1 1644499839 429120 0.000000 1 2
861 898 883 920 2 1 1 1644499839 429120 0.000000 1 2
1271 438 1766 395 2 1 1 1644499839 498507 0.000000 1 4
1276 402 1762 360 2 1 1 1644499839 498507 0.000000 1 4
1248 476 1770 430 2 1 1 1644499839 498508 0.000000 1 4
1253 440 1766 395 2 1 1 1644499834 498508 180000.000000 1 4
1276 402 1762 360 2 1 1 1644499834 498508 180000.000000 1 4
861 898 883 920 2 1 1 1644499840 41721 0.000000 1 2
894 863 916 885 2 1 1 1644499841 27488 0.000000 1 2
927 828 949 850 2 1 1 1644499842 12738 0.000000 1 2
861 898 883 920 2 1 1 1644499843 33498 0.000000 1 2
894 863 916 885 2 1 1 1644499844 18762 0.000000 1 2
927 828 949 850 2 1 1 1644499845 42785 0.000000 1 2
861 898 883 920 2 1 1 1644499846 24942 0.000000 1 2
894 863 916 885 2 1 1 1644499847 11424 0.000000 1 2
927 828 949 850 2 1 1 1644499849 799620 0.000000 1 2
861 898 883 920 2 1 1 1644499849 799620 0.000000 1 2
894 863 916 885 2 1 1 1644499850 38780 0.000000 1 2
927 828 949 850 2 1 1 1644499851 23157 0.000000 1 2
1505 430 1528 430 2 1 1 1644499853 29473 0.000000 1 3
1500 395 1523 395 2 1 1 1644499853 29473 0.000000 1 3
1734 360 1762 360 2 1 1 1644499854 15768 0.000000 1 4
1035 298 1057 290 2 1 1 1644499855 69534 0.000000 1 6
1015 263 1037 255 2 1 1 1644499856 597862 0.000000 1 6
995 228 1017 220 2 1 1 1644499857 449434 0.000000 1 6
205 502 181 500 2 1 1 1644499859 19775 0.000000 1 5
211 467 187 465 2 1 1 1644499859 19775 0.000000 1 5
2 2 1 0 64 0 0
3 9
2 8
539 591 518 570 2 1 1 1644499832 593736 0.000000 2 1
620 603 551 535 2 1 1 1644499832 593736 0.000000 2 1
669 584 584 500 2 1 1 1644499832 593736 0.000000 2 1
539 591 518 570 2 1 1 1644499832 593737 180000.000000 2 1
572 556 551 535 2 1 1 1644499832 593737 180000.000000 2 1
653 568 584 500 2 1 1 1644499832 593737 180000.000000 2 1
539 591 518 570 2 1 1 1644499832 593737 360000.000000 2 1
572 556 551 535 2 1 1 1644499832 593737 360000.000000 2 1
605 521 584 500 2 1 1 1644499832 593737 360000.000000 2 1
539 591 518 570 2 1 1 1644499827 593737 540000.000000 2 1
572 556 551 535 2 1 1 1644499827 593737 540000.000000 2 1
605 521 584 500 2 1 1 1644499827 593737 540000.000000 2 1
539 591 518 570 2 1 1 1644499827 593737 720000.000000 2 1
572 556 551 535 2 1 1 1644499827 593737 720000.000000 2 1
1124 638 1495 360 2 1 1 1644499838 578700 0.000000 2 3
1180 708 1551 430 2 1 1 1644499838 578700 0.000000 2 3
1152 673 1523 395 2 1 1 1644499838 578700 0.000000 2 3
1084 668 1495 360 2 1 1 1644499838 578700 180000.000000 2 3
1140 738 1551 430 2 1 1 1644499838 578700 180000.000000 2 3
1112 703 1523 395 2 1 1 1644499838 578700 180000.000000 2 3
952 815 1746 360 2 1 1 1644499839 429121 0.000000 2 4
944 920 1551 430 2 1 1 1644499846 24943 0.000000 2 3
916 885 1523 395 2 1 1 1644499846 24943 0.000000 2 3
888 850 1495 360 2 1 1 1644499846 24943 0.000000 2 3
944 920 1551 430 2 1 1 1644499846 24943 180000.000000 2 3
1504 409 1523 395 4 1 1 1644499847 184246 0.000000 2 3
1476 374 1495 360 4 1 1 1644499847 184247 0.000000 2 3
1532 444 1551 430 4 1 1 1644499847 351094 0.000000 2 3
1504 409 1523 395 4 1 1 1644499848 31562 0.000000 2 3
1300 506 1495 360 4 1 1 1644499849 17045 0.000000 2 3
1532 444 1551 430 4 1 1 1644499849 289991 0.000000 2 3
1504 409 1523 395 4 1 1 1644499849 900782 0.000000 2 3
1436 404 1495 360 4 1 1 1644499849 900782 0.000000 2 3
1532 444 1551 430 4 1 1 1644499849 900782 0.000000 2 3
1504 409 1523 395 4 1 1 1644499850 38778 0.000000 2 3
888 850 1495 360 4 1 1 1644499851 23155 0.000000 2 3
1500 468 1551 430 2 1 1 1644499851 91268 0.000000 2 3
1488 421 1523 395 2 1 1 1644499851 91268 0.000000 2 3
1476 374 1495 360 2 1 1 1644499851 91268 0.000000 2 3
1532 444 1551 430 2 1 1 1644499851 91268 180000.000000 2 3
1496 415 1523 395 2 1 1 1644499851 91268 180000.000000 2 3
1476 374 1495 360 2 1 1 1644499851 396959 0.000000 2 3
1532 444 1551 430 2 1 1 1644499851 396960 0.000000 2 3
1504 409 1523 395 2 1 1 1644499851 396960 0.000000 2 3
1476 374 1495 360 2 1 1 1644499851 396960 180000.000000 2 3
1532 444 1551 430 2 1 1 1644499851 396960 180000.000000 2 3
1504 409 1523 395 2 1 1 1644499851 396960 180000.000000 2 3
1476 374 1495 360 2 1 1 1644499846 396960 360000.000000 2 3
1532 444 1551 430 2 1 1 1644499846 396960 360000.000000 2 3
1504 409 1523 395 2 1 1 1644499851 465661 0.000000 2 3
1476 374 1495 360 2 1 1 1644499851 465661 0.000000 2 3
1532 444 1551 430 2 1 1 1644499851 465662 0.000000 2 3
1504 409 1523 395 2 1 1 1644499846 465662 180000.000000 2 3
1476 374 1495 360 2 1 1 1644499846 465662 180000.000000 2 3
1452 504 1551 430 2 1 1 1644499853 29480 0.000000 2 3
1504 409 1523 395 2 1 1 1644499853 29480 0.000000 2 3
1476 374 1495 360 2 1 1 1644499853 29480 0.000000 2 3
1532 444 1551 430 2 1 1 1644499853 29480 180000.000000 2 3
1737 406 1766 395 2 1 1 1644499854 15768 0.000000 2 4
988 250 997 220 2 1 1 1644499855 69535 0.000000 2 6
1068 320 1077 290 2 1 1 1644499856 597862 0.000000 2 6
1028 285 1037 255 2 1 1 1644499857 449434 0.000000 2 6
594 653 207 430 2 0 1 1644499859 19775 0.000000 2 5
554 723 167 500 2 0 1 1644499859 19776 0.000000 2 5
2 2 -1 -2 74 0 0
5 2
5 0
1053 295 1027 290 3 1 1 1644499832 593733 0.000000 3 6
1063 260 1037 255 3 1 1 1644499832 593733 0.000000 3 6
1073 225 1047 220 3 1 1 1644499832 593733 0.000000 3 6
1053 295 1027 290 3 1 1 1644499832 593733 180000.000000 3 6
1063 260 1037 255 3 1 1 1644499832 593733 180000.000000 3 6
1073 225 1047 220 3 1 1 1644499832 593733 180000.000000 3 6
1053 295 1027 290 3 1 1 1644499832 593733 360000.000000 3 6
1063 260 1037 255 3 1 1 1644499832 593733 360000.000000 3 6
1073 225 1047 220 3 1 1 1644499832 593733 360000.000000 3 6
1053 295 1027 290 3 1 1 1644499827 593734 540000.000000 3 6
1063 260 1037 255 3 1 1 1644499827 593734 540000.000000 3 6
1073 225 1047 220 3 1 1 1644499827 593734 540000.000000 3 6
1053 295 1027 290 3 1 1 1644499827 593734 720000.000000 3 6
1063 260 1037 255 3 1 1 1644499827 593734 720000.000000 3 6
1138 398 546 500 4 1 1 1644499838 782594 0.000000 3 1
1148 468 556 570 4 1 1 1644499838 782595 0.000000 3 1
1143 433 551 535 4 1 1 1644499838 782595 0.000000 3 1
1098 402 546 500 4 1 1 1644499838 782595 180000.000000 3 1
1108 472 556 570 4 1 1 1644499838 782595 180000.000000 3 1
1103 437 551 535 4 1 1 1644499838 782595 180000.000000 3 1
1048 407 546 500 4 1 1 1644499838 782595 360000.000000 3 1
1058 477 556 570 4 1 1 1644499838 782595 360000.000000 3 1
1195 641 916 885 4 1 1 1644499839 326910 0.000000 3 2
1167 606 888 850 4 1 1 1644499839 326910 0.000000 3 2
1223 676 944 920 4 1 1 1644499839 326910 0.000000 3 2
1155 671 916 885 4 1 1 1644499839 326910 180000.000000 3 2
1743 360 1766 360 4 1 1 1644499839 498509 0.000000 3 4
1743 430 1766 430 4 1 1 1644499839 498509 0.000000 3 4
1743 395 1766 395 4 1 1 1644499839 498509 0.000000 3 4
1743 360 1766 360 4 1 1 1644499840 41722 0.000000 3 4
964 897 944 920 4 1 1 1644499844 18764 0.000000 3 2
936 862 916 885 4 1 1 1644499844 18764 0.000000 3 2
908 827 888 850 4 1 1 1644499844 18764 0.000000 3 2
964 897 944 920 4 1 1 1644499844 18764 180000.000000 3 2
1743 395 1766 395 4 1 1 1644499845 42786 0.000000 3 4
908 827 888 850 4 1 1 1644499846 738758 0.000000 3 2
1743 430 1766 430 4 1 1 1644499849 799618 0.000000 3 4
1743 395 1766 395 4 1 1 1644499849 799618 0.000000 3 4
1743 360 1766 360 4 1 1 1644499849 799618 0.000000 3 4
1743 430 1766 430 4 1 1 1644499849 799618 180000.000000 3 4
1743 395 1766 395 4 1 1 1644499849 799618 180000.000000 3 4
1743 360 1766 360 4 1 1 1644499849 934745 0.000000 3 4
1743 430 1766 430 4 1 1 1644499850 38779 0.000000 3 4
1743 395 1766 395 4 1 1 1644499850 613591 0.000000 3 4
1743 360 1766 360 4 1 1 1644499851 23156 0.000000 3 4
1743 430 1766 430 4 1 1 1644499851 872433 0.000000 3 4
1743 395 1766 395 4 1 1 1644499852 42900 0.000000 3 4
1743 360 1766 360 4 1 1 1644499852 485242 0.000000 3 4
1523 430 1766 430 4 1 1 1644499852 619928 0.000000 3 4
1523 395 1766 395 4 1 1 1644499853 29481 0.000000 3 4
1623 360 1766 360 2 1 1 1644499854 15768 0.000000 3 4
1623 430 1766 430 2 1 1 1644499854 15768 0.000000 3 4
1603 395 1766 395 2 1 1 1644499854 15768 0.000000 3 4
1743 360 1766 360 2 1 1 1644499854 15768 180000.000000 3 4
1653 430 1766 430 2 1 1 1644499854 152128 0.000000 3 4
1743 395 1766 395 2 1 1 1644499854 152129 0.000000 3 4
1743 360 1766 360 2 1 1 1644499854 152129 0.000000 3 4
1743 430 1766 430 2 1 1 1644499854 152129 180000.000000 3 4
1743 395 1766 395 2 1 1 1644499854 152129 180000.000000 3 4
1743 360 1766 360 2 1 1 1644499854 152129 180000.000000 3 4
1743 430 1766 430 2 1 1 1644499854 185509 0.000000 3 4
1743 395 1766 395 2 1 1 1644499854 185509 0.000000 3 4
1743 360 1766 360 2 1 1 1644499854 185509 0.000000 3 4
1743 430 1766 430 2 1 1 1644499854 185509 180000.000000 3 4
1063 260 1037 255 2 1 1 1644499855 69535 0.000000 3 6
1073 225 1047 220 2 1 1 1644499856 597862 0.000000 3 6
1053 295 1027 290 2 1 1 1644499856 597862 0.000000 3 6
1063 260 1037 255 2 1 1 1644499856 597862 0.000000 3 6
1073 225 1047 220 2 1 1 1644499856 597862 180000.000000 3 6
1053 295 1027 290 2 1 1 1644499851 597862 180000.000000 3 6
1063 260 1037 255 2 1 1 1644499851 597863 180000.000000 3 6
1073 225 1047 220 2 1 1 1644499857 449434 0.000000 3 6
1144 430 188 500 2 0 1 1644499859 19776 0.000000 3 5
1143 395 187 465 2 0 1 1644499859 19776 0.000000 3 5
2 2 0 -1 69 0 0
6 2
6 0
1546 430 1523 430 4 1 1 1644499832 593738 0.000000 4 3
1546 395 1523 395 4 1 1 1644499832 593738 0.000000 4 3
1546 360 1523 360 4 1 1 1644499832 593738 0.000000 4 3
1546 430 1523 430 4 1 1 1644499832 593738 180000.000000 4 3
1546 395 1523 395 4 1 1 1644499832 593738 180000.000000 4 3
1546 360 1523 360 4 1 1 1644499832 593738 180000.000000 4 3
1546 430 1523 430 4 1 1 1644499832 593738 360000.000000 4 3
1546 395 1523 395 4 1 1 1644499832 593738 360000.000000 4 3
1546 360 1523 360 4 1 1 1644499832 593738 360000.000000 4 3
1546 430 1523 430 4 1 1 1644499827 593738 540000.000000 4 3
1546 395 1523 395 4 1 1 1644499827 593739 540000.000000 4 3
1546 360 1523 360 4 1 1 1644499827 593739 540000.000000 4 3
1546 430 1523 430 4 1 1 1644499827 593739 720000.000000 4 3
1546 395 1523 395 4 1 1 1644499827 593739 720000.000000 4 3
1546 360 1523 360 4 1 1 1644499838 578701 0.000000 4 3
1546 430 1523 430 4 1 1 1644499838 578701 0.000000 4 3
1546 395 1523 395 4 1 1 1644499838 578701 0.000000 4 3
1546 360 1523 360 4 1 1 1644499838 578701 180000.000000 4 3
1546 430 1523 430 4 1 1 1644499838 578701 180000.000000 4 3
1546 395 1523 395 4 1 1 1644499838 578701 180000.000000 4 3
1161 684 896 850 4 1 1 1644499839 326911 0.000000 4 2
958 903 936 920 4 1 1 1644499840 788709 0.000000 4 2
1010 814 916 885 4 1 1 1644499840 788709 0.000000 4 2
1134 699 896 850 4 1 1 1644499840 788709 0.000000 4 2
958 903 936 920 4 1 1 1644499840 788709 180000.000000 4 2
938 868 916 885 4 1 1 1644499840 788709 180000.000000 4 2
918 833 896 850 4 1 1 1644499844 18764 0.000000 4 2
958 903 936 920 4 1 1 1644499844 18764 0.000000 4 2
938 868 916 885 4 1 1 1644499844 18764 0.000000 4 2
918 833 896 850 4 1 1 1644499844 18765 180000.000000 4 2
958 903 936 920 4 1 1 1644499846 738758 0.000000 4 2
938 868 916 885 4 1 1 1644499846 738758 0.000000 4 2
918 833 896 850 4 1 1 1644499846 738758 0.000000 4 2
1400 467 555 570 4 1 1 1644499849 799619 0.000000 4 1
1406 431 551 535 4 1 1 1644499849 799619 0.000000 4 1
1392 397 547 500 4 1 1 1644499849 799619 0.000000 4 1
1300 477 555 570 4 1 1 1644499850 545707 0.000000 4 1
1496 422 551 535 4 1 1 1644499850 545707 0.000000 4 1
1492 387 547 500 4 1 1 1644499850 545707 0.000000 4 1
1310 476 555 570 4 1 1 1644499850 545707 180000.000000 4 1
1316 440 551 535 4 1 1 1644499850 784544 0.000000 4 1
1452 391 547 500 4 1 1 1644499850 784544 0.000000 4 1
1300 477 555 570 4 1 1 1644499850 784545 0.000000 4 1
1316 440 551 535 4 1 1 1644499850 784545 180000.000000 4 1
1542 382 547 500 4 1 1 1644499851 872434 0.000000 4 1
1550 452 555 570 4 1 1 1644499851 872434 0.000000 4 1
1546 417 551 535 4 1 1 1644499851 872434 0.000000 4 1
1661 396 658 850 4 1 1 1644499853 947264 0.000000 4 12
1491 546 688 920 4 1 1 1644499853 947271 0.000000 4 12
1676 431 673 885 4 1 1 1644499854 15767 0.000000 4 12
1671 392 658 850 4 1 1 1644499854 83083 0.000000 4 12
1691 466 688 920 4 1 1 1644499854 252486 0.000000 4 12
1766 395 673 885 4 1 1 1644499854 557904 0.000000 4 12
1072 222 1043 220 2 1 1 1644499855 69535 0.000000 4 6
1060 292 1031 290 2 1 1 1644499855 69535 0.000000 4 6
1066 257 1037 255 2 1 1 1644499855 69535 0.000000 4 6
1072 222 1043 220 2 1 1 1644499850 69535 180000.000000 4 6
1060 292 1031 290 2 1 1 1644499850 69535 180000.000000 4 6
1066 257 1037 255 2 1 1 1644499850 69536 180000.000000 4 6
1072 222 1043 220 2 1 1 1644499850 69536 360000.000000 4 6
1060 292 1031 290 2 1 1 1644499850 69536 360000.000000 4 6
1066 257 1037 255 2 1 1 1644499850 69536 360000.000000 4 6
1072 222 1043 220 2 1 1 1644499856 597863 0.000000 4 6
1060 292 1031 290 2 1 1 1644499856 597863 0.000000 4 6
1066 257 1037 255 2 1 1 1644499857 449434 0.000000 4 6
1072 222 1043 220 2 1 1 1644499857 449434 0.000000 4 6
1387 430 188 500 2 0 1 1644499859 19776 0.000000 4 5
1386 395 187 465 2 0 1 1644499859 19776 0.000000 4 5
1385 360 186 430 2 0 1 1644499859 19776 0.000000 4 5
10 4 18 0 0 0 1
0 3
0 4
0 2
0 1
2 3 5 0 19 0 0
3 0
3 1
4 1
665 366 195 500 2 0 1 1644499859 19776 0.000000 6 5
657 331 187 465 2 0 1 1644499859 19776 0.000000 6 5
649 296 179 430 2 0 1 1644499859 19776 0.000000 6 5
715 356 195 500 2 0 1 1644499859 19777 180000.000000 6 5
707 321 187 465 2 0 1 1644499859 19777 180000.000000 6 5
699 286 179 430 2 0 1 1644499859 19777 180000.000000 6 5
765 346 195 500 2 0 1 1644499859 19777 360000.000000 6 5
757 311 187 465 2 0 1 1644499859 19777 360000.000000 6 5
749 276 179 430 2 0 1 1644499859 19777 360000.000000 6 5
825 334 195 500 2 0 1 1644499859 19777 540000.000000 6 5
817 299 187 465 2 0 1 1644499859 19777 540000.000000 6 5
809 264 179 430 2 0 1 1644499859 19777 540000.000000 6 5
875 324 195 500 2 0 1 1644499859 19777 720000.000000 6 5
867 289 187 465 2 0 1 1644499859 19777 720000.000000 6 5
859 254 179 430 2 0 1 1644499859 19777 720000.000000 6 5
925 314 195 500 2 0 1 1644499859 19777 900000.000000 6 5
917 279 187 465 2 0 1 1644499859 19778 900000.000000 6 5
909 244 179 430 2 0 1 1644499859 19778 900000.000000 6 5
975 304 195 500 2 0 1 1644499859 19778 1080000.000000 6 5
10 2 20 0 0 0 0
2 1
2 2
10 6 20 0 0 0 0
0 8
0 9
0 7
0 6
1 9
1 7
10 3 20 0 0 0 0
3 3
3 4
3 5
10 1 20 0 0 0 0
3 6
10 1 20 0 0 0 0
4 4
10 1 20 0 0 0 1
2 9
9
2 249 631 0 0 1644499808 349938 0.000000 1
2 1348 328 1 1 1644499833 3703 0.000000 3
2 1445 423 1 1 1644499839 666594 0.000000 4
2 1391 454 1 1 1644499844 731804 0.000000 4
2 1163 496 1 1 1644499851 633992 0.000000 2
2 402 817 0 0 0 0 0.000000 0
2 1459 516 1 1 1644499855 171631 0.000000 4
2 1163 731 0 0 0 0 0.000000 0
2 1591 379 1 0 1644499856 803206 0.000000 2
0 1 0 -1 -1 1
0 1 0 -1 -1 1
0 1 10 2 8 1
0 1 0 -1 -1 1
0 1 0 2 6 1
0
