arya                            
8 50 20 10 0 1
7 11 19 83 4 1 13
140 153 0 0 0 0
383 153 0 0 0 0
626 153 0 0 0 0
869 153 0 7 0 0
1112 153 0 9 1 0
1355 153 0 11 1 0
1598 153 1 4 1 1
19 223 0 0 1 0
262 223 0 3 0 0
505 223 1 6 1 1
748 223 1 2 0 1
991 223 1 1 0 1
1234 223 0 0 0 0
1477 223 0 8 0 0
140 293 0 0 0 0
383 293 0 3 0 0
626 293 0 6 1 0
869 293 1 2 1 1
1112 293 1 1 1 1
1355 293 1 8 1 1
1598 293 0 0 0 0
19 363 1 0 0 0
262 363 0 3 1 0
505 363 0 0 0 0
748 363 0 6 0 0
991 363 0 0 0 0
1234 363 1 1 0 1
1477 363 1 8 0 1
140 433 0 0 0 0
383 433 1 0 0 0
626 433 0 6 0 0
869 433 0 2 0 0
1112 433 1 1 0 1
1355 433 0 0 0 0
1598 433 0 0 0 0
19 503 1 10 0 1
262 503 0 3 0 0
505 503 0 0 0 0
748 503 1 0 0 0
991 503 1 5 1 1
1234 503 1 9 1 1
1477 503 0 10 0 0
140 573 0 5 1 0
383 573 0 0 0 0
626 573 0 0 0 0
869 573 0 0 0 0
1112 573 0 2 0 0
1355 573 1 9 0 1
1598 573 1 3 1 1
19 643 1 10 1 1
262 643 0 0 0 0
505 643 0 4 1 0
748 643 0 0 0 0
991 643 0 2 0 0
1234 643 0 0 0 0
1477 643 0 0 0 0
140 713 0 0 0 0
383 713 0 0 0 0
626 713 1 11 1 1
869 713 1 7 1 1
1112 713 1 12 0 1
1355 713 0 1 1 0
1598 713 1 3 1 1
19 783 0 0 0 0
262 783 0 0 0 0
505 783 0 0 0 0
748 783 0 0 0 0
991 783 1 7 0 1
1234 783 0 0 0 0
1477 783 1 3 0 1
140 853 0 0 0 0
383 853 1 0 1 1
626 853 0 0 0 0
869 853 0 0 0 0
1112 853 1 12 1 1
1355 853 0 0 0 0
1598 853 0 0 0 0
0 1 47 0 0 0 0
1 10
3 4 2 0 68 0 0
4 2
4 1
4 4
5 3
1393 378 1416 378 1 1 1 1644500233 43477 0.000000 1 8
1393 343 1416 343 1 1 1 1644500233 43478 0.000000 1 8
1393 308 1416 308 1 1 1 1644500233 43478 0.000000 1 8
1393 378 1416 378 1 1 1 1644500233 43478 180000.000000 1 8
1393 343 1416 343 1 1 1 1644500233 43478 180000.000000 1 8
1373 308 1416 308 1 1 1 1644500233 43478 180000.000000 1 8
1393 378 1416 378 1 1 1 1644500233 43479 360000.000000 1 8
1383 343 1416 343 1 1 1 1644500233 43479 360000.000000 1 8
1343 308 1416 308 1 1 1 1644500233 43479 360000.000000 1 8
1393 378 1416 378 1 1 1 1644500233 43479 540000.000000 1 8
1383 343 1416 343 1 1 1 1644500233 43479 540000.000000 1 8
1333 308 1416 308 1 1 1 1644500233 43479 540000.000000 1 8
1173 378 1416 378 1 1 1 1644500233 43479 720000.000000 1 8
1173 343 1416 343 1 1 1 1644500233 43479 720000.000000 1 8
1173 308 1416 308 1 1 1 1644500233 43479 720000.000000 1 8
1173 378 1416 378 1 1 1 1644500233 43480 900000.000000 1 8
1173 343 1416 343 1 1 1 1644500233 43480 900000.000000 1 8
1173 308 1416 308 1 1 1 1644500233 43480 900000.000000 1 8
1173 378 1416 378 1 1 1 1644500233 43480 1080000.000000 1 8
1173 343 1416 343 1 1 1 1644500233 43480 1080000.000000 1 8
1173 308 1416 308 1 1 1 1644500233 43480 1080000.000000 1 8
1273 378 1416 378 1 1 1 1644500233 43480 1260000.000000 1 8
1243 343 1416 343 1 1 1 1644500233 43480 1260000.000000 1 8
1233 308 1416 308 1 1 1 1644500233 43480 1260000.000000 1 8
1192 420 1629 798 2 1 1 1644500234 506405 0.000000 1 3
1222 385 1659 763 2 1 1 1644500234 506406 0.000000 1 3
1203 308 1689 728 2 1 1 1644500234 506406 0.000000 1 3
1192 420 1629 798 2 1 1 1644500234 506406 180000.000000 1 3
1208 373 1659 763 2 1 1 1644500234 506406 180000.000000 1 3
1203 308 1689 728 2 1 1 1644500234 847878 0.000000 1 3
1192 420 1629 798 2 1 1 1644500234 847879 0.000000 1 3
1201 367 1659 763 2 1 1 1644500234 847879 0.000000 1 3
1203 308 1689 728 2 1 1 1644500234 847879 180000.000000 1 3
1178 408 1629 798 2 1 1 1644500234 847879 180000.000000 1 3
1180 349 1659 763 3 1 1 1644500235 526980 0.000000 1 3
1203 308 1689 728 3 1 1 1644500235 730122 0.000000 1 3
1612 781 1629 798 3 1 1 1644500235 899282 0.000000 1 3
1642 746 1659 763 3 1 1 1644500236 34665 0.000000 1 3
1672 711 1689 728 3 1 1 1644500236 69152 0.000000 1 3
1612 781 1629 798 3 1 1 1644500236 69152 0.000000 1 3
1642 746 1659 763 3 1 1 1644500236 69152 0.000000 1 3
1672 711 1689 728 3 1 1 1644500236 271802 0.000000 1 3
1612 781 1629 798 3 1 1 1644500236 271802 0.000000 1 3
1642 746 1659 763 3 1 1 1644500236 271802 0.000000 1 3
1672 711 1689 728 3 1 1 1644500237 22464 0.000000 1 3
1612 781 1629 798 3 1 1 1644500238 41550 0.000000 1 3
1133 343 930 343 4 1 1 1644500238 619011 0.000000 1 2
1153 308 930 308 4 1 1 1644500238 619011 0.000000 1 2
953 378 930 378 4 1 1 1644500238 619012 0.000000 1 2
953 343 930 343 4 1 1 1644500240 47793 0.000000 1 2
953 308 930 308 4 1 1 1644500240 47794 0.000000 1 2
1013 378 930 378 4 1 1 1644500240 47794 0.000000 1 2
1053 343 930 343 4 1 1 1644500241 33854 0.000000 1 2
953 308 930 308 3 1 1 1644500241 951399 0.000000 1 2
953 378 930 378 3 1 1 1644500242 20165 0.000000 1 2
1628 209 1659 203 3 1 1 1644500243 821242 0.000000 1 4
1618 174 1649 168 3 1 1 1644500243 821242 0.000000 1 4
1393 378 1416 378 3 1 1 1644500246 31014 0.000000 1 8
1393 343 1416 343 3 1 1 1644500246 31014 0.000000 1 8
1393 308 1416 308 3 1 1 1644500246 31015 0.000000 1 8
1100 570 1092 588 3 1 1 1644500250 44470 0.000000 1 5
1060 535 1052 553 3 1 1 1644500250 44471 0.000000 1 5
1020 500 1012 518 3 1 1 1644500250 44471 0.000000 1 5
1104 562 1092 588 3 1 1 1644500250 44471 180000.000000 1 5
1063 530 1052 553 3 1 1 1644500251 233435 0.000000 1 5
597 240 570 238 3 1 1 1644500254 21558 0.000000 1 6
589 310 562 308 3 1 1 1644500254 21559 0.000000 1 6
593 275 566 273 3 1 1 1644500254 21559 0.000000 1 6
3 2 2 0 50 0 0
3 2
3 1
1140 378 1173 378 2 1 1 1644500233 43481 0.000000 2 1
1140 343 1173 343 2 1 1 1644500233 43482 0.000000 2 1
1140 308 1173 308 2 1 1 1644500233 43482 0.000000 2 1
1140 378 1173 378 2 1 1 1644500233 43491 180000.000000 2 1
1140 343 1173 343 2 1 1 1644500233 43491 180000.000000 2 1
1140 308 1173 308 2 1 1 1644500233 43491 180000.000000 2 1
1140 378 1173 378 2 1 1 1644500233 43492 360000.000000 2 1
1140 343 1173 343 2 1 1 1644500233 43492 360000.000000 2 1
1140 308 1173 308 2 1 1 1644500233 43492 360000.000000 2 1
1150 378 1173 378 2 1 1 1644500233 43492 540000.000000 2 1
1150 343 1173 343 2 1 1 1644500233 43492 540000.000000 2 1
1150 308 1173 308 2 1 1 1644500233 43492 540000.000000 2 1
1150 378 1173 378 2 1 1 1644500233 43492 720000.000000 2 1
1150 343 1173 343 2 1 1 1644500233 43492 720000.000000 2 1
1150 308 1173 308 2 1 1 1644500233 43492 720000.000000 2 1
1150 378 1173 378 2 1 1 1644500233 43493 900000.000000 2 1
1150 343 1173 343 2 1 1 1644500233 43493 900000.000000 2 1
1150 308 1173 308 2 1 1 1644500233 43493 900000.000000 2 1
1150 378 1173 378 2 1 1 1644500233 43493 1080000.000000 2 1
1150 343 1173 343 2 1 1 1644500233 43493 1080000.000000 2 1
1150 308 1173 308 2 1 1 1644500233 43493 1080000.000000 2 1
1150 378 1173 378 2 1 1 1644500233 43493 1260000.000000 2 1
1150 343 1173 343 2 1 1 1644500233 43493 1260000.000000 2 1
1150 308 1173 308 2 1 1 1644500233 43494 1260000.000000 2 1
1430 677 1639 798 2 1 1 1644500234 506406 0.000000 2 3
1020 343 1173 343 2 1 1 1644500238 75488 0.000000 2 1
1100 308 1173 308 2 1 1 1644500238 75489 0.000000 2 1
1010 378 1173 378 2 1 1 1644500238 75489 0.000000 2 1
1080 343 1173 343 2 1 1 1644500238 75489 180000.000000 2 1
1100 308 1173 308 3 1 1 1644500241 202247 0.000000 2 1
1150 378 1173 378 3 1 1 1644500241 202247 0.000000 2 1
1000 343 1173 343 3 1 1 1644500241 202247 0.000000 2 1
969 298 1653 168 3 1 1 1644500242 20166 0.000000 2 4
1650 239 1665 238 3 1 1 1644500242 20166 0.000000 2 4
1644 204 1659 203 3 1 1 1644500242 20166 0.000000 2 4
1631 170 1653 168 3 1 1 1644500242 20166 180000.000000 2 4
1648 239 1665 238 3 1 1 1644500243 821242 0.000000 2 4
1642 204 1659 203 3 1 1 1644500243 821242 0.000000 2 4
1636 169 1653 168 3 1 1 1644500243 821242 0.000000 2 4
1390 378 1416 378 3 1 1 1644500246 31015 0.000000 2 8
1390 343 1416 343 3 1 1 1644500246 31015 0.000000 2 8
1390 308 1416 308 3 1 1 1644500246 31015 0.000000 2 8
1000 568 1012 588 3 1 1 1644500250 44471 0.000000 2 5
1040 533 1052 553 3 1 1 1644500250 44472 0.000000 2 5
1080 498 1092 518 3 1 1 1644500250 44472 0.000000 2 5
997 562 1012 588 3 1 1 1644500250 44472 180000.000000 2 5
1038 530 1052 553 3 1 1 1644500251 233436 0.000000 2 5
596 241 572 238 3 1 1 1644500254 21559 0.000000 2 6
584 311 560 308 3 1 1 1644500254 21559 0.000000 2 6
590 276 566 273 3 1 1 1644500254 21559 0.000000 2 6
3 3 2 0 51 0 0
6 8
6 9
6 6
1237 455 1143 378 3 1 1 1644500233 43494 0.000000 3 1
1267 420 1173 343 3 1 1 1644500233 43495 0.000000 3 1
1321 406 1203 308 3 1 1 1644500233 43495 0.000000 3 1
1237 455 1143 378 3 1 1 1644500233 43495 180000.000000 3 1
1243 399 1173 343 3 1 1 1644500233 43495 180000.000000 3 1
1305 392 1203 308 3 1 1 1644500233 43495 180000.000000 3 1
1237 455 1143 378 3 1 1 1644500233 43495 360000.000000 3 1
1235 392 1173 343 3 1 1 1644500233 43495 360000.000000 3 1
1305 392 1203 308 3 1 1 1644500233 43495 360000.000000 3 1
1164 393 1143 378 3 1 1 1644500233 43496 540000.000000 3 1
1219 378 1173 343 3 1 1 1644500233 43496 540000.000000 3 1
1305 392 1203 308 3 1 1 1644500233 43496 540000.000000 3 1
1164 393 1143 378 3 1 1 1644500233 43496 720000.000000 3 1
1194 358 1173 343 3 1 1 1644500233 43496 720000.000000 3 1
1305 392 1203 308 3 1 1 1644500233 43496 720000.000000 3 1
1164 393 1143 378 3 1 1 1644500233 43496 900000.000000 3 1
1194 358 1173 343 3 1 1 1644500233 43496 900000.000000 3 1
1305 392 1203 308 3 1 1 1644500233 43497 900000.000000 3 1
1164 393 1143 378 3 1 1 1644500233 43497 1080000.000000 3 1
1194 358 1173 343 3 1 1 1644500233 43497 1080000.000000 3 1
1224 323 1203 308 3 1 1 1644500233 43497 1080000.000000 3 1
1164 393 1143 378 3 1 1 1644500233 43497 1260000.000000 3 1
1194 358 1173 343 3 1 1 1644500233 43497 1260000.000000 3 1
1224 323 1203 308 3 1 1 1644500233 43497 1260000.000000 3 1
1477 705 910 378 3 1 1 1644500236 69153 0.000000 3 2
1056 415 930 343 3 1 1 1644500236 69153 0.000000 3 2
1067 375 950 308 3 1 1 1644500236 69160 0.000000 3 2
937 393 910 378 3 1 1 1644500238 314347 0.000000 3 2
1056 415 930 343 3 1 1 1644500238 314347 0.000000 3 2
1058 370 950 308 3 1 1 1644500238 314347 0.000000 3 2
937 393 910 378 3 1 1 1644500238 314348 180000.000000 3 2
957 358 930 343 3 1 1 1644500238 554059 0.000000 3 2
977 323 950 308 3 1 1 1644500238 554059 0.000000 3 2
937 393 910 378 3 1 1 1644500238 554059 0.000000 3 2
957 358 930 343 3 1 1 1644500238 554060 180000.000000 3 2
977 323 950 308 3 1 1 1644500238 554060 180000.000000 3 2
937 393 910 378 3 1 1 1644500238 554060 180000.000000 3 2
1194 358 1173 343 3 1 1 1644500241 202247 0.000000 3 1
1619 233 1619 203 3 1 1 1644500242 20166 0.000000 3 4
1699 233 1699 203 3 1 1 1644500243 821243 0.000000 3 4
1430 367 1416 343 3 1 1 1644500246 31015 0.000000 3 8
1470 332 1456 308 3 1 1 1644500246 31015 0.000000 3 8
1390 402 1376 378 3 1 1 1644500246 31015 0.000000 3 8
1073 559 1052 553 3 1 1 1644500250 44472 0.000000 3 5
1085 524 1064 518 3 1 1 1644500250 44472 0.000000 3 5
1061 594 1040 588 3 1 1 1644500250 44473 0.000000 3 5
1068 558 1052 553 3 1 1 1644500250 44473 180000.000000 3 5
1085 524 1064 518 3 1 1 1644500251 233436 0.000000 3 5
580 320 551 308 3 1 1 1644500254 21559 0.000000 3 6
595 285 566 273 3 1 1 1644500254 21560 0.000000 3 6
610 250 581 238 3 1 1 1644500254 21560 0.000000 3 6
3 1 2 0 47 0 0
6 0
1429 298 1183 378 4 1 1 1644500233 43498 0.000000 4 1
1389 272 1173 343 4 1 1 1644500233 43498 0.000000 4 1
1339 249 1163 308 4 1 1 1644500233 43498 0.000000 4 1
1419 301 1183 378 4 1 1 1644500233 43498 180000.000000 4 1
1289 302 1173 343 4 1 1 1644500233 43498 180000.000000 4 1
1189 295 1163 308 4 1 1 1644500233 43498 180000.000000 4 1
1419 301 1183 378 4 1 1 1644500233 43499 360000.000000 4 1
1229 320 1173 343 4 1 1 1644500233 43499 360000.000000 4 1
1219 285 1163 308 4 1 1 1644500233 43499 360000.000000 4 1
1299 337 1183 378 4 1 1 1644500233 43499 540000.000000 4 1
1229 320 1173 343 4 1 1 1644500233 43499 540000.000000 4 1
1189 295 1163 308 4 1 1 1644500233 43499 540000.000000 4 1
1309 334 1183 378 4 1 1 1644500233 43499 720000.000000 4 1
1199 330 1173 343 4 1 1 1644500233 43499 720000.000000 4 1
1189 295 1163 308 4 1 1 1644500233 43500 720000.000000 4 1
1309 334 1183 378 4 1 1 1644500233 43500 900000.000000 4 1
1229 320 1173 343 4 1 1 1644500233 43500 900000.000000 4 1
1189 295 1163 308 4 1 1 1644500233 43500 900000.000000 4 1
1299 337 1183 378 4 1 1 1644500233 43500 1080000.000000 4 1
1229 320 1173 343 4 1 1 1644500233 43500 1080000.000000 4 1
1189 295 1163 308 4 1 1 1644500233 43500 1080000.000000 4 1
1309 334 1183 378 4 1 1 1644500233 43500 1260000.000000 4 1
1239 317 1173 343 4 1 1 1644500233 43500 1260000.000000 4 1
1189 295 1163 308 4 1 1 1644500233 43501 1260000.000000 4 1
1209 365 1183 378 4 1 1 1644500237 55185 0.000000 4 1
1199 330 1173 343 4 1 1 1644500237 55185 0.000000 4 1
1189 295 1163 308 4 1 1 1644500237 55185 0.000000 4 1
1209 365 1183 378 4 1 1 1644500237 55185 180000.000000 4 1
1069 312 930 343 4 1 1 1644500238 619012 0.000000 4 2
1023 285 924 308 4 1 1 1644500240 47794 0.000000 4 2
1155 331 936 378 4 1 1 1644500240 47794 0.000000 4 2
1429 334 1416 343 3 1 1 1644500246 31015 0.000000 4 8
1409 299 1396 308 3 1 1 1644500246 31016 0.000000 4 8
1449 369 1436 378 3 1 1 1644500246 31016 0.000000 4 8
1429 334 1416 343 3 1 1 1644500246 31016 180000.000000 4 8
1409 299 1396 308 3 1 1 1644500246 31016 180000.000000 4 8
1449 369 1436 378 3 1 1 1644500246 31016 180000.000000 4 8
1429 334 1416 343 3 1 1 1644500246 31016 360000.000000 4 8
1409 299 1396 308 3 1 1 1644500246 31016 360000.000000 4 8
1096 571 1072 588 3 1 1 1644500250 44473 0.000000 4 5
1076 536 1052 553 3 1 1 1644500250 44473 0.000000 4 5
1056 501 1032 518 3 1 1 1644500250 44473 0.000000 4 5
1087 577 1072 588 3 1 1 1644500250 44473 180000.000000 4 5
1076 536 1052 553 3 1 1 1644500251 233436 0.000000 4 5
577 236 564 238 3 1 1 1644500254 21560 0.000000 4 6
581 306 568 308 3 1 1 1644500254 21560 0.000000 4 6
579 271 566 273 3 1 1 1644500254 21560 0.000000 4 6
3 1 2 0 12 0 0
4 5
564 318 546 308 3 1 1 1644500254 21560 0.000000 5 6
584 283 566 273 3 1 1 1644500254 21560 0.000000 5 6
604 248 586 238 3 1 1 1644500254 21560 0.000000 5 6
564 318 546 308 3 1 1 1644500254 21560 180000.000000 5 6
584 283 566 273 3 1 1 1644500254 21560 180000.000000 5 6
604 248 586 238 3 1 1 1644500254 21560 180000.000000 5 6
564 318 546 308 3 1 1 1644500254 21560 360000.000000 5 6
584 283 566 273 3 1 1 1644500254 21568 360000.000000 5 6
604 248 586 238 3 1 1 1644500254 21568 360000.000000 5 6
564 318 546 308 3 1 1 1644500254 21568 540000.000000 5 6
584 283 566 273 3 1 1 1644500254 21568 540000.000000 5 6
604 248 586 238 3 1 1 1644500254 21568 540000.000000 5 6
3 1 8 0 0 0 0
2 1
10 2 20 0 0 0 0
3 8
4 9
3 2 2 0 12 0 0
5 2
6 3
1083 580 1072 588 3 1 1 1644500250 44473 0.000000 8 5
1063 545 1052 553 3 1 1 1644500250 44473 0.000000 8 5
1043 510 1032 518 3 1 1 1644500250 44473 0.000000 8 5
1091 574 1072 588 3 1 1 1644500250 44474 180000.000000 8 5
1071 539 1052 553 3 1 1 1644500250 44474 180000.000000 8 5
1051 504 1032 518 3 1 1 1644500250 44474 180000.000000 8 5
1083 580 1072 588 3 1 1 1644500250 44474 360000.000000 8 5
1063 545 1052 553 3 1 1 1644500250 44474 360000.000000 8 5
1043 510 1032 518 3 1 1 1644500251 233436 0.000000 8 5
594 309 564 308 3 1 1 1644500254 21569 0.000000 8 6
596 274 566 273 3 1 1 1644500254 21569 0.000000 8 6
598 239 568 238 3 1 1 1644500254 21571 0.000000 8 6
10 2 20 0 0 0 0
5 5
5 6
10 2 20 0 0 0 0
0 7
0 5
10 1 20 0 0 0 0
2 8
10 2 20 0 0 0 0
4 10
4 8
11
1 1416 747 0 0 0 0 0.000000 0
1 835 490 1 0 1644500255 484396 0.000000 3
1 201 691 0 0 0 0 0.000000 0
1 1078 614 0 0 0 0 0.000000 0
1 633 777 0 0 0 0 0.000000 0
1 968 584 0 0 0 0 0.000000 0
1 740 545 0 0 0 0 0.000000 0
1 1476 292 1 1 1644500243 890316 0.000000 3
1 788 491 0 0 0 0 0.000000 0
1 1535 306 1 1 1644500250 416369 0.000000 3
1 1039 439 0 0 0 0 0.000000 0
0 1 20 -1 -1 1
0 1 20 -1 -1 1
0 1 20 -1 -1 1
0 1 20 1 1 1
0 1 20 -1 -1 1
0
