arya                            
8 50 20 10 0 1
7 10 126 135 4 1 13
247 205 1 0 0 0
490 205 0 0 0 0
733 205 0 0 0 0
976 205 1 6 1 1
1219 205 1 0 0 0
1462 205 1 3 0 1
1705 205 1 4 0 1
126 275 1 5 0 1
369 275 1 0 0 0
612 275 1 7 1 1
855 275 1 6 0 1
1098 275 1 6 0 1
1341 275 0 0 0 0
1584 275 0 0 0 0
247 345 1 5 0 1
490 345 0 0 0 0
733 345 1 7 0 1
976 345 0 0 0 0
1219 345 0 0 0 0
1462 345 1 3 1 1
1705 345 1 4 1 1
126 415 1 5 1 1
369 415 0 0 0 0
612 415 0 0 0 0
855 415 1 9 1 1
1098 415 0 0 0 0
1341 415 0 0 0 0
1584 415 0 0 0 0
247 485 1 5 0 1
490 485 1 1 1 1
733 485 0 0 0 0
976 485 1 9 0 1
1219 485 1 11 1 1
1462 485 0 0 0 0
1705 485 0 0 0 0
126 555 0 0 0 0
369 555 1 1 0 1
612 555 1 1 0 1
855 555 1 9 0 1
1098 555 0 0 0 0
1341 555 0 0 0 0
1584 555 0 0 0 0
247 625 1 8 0 1
490 625 0 0 0 0
733 625 0 0 0 0
976 625 1 10 1 1
1219 625 0 0 0 0
1462 625 1 0 0 0
1705 625 1 0 0 0
126 695 1 8 0 1
369 695 1 8 0 1
612 695 0 0 0 0
855 695 0 0 0 0
1098 695 1 0 0 1
1341 695 0 0 0 0
1584 695 1 0 0 0
247 765 1 8 1 1
490 765 0 0 0 0
733 765 1 2 0 1
976 765 0 0 0 0
1219 765 1 0 1 1
1462 765 1 0 0 0
1705 765 1 0 0 0
126 835 1 8 0 1
369 835 1 8 0 1
612 835 1 12 1 1
855 835 1 2 1 1
1098 835 0 0 0 0
1341 835 0 0 0 0
1584 835 1 0 0 0
0 2 10 0 0 0 0
4 8
4 7
1 3 10 0 0 0 0
1 4
1 5
2 5
2 2 10 0 0 0 0
3 9
2 8
3 2 10 0 0 0 0
5 2
5 0
4 2 10 0 0 0 0
6 2
6 0
10 4 20 0 0 0 0
0 3
0 4
0 2
0 1
10 3 20 0 0 0 0
3 0
3 1
4 1
10 2 20 0 0 0 0
2 1
2 2
10 6 20 0 0 0 0
0 8
0 9
0 7
0 6
1 9
1 7
10 3 20 0 0 0 0
3 3
3 4
3 5
10 1 20 0 0 0 0
3 6
10 1 20 0 0 0 0
4 4
10 1 20 0 0 0 0
2 9
0
0 1 10 -1 -1 1
0 1 10 -1 -1 1
0 1 10 -1 -1 1
0 1 10 -1 -1 1
0 1 10 -1 -1 1
0
