arya                            
8 50 20 10 0 1
7 10 153 145 1 1 10
274 215 0 0 0 0
517 215 1 2 1 1
760 215 1 4 0 1
1003 215 1 9 0 1
1246 215 1 9 0 1
1489 215 1 3 1 1
1732 215 1 8 0 1
153 285 1 0 0 0
396 285 1 1 0 1
639 285 1 2 0 1
882 285 0 0 0 0
1125 285 1 9 1 1
1368 285 1 3 0 1
1611 285 1 3 0 1
274 355 1 1 0 1
517 355 0 0 0 0
760 355 1 4 1 1
1003 355 0 0 0 0
1246 355 0 0 0 0
1489 355 1 3 0 1
1732 355 1 8 1 1
153 425 1 0 0 0
396 425 1 1 1 1
639 425 1 4 0 1
882 425 1 4 0 1
1125 425 0 0 0 0
1368 425 1 5 1 1
1611 425 1 8 0 1
274 495 1 1 0 1
517 495 1 1 0 1
760 495 0 0 0 0
1003 495 1 0 0 0
1246 495 0 0 0 0
1489 495 0 0 0 0
1732 495 0 0 0 0
153 565 0 0 0 0
396 565 1 1 0 1
639 565 1 7 1 1
882 565 1 0 0 0
1125 565 0 0 0 0
1368 565 1 5 0 1
1611 565 1 0 0 0
274 635 0 0 0 0
517 635 0 0 0 0
760 635 0 0 0 0
1003 635 1 0 0 0
1246 635 1 0 0 1
1489 635 0 0 0 0
1732 635 0 0 0 0
153 705 1 0 0 0
396 705 1 0 0 0
639 705 1 7 0 1
882 705 0 0 0 0
1125 705 0 0 0 0
1368 705 0 0 0 0
1611 705 1 6 0 1
274 775 0 0 0 0
517 775 0 0 0 0
760 775 0 0 0 0
1003 775 1 0 0 0
1246 775 1 0 1 1
1489 775 1 0 0 0
1732 775 1 6 1 1
153 845 1 0 0 0
396 845 1 0 0 0
639 845 1 0 0 0
882 845 1 0 0 0
1125 845 0 0 0 0
1368 845 1 0 0 1
1611 845 0 0 0 0
0 3 10 0 0 0 0
4 8
4 6
5 9
1 6 10 0 0 0 0
1 3
1 4
1 5
1 1
0 4
0 2
10 2 20 0 0 0 0
1 0
2 1
10 4 20 0 0 0 0
5 0
5 1
5 2
6 1
10 4 20 0 0 0 0
2 2
2 3
2 0
3 3
10 2 20 0 0 0 0
5 3
5 5
10 2 20 0 0 0 0
6 8
6 7
10 2 20 0 0 0 0
2 5
2 7
10 3 20 0 0 0 0
6 2
6 3
6 0
10 3 20 0 0 0 0
4 1
4 0
3 0
0
0 1 10 -1 -1 1
0 1 10 -1 -1 1
0
