arya                            
8 50 20 10 0 1
7 11 66 64 4 1 13
187 134 0 0 0 0
430 134 0 0 0 0
673 134 1 2 0 1
916 134 1 2 0 1
1159 134 1 1 1 1
1402 134 0 0 0 0
1645 134 0 0 0 0
66 204 0 0 0 0
309 204 1 5 1 1
552 204 0 0 0 0
795 204 1 2 1 1
1038 204 0 0 0 0
1281 204 0 0 0 0
1524 204 0 0 0 0
187 274 1 5 0 1
430 274 1 5 0 1
673 274 1 2 0 1
916 274 0 0 0 0
1159 274 1 1 0 1
1402 274 1 3 1 1
1645 274 1 6 1 1
66 344 0 0 0 0
309 344 1 5 0 1
552 344 0 0 0 0
795 344 0 0 0 0
1038 344 0 0 0 0
1281 344 1 3 0 1
1524 344 0 0 0 0
187 414 1 10 1 1
430 414 1 11 0 1
673 414 1 12 0 1
916 414 1 9 0 1
1159 414 1 0 0 0
1402 414 0 0 0 0
1645 414 0 0 0 0
66 484 1 10 0 1
309 484 0 0 0 0
552 484 0 0 0 0
795 484 1 9 0 1
1038 484 0 0 0 0
1281 484 1 7 0 1
1524 484 0 0 0 0
187 554 0 0 0 0
430 554 1 11 1 1
673 554 1 12 1 1
916 554 1 9 1 1
1159 554 0 0 0 0
1402 554 0 0 0 0
1645 554 0 0 0 0
66 624 0 0 0 0
309 624 0 0 0 0
552 624 1 11 0 1
795 624 0 0 0 0
1038 624 1 4 0 1
1281 624 1 7 1 1
1524 624 0 0 0 0
187 694 0 0 0 0
430 694 0 0 0 0
673 694 1 0 0 1
916 694 1 4 0 1
1159 694 1 4 0 1
1402 694 0 0 0 0
1645 694 0 0 0 0
66 764 0 0 0 0
309 764 0 0 0 0
552 764 0 0 0 0
795 764 1 0 0 1
1038 764 1 4 1 1
1281 764 0 0 0 0
1524 764 0 0 0 0
187 834 1 8 1 1
430 834 1 0 0 0
673 834 1 0 1 1
916 834 1 4 0 1
1159 834 1 4 0 1
1402 834 0 0 0 0
1645 834 1 0 0 0
0 3 10 0 0 0 0
2 10
2 8
3 9
1 2 10 0 0 0 0
4 0
4 2
2 4 10 0 0 0 0
3 1
3 0
2 2
2 0
3 2 10 0 0 0 0
5 2
5 3
4 6 10 0 0 0 0
4 9
4 10
4 8
4 7
3 10
3 8
10 4 20 0 0 0 0
1 1
1 2
1 3
0 2
10 1 20 0 0 0 0
6 2
10 2 20 0 0 0 0
5 7
5 5
10 1 20 0 0 0 0
0 10
10 3 20 0 0 0 0
3 6
3 5
3 4
10 2 20 0 0 0 0
0 4
0 5
10 3 20 0 0 0 0
1 6
1 4
2 7
10 2 20 0 0 0 0
2 6
2 4
0
0 1 10 -1 -1 1
0 1 10 -1 -1 1
0 1 10 -1 -1 1
0 1 10 -1 -1 1
0 1 10 -1 -1 1
0
