arya                            
8 50 20 10 0 1
7 10 120 137 4 1 13
241 207 1 10 0 1
484 207 1 0 0 0
727 207 1 8 1 1
970 207 1 2 1 1
1213 207 0 0 0 0
1456 207 1 4 0 1
1699 207 0 0 0 0
120 277 0 0 0 0
363 277 0 0 0 0
606 277 1 8 0 1
849 277 1 2 0 1
1092 277 1 2 0 1
1335 277 0 0 0 0
1578 277 1 4 1 1
241 347 1 10 1 1
484 347 0 0 0 0
727 347 1 8 0 1
970 347 1 2 0 1
1213 347 0 0 0 0
1456 347 0 0 0 0
1699 347 0 0 0 0
120 417 0 0 0 0
363 417 0 0 0 0
606 417 1 7 0 1
849 417 0 0 0 0
1092 417 0 0 0 0
1335 417 1 0 1 1
1578 417 0 0 0 0
241 487 0 0 0 0
484 487 1 7 0 1
727 487 0 0 0 0
970 487 1 3 0 1
1213 487 0 0 0 0
1456 487 0 0 0 0
1699 487 1 5 0 1
120 557 1 0 0 0
363 557 1 12 1 1
606 557 1 7 1 1
849 557 1 6 1 1
1092 557 1 3 1 1
1335 557 0 0 0 0
1578 557 0 0 0 0
241 627 1 12 0 1
484 627 0 0 0 0
727 627 1 6 0 1
970 627 0 0 0 0
1213 627 0 0 0 0
1456 627 0 0 0 0
1699 627 1 5 1 1
120 697 0 0 0 0
363 697 0 0 0 0
606 697 0 0 0 0
849 697 0 0 0 0
1092 697 0 0 0 0
1335 697 1 9 0 1
1578 697 0 0 0 0
241 767 1 1 0 1
484 767 1 1 0 1
727 767 0 0 0 0
970 767 1 0 0 0
1213 767 0 0 0 0
1456 767 1 9 1 1
1699 767 0 0 0 0
120 837 0 0 0 0
363 837 1 1 1 1
606 837 1 11 1 1
849 837 1 0 0 0
1092 837 0 0 0 0
1335 837 0 0 0 0
1578 837 1 9 0 1
0 1 33 0 0 0 0
5 3
4 3 0 0 56 0 0
1 9
1 8
0 8
644 922 667 922 1 1 1 1644500853 13030 0.000000 1 11
644 887 667 887 1 1 1 1644500853 13030 0.000000 1 11
644 852 667 852 1 1 1 1644500853 13030 0.000000 1 11
644 922 667 922 1 1 1 1644500853 13031 180000.000000 1 11
644 887 667 887 1 1 1 1644500853 13031 180000.000000 1 11
644 852 667 852 1 1 1 1644500853 13031 180000.000000 1 11
654 922 667 922 1 1 1 1644500853 13031 360000.000000 1 11
654 887 667 887 1 1 1 1644500853 13031 360000.000000 1 11
654 852 667 852 1 1 1 1644500853 13031 360000.000000 1 11
644 922 667 922 1 1 1 1644500853 13031 540000.000000 1 11
644 887 667 887 1 1 1 1644500853 13031 540000.000000 1 11
644 852 667 852 1 1 1 1644500853 13031 540000.000000 1 11
644 922 667 922 1 1 1 1644500853 13031 720000.000000 1 11
644 887 667 887 1 1 1 1644500853 13031 720000.000000 1 11
644 852 667 852 1 1 1 1644500853 13031 720000.000000 1 11
654 922 667 922 1 1 1 1644500853 13031 900000.000000 1 11
654 887 667 887 1 1 1 1644500853 13032 900000.000000 1 11
654 852 667 852 1 1 1 1644500853 13032 900000.000000 1 11
644 922 667 922 1 1 1 1644500853 13032 1080000.000000 1 11
644 887 667 887 1 1 1 1644500853 13032 1080000.000000 1 11
644 852 667 852 1 1 1 1644500853 13032 1080000.000000 1 11
644 922 667 922 1 1 1 1644500853 13032 1260000.000000 1 11
644 887 667 887 1 1 1 1644500853 13032 1260000.000000 1 11
644 852 667 852 1 1 1 1644500853 13032 1260000.000000 1 11
545 874 1166 642 1 1 1 1644500854 611421 0.000000 1 3
568 825 1153 607 3 1 1 1644500855 597808 0.000000 1 3
465 828 1140 572 3 1 1 1644500855 802528 0.000000 1 3
689 818 1166 642 3 1 1 1644500855 802528 0.000000 1 3
514 847 1153 607 3 1 1 1644500855 802528 0.000000 1 3
483 820 1140 572 3 1 1 1644500855 870262 0.000000 1 3
581 860 1166 642 3 1 1 1644500855 870263 0.000000 1 3
514 847 1153 607 3 1 1 1644500855 972145 0.000000 1 3
447 836 1140 572 3 1 1 1644500855 972146 0.000000 1 3
581 860 1166 642 3 1 1 1644500856 40407 0.000000 1 3
1133 613 1153 607 4 1 1 1644500856 347017 0.000000 1 3
1120 578 1140 572 4 1 1 1644500856 347017 0.000000 1 3
1146 648 1166 642 4 1 1 1644500856 347018 0.000000 1 3
1133 613 1153 607 4 1 1 1644500856 347018 180000.000000 1 3
1120 578 1140 572 4 1 1 1644500856 347018 180000.000000 1 3
1146 648 1166 642 4 1 1 1644500856 515269 0.000000 1 3
1133 613 1153 607 4 1 1 1644500856 515269 0.000000 1 3
1120 578 1140 572 4 1 1 1644500856 515269 0.000000 1 3
1146 648 1166 642 4 1 1 1644500856 515270 180000.000000 1 3
1133 613 1153 607 4 1 1 1644500856 515270 180000.000000 1 3
1120 578 1140 572 4 1 1 1644500857 503250 0.000000 1 3
1146 648 1166 642 4 1 1 1644500857 503250 0.000000 1 3
1133 613 1153 607 4 1 1 1644500857 503250 0.000000 1 3
1120 578 1140 572 4 1 1 1644500857 503250 180000.000000 1 3
653 832 1166 642 4 1 1 1644500857 503250 180000.000000 1 3
640 797 1153 607 4 1 1 1644500857 503250 180000.000000 1 3
1120 578 1140 572 4 1 1 1644500857 671032 0.000000 1 3
544 922 667 922 4 1 1 1644500858 12754 0.000000 1 11
644 887 667 887 4 1 1 1644500859 32685 0.000000 1 11
1730 643 1755 642 4 1 1 1644500860 18878 0.000000 1 5
486 910 1765 712 4 0 1 1644500862 260619 0.000000 1 5
481 875 1760 677 4 0 1 1644500862 260620 0.000000 1 5
4 4 0 0 55 0 0
3 0
3 1
3 2
4 1
682 677 460 922 2 1 1 1644500853 13033 0.000000 2 1
443 863 424 887 2 1 1 1644500853 13033 0.000000 2 1
407 828 388 852 2 1 1 1644500853 13033 0.000000 2 1
551 815 460 922 2 1 1 1644500853 13041 180000.000000 2 1
437 870 424 887 2 1 1 1644500853 13041 180000.000000 2 1
401 835 388 852 2 1 1 1644500853 13041 180000.000000 2 1
682 677 460 922 2 1 1 1644500853 13041 360000.000000 2 1
443 863 424 887 2 1 1 1644500853 13041 360000.000000 2 1
407 828 388 852 2 1 1 1644500853 13041 360000.000000 2 1
633 726 460 922 2 1 1 1644500853 13041 540000.000000 2 1
437 870 424 887 2 1 1 1644500853 13041 540000.000000 2 1
401 835 388 852 2 1 1 1644500853 13041 540000.000000 2 1
689 670 460 922 2 1 1 1644500853 13041 720000.000000 2 1
437 870 424 887 2 1 1 1644500853 13041 720000.000000 2 1
401 835 388 852 2 1 1 1644500853 13041 720000.000000 2 1
626 733 460 922 2 1 1 1644500853 13041 900000.000000 2 1
443 863 424 887 2 1 1 1644500853 13042 900000.000000 2 1
407 828 388 852 2 1 1 1644500853 13042 900000.000000 2 1
703 656 460 922 2 1 1 1644500853 13042 1080000.000000 2 1
515 780 424 887 2 1 1 1644500853 13042 1080000.000000 2 1
401 835 388 852 2 1 1 1644500853 13042 1080000.000000 2 1
703 656 460 922 2 1 1 1644500853 13042 1260000.000000 2 1
515 780 424 887 2 1 1 1644500853 13042 1260000.000000 2 1
401 835 388 852 2 1 1 1644500853 13042 1260000.000000 2 1
689 670 460 922 4 1 1 1644500854 543423 0.000000 2 1
555 735 424 887 4 1 1 1644500854 543423 0.000000 2 1
453 775 388 852 4 1 1 1644500854 543423 0.000000 2 1
591 770 460 922 4 1 1 1644500854 543423 180000.000000 2 1
515 780 424 887 4 1 1 1644500854 543423 180000.000000 2 1
401 835 388 852 4 1 1 1644500854 712600 0.000000 2 1
551 815 460 922 4 1 1 1644500854 712600 0.000000 2 1
489 810 424 887 4 1 1 1644500854 712600 0.000000 2 1
401 835 388 852 4 1 1 1644500854 712600 180000.000000 2 1
551 815 460 922 4 1 1 1644500854 712601 180000.000000 2 1
437 870 424 887 4 1 1 1644500854 712601 180000.000000 2 1
401 835 388 852 4 1 1 1644500854 883478 0.000000 2 1
551 815 460 922 4 1 1 1644500854 883478 0.000000 2 1
437 870 424 887 4 1 1 1644500854 883479 0.000000 2 1
401 835 388 852 4 1 1 1644500854 883479 180000.000000 2 1
551 815 460 922 4 1 1 1644500854 883479 180000.000000 2 1
437 870 424 887 4 1 1 1644500854 883479 180000.000000 2 1
401 835 388 852 4 1 1 1644500855 55406 0.000000 2 1
473 905 460 922 4 1 1 1644500855 55407 0.000000 2 1
437 870 424 887 4 1 1 1644500855 55407 0.000000 2 1
401 835 388 852 4 1 1 1644500855 55407 180000.000000 2 1
473 905 460 922 4 1 1 1644500856 40408 0.000000 2 1
437 870 424 887 4 1 1 1644500856 40408 0.000000 2 1
401 835 388 852 4 1 1 1644500856 40408 0.000000 2 1
473 905 460 922 4 1 1 1644500856 40408 180000.000000 2 1
1143 581 1153 607 4 1 1 1644500857 503251 0.000000 2 3
634 836 627 852 4 1 1 1644500858 12754 0.000000 2 11
714 906 707 922 4 1 1 1644500859 32685 0.000000 2 11
1745 668 1760 677 4 1 1 1644500860 18879 0.000000 2 5
1102 250 1780 642 4 0 1 1644500862 260620 0.000000 2 5
1062 320 1740 712 4 0 1 1644500862 260620 0.000000 2 5
4 2 0 0 44 0 0
4 5
3 4
686 806 437 922 3 1 1 1644500853 13043 0.000000 3 1
643 783 424 887 3 1 1 1644500853 13043 0.000000 3 1
730 708 411 852 3 1 1 1644500853 13043 0.000000 3 1
706 798 437 922 3 1 1 1644500853 13043 180000.000000 3 1
633 787 424 887 3 1 1 1644500853 13043 180000.000000 3 1
730 708 411 852 3 1 1 1644500853 13043 180000.000000 3 1
464 907 437 922 3 1 1 1644500853 13043 360000.000000 3 1
559 819 424 887 3 1 1 1644500853 13043 360000.000000 3 1
730 708 411 852 3 1 1 1644500853 13043 360000.000000 3 1
456 912 437 922 3 1 1 1644500853 13043 540000.000000 3 1
443 877 424 887 3 1 1 1644500853 13043 540000.000000 3 1
730 708 411 852 3 1 1 1644500853 13043 540000.000000 3 1
458 911 437 922 3 1 1 1644500853 13044 720000.000000 3 1
553 823 424 887 3 1 1 1644500853 13044 720000.000000 3 1
730 708 411 852 3 1 1 1644500853 13044 720000.000000 3 1
451 914 437 922 3 1 1 1644500853 13044 900000.000000 3 1
438 879 424 887 3 1 1 1644500853 13044 900000.000000 3 1
425 844 411 852 3 1 1 1644500853 13044 900000.000000 3 1
461 909 437 922 3 1 1 1644500853 13044 1080000.000000 3 1
448 874 424 887 3 1 1 1644500853 13044 1080000.000000 3 1
544 788 411 852 3 1 1 1644500853 13044 1080000.000000 3 1
454 913 437 922 3 1 1 1644500853 13044 1260000.000000 3 1
441 878 424 887 3 1 1 1644500853 13044 1260000.000000 3 1
727 712 411 852 3 1 1 1644500853 13044 1260000.000000 3 1
713 904 687 922 4 1 1 1644500858 12755 0.000000 3 11
693 869 667 887 4 1 1 1644500858 12755 0.000000 3 11
673 834 647 852 4 1 1 1644500858 12762 0.000000 3 11
713 904 687 922 4 1 1 1644500858 12763 180000.000000 3 11
693 869 667 887 4 1 1 1644500858 12763 180000.000000 3 11
673 834 647 852 4 1 1 1644500858 12763 180000.000000 3 11
713 904 687 922 4 1 1 1644500858 12763 360000.000000 3 11
693 869 667 887 4 1 1 1644500858 12763 360000.000000 3 11
673 834 647 852 4 1 1 1644500858 12763 360000.000000 3 11
713 904 687 922 4 1 1 1644500858 830805 0.000000 3 11
693 869 667 887 4 1 1 1644500858 830806 0.000000 3 11
673 834 647 852 4 1 1 1644500858 830806 0.000000 3 11
713 904 687 922 4 1 1 1644500858 830806 180000.000000 3 11
693 869 667 887 4 1 1 1644500858 830806 180000.000000 3 11
673 834 647 852 4 1 1 1644500858 998011 0.000000 3 11
713 904 687 922 4 1 1 1644500858 998011 0.000000 3 11
693 869 667 887 4 1 1 1644500859 32685 0.000000 3 11
1746 639 1764 642 4 1 1 1644500860 18879 0.000000 3 5
1206 648 1756 712 4 0 1 1644500862 260620 0.000000 3 5
1210 613 1760 677 4 0 1 1644500862 260620 0.000000 3 5
4 2 0 0 33 0 0
6 1
5 0
1055 294 1027 292 4 1 1 1644500853 13045 0.000000 4 2
1059 259 1031 257 4 1 1 1644500853 13045 0.000000 4 2
1063 224 1035 222 4 1 1 1644500853 13045 0.000000 4 2
1045 293 1027 292 4 1 1 1644500853 13045 180000.000000 4 2
1049 258 1031 257 4 1 1 1644500853 13045 180000.000000 4 2
1053 223 1035 222 4 1 1 1644500853 13045 180000.000000 4 2
1055 294 1027 292 4 1 1 1644500853 13045 360000.000000 4 2
1059 259 1031 257 4 1 1 1644500853 13045 360000.000000 4 2
1063 224 1035 222 4 1 1 1644500853 13045 360000.000000 4 2
1045 293 1027 292 4 1 1 1644500853 13046 540000.000000 4 2
1049 258 1031 257 4 1 1 1644500853 13046 540000.000000 4 2
1053 223 1035 222 4 1 1 1644500853 13046 540000.000000 4 2
1045 293 1027 292 4 1 1 1644500853 13046 720000.000000 4 2
1049 258 1031 257 4 1 1 1644500853 13046 720000.000000 4 2
1053 223 1035 222 4 1 1 1644500853 13046 720000.000000 4 2
1055 294 1027 292 4 1 1 1644500853 13046 900000.000000 4 2
1059 259 1031 257 4 1 1 1644500853 13046 900000.000000 4 2
1063 224 1035 222 4 1 1 1644500853 13046 900000.000000 4 2
1055 294 1027 292 4 1 1 1644500853 13046 1080000.000000 4 2
1059 259 1031 257 4 1 1 1644500853 13046 1080000.000000 4 2
1063 224 1035 222 4 1 1 1644500853 13046 1080000.000000 4 2
1055 294 1027 292 4 1 1 1644500853 13046 1260000.000000 4 2
1059 259 1031 257 4 1 1 1644500853 13046 1260000.000000 4 2
1063 224 1035 222 4 1 1 1644500853 13046 1260000.000000 4 2
713 783 440 922 4 1 1 1644500854 543424 0.000000 4 1
445 874 424 887 4 1 1 1644500855 55407 0.000000 4 1
429 839 408 852 4 1 1 1644500856 40408 0.000000 4 1
1199 624 1173 642 4 1 1 1644500857 503251 0.000000 4 3
685 873 667 887 4 1 1 1644500858 12763 0.000000 4 11
665 838 647 852 4 1 1 1644500859 32685 0.000000 4 11
1710 686 1720 712 4 1 1 1644500860 18879 0.000000 4 5
1657 381 1760 677 4 0 1 1644500862 260620 0.000000 4 5
1697 346 1800 642 4 0 1 1644500862 260620 0.000000 4 5
10 2 7 0 0 0 1
6 6
6 4
10 2 20 0 0 0 0
3 5
2 6
10 3 20 0 0 0 0
2 5
2 3
1 4
10 3 20 0 0 0 0
2 0
2 1
2 2
10 3 20 0 0 0 0
5 8
5 7
6 9
10 2 20 0 0 0 0
0 2
0 0
4 1 1 1 34 1 0
2 9
1147 654 1173 642 1 1 1 1644500854 611421 0.000000 11 3
735 847 1153 607 1 1 1 1644500854 611421 0.000000 11 3
664 842 1133 572 1 1 1 1644500854 611422 0.000000 11 3
1147 654 1173 642 1 1 1 1644500854 611422 180000.000000 11 3
667 887 424 887 1 1 1 1644500858 47347 0.000000 11 1
647 852 424 852 1 1 1 1644500858 47348 0.000000 11 1
587 922 424 922 1 1 1 1644500858 47348 0.000000 11 1
447 887 424 887 1 1 1 1644500858 47348 180000.000000 11 1
1725 644 1754 642 4 1 1 1644500860 18879 0.000000 11 5
1737 714 1766 712 4 1 1 1644500860 18880 0.000000 11 5
1731 679 1760 677 4 1 1 1644500860 18880 0.000000 11 5
1725 644 1754 642 4 1 1 1644500860 18880 180000.000000 11 5
1737 714 1766 712 4 1 1 1644500860 18880 180000.000000 11 5
1731 679 1760 677 4 1 1 1644500860 18880 180000.000000 11 5
1725 644 1754 642 4 1 1 1644500860 18880 360000.000000 11 5
1737 714 1766 712 4 1 1 1644500860 18889 360000.000000 11 5
1731 679 1760 677 4 1 1 1644500860 18889 360000.000000 11 5
1687 650 1754 642 4 0 1 1644500860 18889 540000.000000 11 5
1699 720 1766 712 4 0 1 1644500860 18889 540000.000000 11 5
1693 685 1760 677 4 0 1 1644500860 18889 540000.000000 11 5
1573 668 1754 642 4 0 1 1644500860 18889 720000.000000 11 5
1585 738 1766 712 4 0 1 1644500860 18889 720000.000000 11 5
1579 703 1760 677 4 0 1 1644500860 18889 720000.000000 11 5
1478 683 1754 642 4 0 1 1644500860 18889 900000.000000 11 5
1490 753 1766 712 4 0 1 1644500860 18889 900000.000000 11 5
1484 718 1760 677 4 0 1 1644500860 18890 900000.000000 11 5
1383 700 1754 642 4 0 1 1644500860 18890 1080000.000000 11 5
1395 770 1766 712 4 0 1 1644500860 18890 1080000.000000 11 5
1389 735 1760 677 4 0 1 1644500860 18890 1080000.000000 11 5
1269 724 1754 642 4 0 1 1644500860 18890 1260000.000000 11 5
730 910 1766 712 4 0 1 1644500862 260621 0.000000 11 5
724 875 1760 677 4 0 1 1644500862 260621 0.000000 11 5
718 840 1754 642 4 0 1 1644500862 260621 0.000000 11 5
673 922 1766 712 4 0 0 1644500862 260621 180000.000000 11 5
10 2 20 0 0 0 0
1 5
0 6
8
1 424 655 0 0 0 0 0.000000 0
1 380 694 0 0 0 0 0.000000 0
1 1272 522 1 1 1644500855 191770 0.000000 4
1 827 591 1 1 1644500853 931169 0.000000 3
1 1160 830 0 0 0 0 0.000000 0
1 1026 504 0 0 0 0 0.000000 0
1 1065 624 0 0 0 0 0.000000 0
1 1147 375 1 0 1644500860 290213 0.000000 4
0 1 20 -1 -1 1
0 1 20 -1 -1 1
0 1 20 -1 -1 1
0 1 20 1 3 1
0 1 20 1 7 1
0
