arya                            
8 50 20 10 0 1
7 10 147 155 4 1 13
268 225 1 3 0 1
511 225 0 0 0 0
754 225 0 0 0 0
997 225 1 9 1 1
1240 225 0 0 0 0
1483 225 0 0 0 0
1726 225 1 11 1 1
147 295 1 0 0 0
390 295 1 3 1 1
633 295 0 0 0 0
876 295 0 0 0 0
1119 295 0 0 0 0
1362 295 0 0 0 0
1605 295 0 0 0 0
268 365 1 3 0 1
511 365 0 0 0 0
754 365 0 0 0 0
997 365 0 0 0 0
1240 365 0 0 0 0
1483 365 1 4 1 1
1726 365 0 0 0 0
147 435 0 0 0 0
390 435 1 3 0 1
633 435 1 0 0 1
876 435 0 0 0 0
1119 435 0 0 0 0
1362 435 1 4 0 1
1605 435 0 0 0 0
268 505 0 0 0 0
511 505 0 0 0 0
754 505 1 0 1 1
997 505 0 0 0 0
1240 505 0 0 0 0
1483 505 0 0 0 0
1726 505 1 2 0 1
147 575 0 0 0 0
390 575 0 0 0 0
633 575 0 0 0 0
876 575 1 0 0 1
1119 575 1 5 1 1
1362 575 1 6 1 1
1605 575 1 2 0 1
268 645 1 12 1 1
511 645 1 0 0 0
754 645 1 0 0 1
997 645 1 5 0 1
1240 645 1 5 0 1
1483 645 0 0 0 0
1726 645 1 2 1 1
147 715 0 0 0 0
390 715 1 12 0 1
633 715 1 1 0 1
876 715 0 0 0 0
1119 715 0 0 0 0
1362 715 0 0 0 0
1605 715 0 0 0 0
268 785 0 0 0 0
511 785 1 0 0 0
754 785 1 1 1 1
997 785 1 7 1 1
1240 785 1 10 1 1
1483 785 0 0 0 0
1726 785 1 2 0 1
147 855 1 8 1 1
390 855 0 0 0 0
633 855 0 0 0 0
876 855 1 1 0 1
1119 855 1 7 0 1
1362 855 0 0 0 0
1605 855 0 0 0 0
0 4 10 0 0 0 0
2 4
2 3
2 6
3 5
1 3 10 0 0 0 0
2 8
2 7
3 9
2 4 10 0 0 0 0
6 6
6 5
6 8
6 4
3 4 10 0 0 0 0
1 1
1 3
0 2
0 0
4 2 10 0 0 0 0
5 2
5 3
10 3 20 0 0 0 0
4 5
4 6
3 6
10 1 20 0 0 0 0
5 5
10 2 20 0 0 0 0
3 8
4 9
10 1 20 0 0 0 0
0 9
10 1 20 0 0 0 0
3 0
10 1 20 0 0 0 0
4 8
10 1 20 0 0 0 0
6 0
10 2 20 0 0 0 0
0 6
1 7
0
0 1 10 -1 -1 1
0 1 10 -1 -1 1
0 1 10 -1 -1 1
0 1 10 -1 -1 1
0 1 10 -1 -1 1
0
