arya                            
8 50 20 10 0 1
7 10 125 171 4 1 13
246 241 0 0 0 0
489 241 0 0 0 0
732 241 0 0 0 0
975 241 1 6 1 1
1218 241 0 0 0 0
1461 241 1 9 0 1
1704 241 0 0 0 0
125 311 1 4 1 1
368 311 1 3 0 1
611 311 1 0 0 0
854 311 0 0 0 0
1097 311 0 0 0 0
1340 311 1 11 1 1
1583 311 1 9 1 1
246 381 0 0 0 0
489 381 1 3 0 1
732 381 0 0 0 0
975 381 0 0 0 0
1218 381 1 11 0 1
1461 381 0 0 0 0
1704 381 1 9 0 1
125 451 0 0 0 0
368 451 1 3 1 1
611 451 0 0 0 0
854 451 0 0 0 0
1097 451 0 0 0 0
1340 451 1 2 0 1
1583 451 0 0 0 0
246 521 0 0 0 0
489 521 0 0 0 0
732 521 1 10 0 1
975 521 0 0 0 0
1218 521 0 0 0 0
1461 521 1 2 1 1
1704 521 1 12 0 1
125 591 1 5 0 1
368 591 0 0 0 0
611 591 0 0 0 0
854 591 0 0 0 0
1097 591 1 0 0 0
1340 591 1 2 0 1
1583 591 0 0 0 0
246 661 0 0 0 0
489 661 1 1 1 1
732 661 1 10 1 1
975 661 0 0 0 0
1218 661 0 0 0 0
1461 661 1 2 0 1
1704 661 1 12 1 1
125 731 1 5 1 1
368 731 0 0 0 0
611 731 0 0 0 0
854 731 0 0 0 0
1097 731 1 8 0 1
1340 731 1 0 0 0
1583 731 0 0 0 0
246 801 1 5 0 1
489 801 0 0 0 0
732 801 0 0 0 0
975 801 0 0 0 0
1218 801 0 0 0 0
1461 801 1 0 0 1
1704 801 0 0 0 0
125 871 0 0 0 0
368 871 0 0 0 0
611 871 0 0 0 0
854 871 1 7 1 1
1097 871 1 8 1 1
1340 871 0 0 0 0
1583 871 1 0 1 1
0 2 10 0 0 0 0
6 9
5 8
1 1 10 0 0 0 0
1 6
2 4 10 0 0 0 0
5 4
5 5
5 3
5 6
3 3 10 0 0 0 0
1 3
1 2
1 1
4 1 10 0 0 0 0
0 1
10 3 20 0 0 0 0
0 7
0 8
0 5
10 1 20 0 0 0 0
3 0
10 1 20 0 0 0 0
3 9
10 2 20 0 0 0 0
4 9
4 7
10 3 20 0 0 0 0
6 1
6 2
5 0
10 2 20 0 0 0 0
2 6
2 4
10 2 20 0 0 0 0
5 1
4 2
10 2 20 0 0 0 0
6 6
6 4
0
0 1 10 -1 -1 1
0 1 10 -1 -1 1
0 1 10 -1 -1 1
0 1 10 -1 -1 1
0 1 10 -1 -1 1
0
