arya                            
8 50 20 10 0 1
7 11 95 103 4 1 13
216 173 0 0 0 0
459 173 1 8 0 1
702 173 0 0 0 0
945 173 0 0 0 0
1188 173 1 9 1 1
1431 173 0 0 0 0
1674 173 0 0 0 0
95 243 1 0 0 0
338 243 1 8 1 1
581 243 0 0 0 0
824 243 0 0 0 0
1067 243 0 0 0 0
1310 243 1 2 0 1
1553 243 1 0 0 1
216 313 0 0 0 0
459 313 1 8 0 1
702 313 0 0 0 0
945 313 0 0 0 0
1188 313 0 0 0 0
1431 313 0 0 0 0
1674 313 1 0 0 1
95 383 1 0 0 0
338 383 0 0 0 0
581 383 0 0 0 0
824 383 0 0 0 0
1067 383 1 1 1 1
1310 383 1 2 1 1
1553 383 1 0 1 1
216 453 1 11 0 1
459 453 0 0 0 0
702 453 0 0 0 0
945 453 1 1 0 1
1188 453 1 1 0 1
1431 453 1 0 0 1
1674 453 1 0 0 1
95 523 0 0 0 0
338 523 1 11 1 1
581 523 1 0 0 0
824 523 1 3 1 1
1067 523 0 0 0 0
1310 523 0 0 0 0
1553 523 1 0 0 1
216 593 0 0 0 0
459 593 1 11 0 1
702 593 1 3 0 1
945 593 0 0 0 0
1188 593 1 10 1 1
1431 593 1 0 0 0
1674 593 1 0 0 0
95 663 1 6 0 1
338 663 1 6 0 1
581 663 0 0 0 0
824 663 0 0 0 0
1067 663 1 10 0 1
1310 663 0 0 0 0
1553 663 0 0 0 0
216 733 1 6 1 1
459 733 1 4 0 1
702 733 0 0 0 0
945 733 0 0 0 0
1188 733 1 10 0 1
1431 733 0 0 0 0
1674 733 1 0 0 0
95 803 0 0 0 0
338 803 1 4 0 1
581 803 0 0 0 0
824 803 1 7 1 1
1067 803 1 12 0 1
1310 803 1 5 0 1
1553 803 0 0 0 0
216 873 1 6 0 1
459 873 1 4 1 1
702 873 0 0 0 0
945 873 0 0 0 0
1188 873 1 12 1 1
1431 873 1 5 1 1
1674 873 0 0 0 0
0 6 10 0 0 0 0
6 3
6 4
6 2
6 5
6 1
5 4
1 3 10 0 0 0 0
4 3
4 4
3 4
2 2 10 0 0 0 0
5 3
5 1
3 2 10 0 0 0 0
3 5
2 6
4 3 10 0 0 0 0
1 10
1 9
1 8
10 2 20 0 0 0 0
5 10
5 9
10 4 20 0 0 0 0
0 8
0 7
0 10
1 7
10 1 20 0 0 0 0
3 9
10 3 20 0 0 0 0
1 1
1 2
1 0
10 1 20 0 0 0 0
4 0
10 3 20 0 0 0 0
4 6
4 7
4 8
10 3 20 0 0 0 0
1 5
1 6
0 4
10 2 20 0 0 0 0
4 10
4 9
0
0 1 10 -1 -1 1
0 1 10 -1 -1 1
0 1 10 -1 -1 1
0 1 10 -1 -1 1
0 1 10 -1 -1 1
0
