arya                            
8 50 20 10 0 1
7 10 81 114 4 1 13
202 184 0 0 0 0
445 184 0 0 0 0
688 184 1 2 1 1
931 184 0 0 0 0
1174 184 0 0 0 0
1417 184 1 10 0 1
1660 184 0 0 0 0
81 254 0 0 0 0
324 254 0 0 0 0
567 254 0 0 0 0
810 254 0 0 0 0
1053 254 0 0 0 0
1296 254 0 0 0 0
1539 254 0 0 0 0
202 324 0 0 0 0
445 324 1 5 0 1
688 324 0 0 0 0
931 324 0 0 0 0
1174 324 1 1 1 1
1417 324 1 10 1 1
1660 324 1 12 1 1
81 394 1 3 1 1
324 394 1 9 0 1
567 394 1 5 1 1
810 394 1 4 1 1
1053 394 0 0 0 0
1296 394 0 0 0 0
1539 394 0 0 0 0
202 464 0 0 0 0
445 464 0 0 0 0
688 464 1 4 0 1
931 464 0 0 0 0
1174 464 1 1 0 1
1417 464 0 0 0 0
1660 464 0 0 0 0
81 534 1 3 0 1
324 534 1 9 1 1
567 534 1 5 0 1
810 534 1 0 0 1
1053 534 0 0 0 0
1296 534 1 6 0 1
1539 534 1 7 1 1
202 604 0 0 0 0
445 604 1 9 0 1
688 604 1 0 0 1
931 604 0 0 0 0
1174 604 1 6 1 1
1417 604 1 7 0 1
1660 604 1 7 0 1
81 674 0 0 0 0
324 674 0 0 0 0
567 674 0 0 0 0
810 674 1 0 1 1
1053 674 0 0 0 0
1296 674 1 6 0 1
1539 674 0 0 0 0
202 744 0 0 0 0
445 744 0 0 0 0
688 744 0 0 0 0
931 744 0 0 0 0
1174 744 0 0 0 0
1417 744 1 0 0 0
1660 744 0 0 0 0
81 814 1 0 0 0
324 814 0 0 0 0
567 814 1 8 1 1
810 814 0 0 0 0
1053 814 1 11 1 1
1296 814 0 0 0 0
1539 814 1 0 0 0
0 3 10 0 0 0 0
3 7
3 5
2 6
1 2 10 0 0 0 0
4 2
4 4
2 1 10 0 0 0 0
2 0
3 2 10 0 0 0 0
0 3
0 5
4 2 10 0 0 0 0
3 3
2 4
10 3 20 0 0 0 0
2 3
2 5
1 2
10 3 20 0 0 0 0
4 6
5 7
5 5
10 3 20 0 0 0 0
6 5
6 6
5 6
10 1 20 0 0 0 0
2 9
10 3 20 0 0 0 0
1 5
1 6
1 3
10 2 20 0 0 0 0
5 2
5 0
10 1 20 0 0 0 0
4 9
10 1 20 0 0 0 0
6 2
0
0 1 10 -1 -1 1
0 1 10 -1 -1 1
0 1 10 -1 -1 1
0 1 10 -1 -1 1
0 1 10 -1 -1 1
0
