arya                            
8 50 20 10 0 1
7 10 147 155 4 1 13
268 225 1 3 0 1
511 225 0 0 0 0
754 225 0 0 0 0
997 225 1 9 1 1
1240 225 0 0 0 0
1483 225 0 0 0 0
1726 225 1 11 1 1
147 295 1 0 0 0
390 295 1 3 1 1
633 295 0 0 0 0
876 295 0 0 0 0
1119 295 0 0 0 0
1362 295 0 0 0 0
1605 295 0 0 0 0
268 365 1 3 0 1
511 365 0 0 0 0
754 365 0 0 0 0
997 365 0 0 0 0
1240 365 0 0 0 0
1483 365 1 4 1 1
1726 365 0 0 0 0
147 435 0 0 0 0
390 435 1 3 0 1
633 435 1 0 0 1
876 435 0 0 0 0
1119 435 0 0 0 0
1362 435 1 4 0 1
1605 435 0 0 0 0
268 505 0 0 0 0
511 505 0 0 0 0
754 505 1 0 1 1
997 505 0 0 0 0
1240 505 0 0 0 0
1483 505 0 0 0 0
1726 505 1 2 0 1
147 575 0 0 0 0
390 575 0 0 0 0
633 575 0 0 0 0
876 575 1 0 0 1
1119 575 1 5 1 1
1362 575 1 6 1 1
1605 575 1 2 0 1
268 645 1 12 1 1
511 645 1 0 0 0
754 645 1 0 0 1
997 645 1 5 0 1
1240 645 1 5 0 1
1483 645 0 0 0 0
1726 645 1 2 1 1
147 715 0 0 0 0
390 715 1 12 0 1
633 715 1 1 0 1
876 715 0 0 0 0
1119 715 0 0 0 0
1362 715 0 0 0 0
1605 715 0 0 0 0
268 785 0 0 0 0
511 785 1 0 0 0
754 785 1 1 1 1
997 785 1 7 1 1
1240 785 1 10 1 1
1483 785 0 0 0 0
1726 785 1 2 0 1
147 855 1 8 1 1
390 855 0 0 0 0
633 855 0 0 0 0
876 855 1 1 0 1
1119 855 1 7 0 1
1362 855 0 0 0 0
1605 855 0 0 0 0
0 4 36 0 0 0 0
2 4
2 3
2 6
3 5
4 3 3 0 62 0 0
2 8
2 7
3 9
1035 870 1058 870 1 1 1 1644500755 31885 0.000000 1 7
1035 835 1058 835 1 1 1 1644500755 31886 0.000000 1 7
1035 800 1058 800 1 1 1 1644500755 31886 0.000000 1 7
1035 870 1058 870 1 1 1 1644500755 31886 180000.000000 1 7
1035 835 1058 835 1 1 1 1644500755 31886 180000.000000 1 7
1035 800 1058 800 1 1 1 1644500755 31886 180000.000000 1 7
1035 870 1058 870 1 1 1 1644500755 31886 360000.000000 1 7
1035 835 1058 835 1 1 1 1644500755 31886 360000.000000 1 7
1035 800 1058 800 1 1 1 1644500755 31886 360000.000000 1 7
1035 870 1058 870 1 1 1 1644500755 31886 540000.000000 1 7
1035 835 1058 835 1 1 1 1644500755 31886 540000.000000 1 7
1035 800 1058 800 1 1 1 1644500755 31886 540000.000000 1 7
1035 870 1058 870 1 1 1 1644500755 31886 720000.000000 1 7
1035 835 1058 835 1 1 1 1644500755 31887 720000.000000 1 7
1035 800 1058 800 1 1 1 1644500755 31887 720000.000000 1 7
1035 870 1058 870 1 1 1 1644500755 31887 900000.000000 1 7
1035 835 1058 835 1 1 1 1644500755 31887 900000.000000 1 7
1035 800 1058 800 1 1 1 1644500755 31887 900000.000000 1 7
1035 870 1058 870 1 1 1 1644500755 31887 1080000.000000 1 7
1035 835 1058 835 1 1 1 1644500755 31887 1080000.000000 1 7
1035 800 1058 800 1 1 1 1644500755 31887 1080000.000000 1 7
1035 870 1058 870 1 1 1 1644500755 31887 1260000.000000 1 7
1035 835 1058 835 1 1 1 1644500755 31887 1260000.000000 1 7
1035 800 1058 800 1 1 1 1644500755 31887 1260000.000000 1 7
891 835 1564 450 3 1 1 1644500757 207838 0.000000 1 4
879 795 1544 415 3 1 1 1644500757 207838 0.000000 1 4
1123 595 1524 380 3 1 1 1644500757 207838 0.000000 1 4
867 850 1564 450 3 1 1 1644500757 207838 180000.000000 1 4
855 810 1544 415 3 1 1 1644500757 548105 0.000000 1 4
883 745 1524 380 3 1 1 1644500757 548106 0.000000 1 4
867 850 1564 450 3 1 1 1644500757 548107 0.000000 1 4
871 800 1544 415 3 1 1 1644500757 548107 180000.000000 1 4
883 745 1524 380 3 1 1 1644500757 548107 180000.000000 1 4
883 840 1564 450 3 1 1 1644500757 548107 180000.000000 1 4
869 823 1787 695 3 1 1 1644500757 920970 0.000000 1 2
900 780 1782 660 3 1 1 1644500757 920970 0.000000 1 2
874 858 1792 730 3 1 1 1644500757 920970 0.000000 1 2
896 817 1787 695 3 1 1 1644500757 920970 180000.000000 1 2
1026 752 1782 660 3 1 1 1644500757 920970 180000.000000 1 2
874 858 1792 730 3 1 1 1644500757 920970 180000.000000 1 2
923 811 1787 695 3 1 1 1644500758 95420 0.000000 1 2
1098 736 1782 660 3 1 1 1644500758 95420 0.000000 1 2
901 852 1792 730 3 1 1 1644500758 95420 0.000000 1 2
905 815 1787 695 3 1 1 1644500758 95420 180000.000000 1 2
506 330 491 310 3 1 1 1644500758 471147 0.000000 1 3
426 400 411 380 3 1 1 1644500758 471148 0.000000 1 3
466 365 451 345 3 1 1 1644500758 471148 0.000000 1 3
855 800 491 310 3 1 1 1644500759 46144 0.000000 1 3
1045 820 1792 730 4 1 1 1644500760 233060 0.000000 1 2
1040 785 1787 695 4 1 1 1644500760 403433 0.000000 1 2
1759 660 1782 660 4 1 1 1644500760 403434 0.000000 1 2
1000 830 1792 730 4 1 1 1644500760 403434 0.000000 1 2
1764 695 1787 695 4 1 1 1644500760 403434 180000.000000 1 2
1759 660 1782 660 4 1 1 1644500760 403434 180000.000000 1 2
982 834 1792 730 4 1 1 1644500760 574847 0.000000 1 2
1764 695 1787 695 4 1 1 1644500761 16576 0.000000 1 2
1759 660 1782 660 4 1 1 1644500761 730430 0.000000 1 2
1769 730 1792 730 4 1 1 1644500761 900606 0.000000 1 2
1764 695 1787 695 4 1 1 1644500762 35861 0.000000 1 2
1759 660 1782 660 4 1 1 1644500762 274449 0.000000 1 2
1769 730 1792 730 4 1 1 1644500763 21627 0.000000 1 2
466 365 451 345 4 1 1 1644500764 43398 0.000000 1 3
4 4 8 0 50 0 0
6 6
6 5
6 8
6 4
942 843 820 870 2 1 1 1644500755 31888 0.000000 2 1
927 810 815 835 2 1 1 1644500755 31888 0.000000 2 1
932 773 810 800 2 1 1 1644500755 31888 0.000000 2 1
932 845 820 870 2 1 1 1644500755 31897 180000.000000 2 1
927 810 815 835 2 1 1 1644500755 31897 180000.000000 2 1
932 773 810 800 2 1 1 1644500755 31897 180000.000000 2 1
932 845 820 870 2 1 1 1644500755 31898 360000.000000 2 1
947 806 815 835 2 1 1 1644500755 31898 360000.000000 2 1
1642 674 810 800 2 1 1 1644500755 31898 360000.000000 2 1
952 841 820 870 2 1 1 1644500755 31898 540000.000000 2 1
947 806 815 835 2 1 1 1644500755 31898 540000.000000 2 1
1642 674 810 800 2 1 1 1644500755 31898 540000.000000 2 1
952 841 820 870 2 1 1 1644500755 31898 720000.000000 2 1
977 800 815 835 2 1 1 1644500755 31898 720000.000000 2 1
1712 667 810 800 2 1 1 1644500755 31898 720000.000000 2 1
872 857 820 870 2 1 1 1644500755 31898 900000.000000 2 1
1657 708 815 835 2 1 1 1644500755 31898 900000.000000 2 1
1712 667 810 800 2 1 1 1644500755 31898 900000.000000 2 1
842 863 820 870 2 1 1 1644500755 31898 1080000.000000 2 1
1657 708 815 835 2 1 1 1644500755 31899 1080000.000000 2 1
1772 661 810 800 2 1 1 1644500755 31899 1080000.000000 2 1
842 863 820 870 2 1 1 1644500755 31899 1260000.000000 2 1
1727 701 815 835 2 1 1 1644500755 31899 1260000.000000 2 1
1782 660 810 800 2 1 1 1644500755 31899 1260000.000000 2 1
842 863 820 870 4 1 1 1644500757 3753 0.000000 2 1
837 828 815 835 4 1 1 1644500757 3753 0.000000 2 1
1152 729 810 800 4 1 1 1644500757 3753 0.000000 2 1
842 863 820 870 4 1 1 1644500757 3753 180000.000000 2 1
837 828 815 835 4 1 1 1644500757 3753 180000.000000 2 1
832 793 810 800 4 1 1 1644500757 172796 0.000000 2 1
842 863 820 870 4 1 1 1644500757 172796 0.000000 2 1
837 828 815 835 4 1 1 1644500757 172796 0.000000 2 1
832 793 810 800 4 1 1 1644500757 172796 180000.000000 2 1
1523 474 1504 450 4 1 1 1644500757 343210 0.000000 2 4
1563 439 1544 415 4 1 1 1644500757 343210 0.000000 2 4
1603 404 1584 380 4 1 1 1644500757 343210 0.000000 2 4
1523 474 1504 450 4 1 1 1644500757 548109 0.000000 2 4
1563 439 1544 415 4 1 1 1644500757 548109 0.000000 2 4
1603 404 1584 380 4 1 1 1644500757 548109 0.000000 2 4
1523 474 1504 450 4 1 1 1644500758 25700 0.000000 2 4
837 828 815 835 4 1 1 1644500759 46146 0.000000 2 1
486 315 460 310 4 1 1 1644500760 403434 0.000000 2 3
1093 861 1064 870 4 1 1 1644500762 35862 0.000000 2 7
1087 826 1058 835 4 1 1 1644500762 35862 0.000000 2 7
866 392 460 310 4 0 1 1644500764 43399 0.000000 2 3
848 462 442 380 4 0 1 1644500764 43399 0.000000 2 3
857 427 451 345 4 0 1 1644500764 43399 0.000000 2 3
1026 429 460 310 4 0 1 1644500764 586033 0.000000 2 3
1008 499 442 380 4 0 1 1644500764 586033 0.000000 2 3
1017 464 451 345 4 0 1 1644500764 586033 0.000000 2 3
4 4 6 0 27 0 0
1 1
1 3
0 2
0 0
760 850 775 870 3 1 1 1644500755 31900 0.000000 3 1
800 815 815 835 3 1 1 1644500755 31900 0.000000 3 1
840 780 855 800 3 1 1 1644500755 31900 0.000000 3 1
760 850 775 870 3 1 1 1644500755 31900 180000.000000 3 1
800 815 815 835 3 1 1 1644500755 31900 180000.000000 3 1
840 780 855 800 3 1 1 1644500755 31900 180000.000000 3 1
760 850 775 870 3 1 1 1644500755 31900 360000.000000 3 1
800 815 815 835 3 1 1 1644500755 31900 360000.000000 3 1
840 780 855 800 3 1 1 1644500755 31900 360000.000000 3 1
760 850 775 870 3 1 1 1644500755 31900 540000.000000 3 1
800 815 815 835 3 1 1 1644500755 31901 540000.000000 3 1
840 780 855 800 3 1 1 1644500755 31901 540000.000000 3 1
760 850 775 870 3 1 1 1644500755 31901 720000.000000 3 1
800 815 815 835 3 1 1 1644500755 31901 720000.000000 3 1
840 780 855 800 3 1 1 1644500755 31901 720000.000000 3 1
760 850 775 870 3 1 1 1644500755 31901 900000.000000 3 1
800 815 815 835 3 1 1 1644500755 31901 900000.000000 3 1
840 780 855 800 3 1 1 1644500755 31901 900000.000000 3 1
760 850 775 870 3 1 1 1644500755 31901 1080000.000000 3 1
800 815 815 835 3 1 1 1644500755 31901 1080000.000000 3 1
840 780 855 800 3 1 1 1644500755 31901 1080000.000000 3 1
760 850 775 870 3 1 1 1644500755 31901 1260000.000000 3 1
800 815 815 835 3 1 1 1644500755 31902 1260000.000000 3 1
840 780 855 800 3 1 1 1644500755 31902 1260000.000000 3 1
1216 553 1778 730 3 1 1 1644500757 207839 0.000000 3 2
1207 513 1787 695 3 1 1 1644500757 207839 0.000000 3 2
1000 430 1796 660 3 1 1 1644500758 95430 0.000000 3 2
4 2 3 0 40 0 0
5 2
5 3
1648 618 1747 730 4 1 1 1644500755 31902 0.000000 4 2
1712 611 1787 695 4 1 1 1644500755 31902 0.000000 4 2
1776 604 1827 660 4 1 1 1644500755 31902 0.000000 4 2
1648 618 1747 730 4 1 1 1644500755 31903 180000.000000 4 2
1712 611 1787 695 4 1 1 1644500755 31903 180000.000000 4 2
1776 604 1827 660 4 1 1 1644500755 31903 180000.000000 4 2
1678 653 1747 730 4 1 1 1644500755 31903 360000.000000 4 2
1742 646 1787 695 4 1 1 1644500755 31903 360000.000000 4 2
1806 639 1827 660 4 1 1 1644500755 31903 360000.000000 4 2
1678 653 1747 730 4 1 1 1644500755 31903 540000.000000 4 2
1766 674 1787 695 4 1 1 1644500755 31903 540000.000000 4 2
1806 639 1827 660 4 1 1 1644500755 31903 540000.000000 4 2
1726 709 1747 730 4 1 1 1644500755 31903 720000.000000 4 2
1766 674 1787 695 4 1 1 1644500755 31903 720000.000000 4 2
1806 639 1827 660 4 1 1 1644500755 31904 720000.000000 4 2
1726 709 1747 730 4 1 1 1644500755 31904 900000.000000 4 2
1766 674 1787 695 4 1 1 1644500755 31904 900000.000000 4 2
1806 639 1827 660 4 1 1 1644500755 31904 900000.000000 4 2
1726 709 1747 730 4 1 1 1644500755 31904 1080000.000000 4 2
1766 674 1787 695 4 1 1 1644500755 31904 1080000.000000 4 2
1806 639 1827 660 4 1 1 1644500755 31904 1080000.000000 4 2
1726 709 1747 730 4 1 1 1644500755 31904 1260000.000000 4 2
1766 674 1787 695 4 1 1 1644500755 31904 1260000.000000 4 2
1806 639 1827 660 4 1 1 1644500755 31904 1260000.000000 4 2
1069 724 835 870 4 1 1 1644500757 3754 0.000000 4 1
1175 619 815 835 4 1 1 1644500757 172797 0.000000 4 1
476 310 453 310 4 1 1 1644500758 435959 0.000000 4 3
1052 401 449 380 4 1 1 1644500758 435960 0.000000 4 3
474 345 451 345 4 1 1 1644500758 435960 0.000000 4 3
476 310 453 310 4 1 1 1644500758 435960 180000.000000 4 3
860 851 835 870 4 1 1 1644500759 46146 0.000000 4 1
1265 569 815 835 4 1 1 1644500759 46147 0.000000 4 1
1263 524 795 800 4 1 1 1644500759 46147 0.000000 4 1
860 851 835 870 4 1 1 1644500759 46147 180000.000000 4 1
474 345 451 345 4 1 1 1644500760 403435 0.000000 4 3
476 310 453 310 4 1 1 1644500760 403435 0.000000 4 3
1108 846 1088 870 4 1 1 1644500762 35862 0.000000 4 7
1078 811 1058 835 4 1 1 1644500762 35862 0.000000 4 7
616 310 453 310 4 0 1 1644500764 43400 0.000000 4 3
612 380 449 380 4 0 1 1644500764 43400 0.000000 4 3
10 3 20 0 0 0 0
4 5
4 6
3 6
10 1 20 0 0 0 0
5 5
4 2 3 0 10 0 0
3 8
4 9
918 870 815 870 1 1 1 1644500757 40738 0.000000 7 1
948 835 815 835 1 1 1 1644500757 40738 0.000000 7 1
938 800 815 800 1 1 1 1644500757 40738 0.000000 7 1
918 870 815 870 1 1 1 1644500757 40738 180000.000000 7 1
908 835 815 835 1 1 1 1644500757 40738 180000.000000 7 1
1058 800 815 800 1 1 1 1644500761 53292 0.000000 7 1
1028 870 815 870 1 1 1 1644500761 53293 0.000000 7 1
1058 835 815 835 1 1 1 1644500761 53293 0.000000 7 1
1058 800 815 800 1 1 1 1644500761 53293 180000.000000 7 1
443 395 423 380 4 1 1 1644500764 586033 0.000000 7 3
10 1 20 0 0 0 0
0 9
10 1 20 0 0 0 0
3 0
10 1 20 0 0 0 0
4 8
10 1 20 0 0 0 0
6 0
10 2 20 0 0 0 0
0 6
1 7
3
1 494 726 0 0 0 0 0.000000 0
1 926 667 0 0 0 0 0.000000 0
1 620 735 0 0 0 0 0.000000 0
0 1 10 -1 -1 1
0 1 10 -1 -1 1
0 1 10 -1 -1 1
0 1 10 -1 -1 1
0 1 10 -1 -1 1
0
