arya                            
8 50 20 10 0 1
7 10 57 127 4 1 13
178 197 1 8 1 1
421 197 0 0 0 0
664 197 0 0 0 0
907 197 0 0 0 0
1150 197 1 6 1 1
1393 197 1 0 0 0
1636 197 0 0 0 0
57 267 1 8 0 1
300 267 1 8 0 1
543 267 1 2 1 1
786 267 0 0 0 0
1029 267 1 3 0 1
1272 267 0 0 0 0
1515 267 0 0 0 0
178 337 0 0 0 0
421 337 0 0 0 0
664 337 0 0 0 0
907 337 1 3 1 1
1150 337 1 6 0 1
1393 337 1 0 0 0
1636 337 0 0 0 0
57 407 1 9 1 1
300 407 0 0 0 0
543 407 0 0 0 0
786 407 1 3 0 1
1029 407 1 3 0 1
1272 407 0 0 0 0
1515 407 0 0 0 0
178 477 1 9 0 1
421 477 1 4 1 1
664 477 0 0 0 0
907 477 0 0 0 0
1150 477 1 0 0 0
1393 477 0 0 0 0
1636 477 0 0 0 0
57 547 1 1 0 1
300 547 1 4 0 1
543 547 0 0 0 0
786 547 0 0 0 0
1029 547 0 0 0 0
1272 547 1 0 0 0
1515 547 0 0 0 0
178 617 1 1 0 1
421 617 0 0 0 0
664 617 1 12 1 1
907 617 1 7 0 1
1150 617 0 0 0 0
1393 617 1 0 0 1
1636 617 1 11 1 1
57 687 1 1 1 1
300 687 0 0 0 0
543 687 1 12 0 1
786 687 1 10 0 1
1029 687 1 7 1 1
1272 687 1 0 0 1
1515 687 0 0 0 0
178 757 0 0 0 0
421 757 1 5 0 1
664 757 1 10 0 1
907 757 1 7 0 1
1150 757 1 7 0 1
1393 757 1 0 1 1
1636 757 0 0 0 0
57 827 0 0 0 0
300 827 1 5 1 1
543 827 0 0 0 0
786 827 1 10 1 1
1029 827 0 0 0 0
1272 827 1 0 0 1
1515 827 1 0 0 1
0 5 10 0 0 0 0
5 8
5 9
5 7
5 6
6 9
1 3 10 0 0 0 0
0 7
0 6
0 5
2 1 10 0 0 0 0
2 1
3 4 10 0 0 0 0
3 2
3 3
4 3
4 1
4 2 10 0 0 0 0
1 4
1 5
10 2 20 0 0 0 0
1 9
1 8
10 2 20 0 0 0 0
4 0
4 2
10 4 20 0 0 0 0
4 7
4 8
3 8
3 6
10 3 20 0 0 0 0
0 0
0 1
1 1
10 2 20 0 0 0 0
0 3
0 4
10 3 20 0 0 0 0
3 9
3 7
2 8
10 1 20 0 0 0 0
6 6
10 2 20 0 0 0 0
2 6
2 7
0
0 1 10 -1 -1 1
0 1 10 -1 -1 1
0 1 10 -1 -1 1
0 1 10 -1 -1 1
0 1 10 -1 -1 1
0
