arya                            
6 50 20 10
7 9 18 198 4 1 11
139 268 0 0 0 0
382 268 0 0 0 0
625 268 1 5 1 1
868 268 1 0 0 0
1111 268 0 0 0 0
1354 268 0 0 0 0
1597 268 1 8 1 1
18 338 1 0 1 1
261 338 0 0 0 0
504 338 1 5 0 1
747 338 0 0 0 0
990 338 0 0 0 0
1233 338 0 0 0 0
1476 338 1 8 0 1
139 408 0 0 0 0
382 408 1 7 1 1
625 408 0 0 0 0
868 408 0 0 0 0
1111 408 0 0 0 0
1354 408 0 0 0 0
1597 408 1 8 0 1
18 478 1 0 0 1
261 478 0 0 0 0
504 478 1 7 0 1
747 478 0 0 0 0
990 478 0 0 0 0
1233 478 0 0 0 0
1476 478 1 10 1 1
139 548 1 2 1 1
382 548 0 0 0 0
625 548 1 6 0 1
868 548 1 4 0 1
1111 548 0 0 0 0
1354 548 0 0 0 0
1597 548 1 10 0 1
18 618 0 0 0 0
261 618 1 2 0 1
504 618 0 0 0 0
747 618 1 6 0 1
990 618 1 4 1 1
1233 618 1 3 1 1
1476 618 0 0 0 0
139 688 1 2 0 1
382 688 1 1 0 1
625 688 1 6 1 1
868 688 0 0 0 0
1111 688 0 0 0 0
1354 688 0 0 0 0
1597 688 0 0 0 0
18 758 0 0 0 0
261 758 0 0 0 0
504 758 1 1 0 1
747 758 0 0 0 0
990 758 0 0 0 0
1233 758 1 3 0 1
1476 758 0 0 0 0
139 828 0 0 0 0
382 828 1 1 1 1
625 828 0 0 0 0
868 828 0 0 0 0
1111 828 1 9 1 1
1354 828 1 0 0 0
1597 828 1 0 0 0
0 2 10 0 0 0
0 1
0 3
2 3 10 0 0 0
1 8
1 6
2 7
3 3 10 0 0 0
0 4
0 6
1 5
4 2 10 0 0 0
5 5
5 7
1 2 10 0 0 0
4 5
3 4
10 2 20 0 0 0
2 0
2 1
10 3 20 0 0 0
2 6
2 4
3 5
10 2 20 0 0 0
1 2
2 3
10 3 20 0 0 0
6 0
6 1
6 2
10 1 20 0 0 0
4 8
10 2 20 0 0 0
6 3
6 4
0
0 10 -1 1
0 10 -1 1
0 10 -1 1
0 10 -1 1
0 10 -1 1
0
