arya                            
8 50 20 10 0
7 9 26 194 4 1 13
147 264 0 0 0 0
390 264 1 4 1 1
633 264 1 10 1 1
876 264 0 0 0 0
1119 264 1 2 1 1
1362 264 1 8 1 0
1605 264 1 3 0 1
26 334 0 6 0 0
269 334 1 4 0 1
512 334 0 2 1 0
755 334 1 10 0 1
998 334 0 0 0 0
1241 334 1 2 0 1
1484 334 1 3 0 1
147 404 1 11 1 1
390 404 1 4 0 1
633 404 0 2 0 0
876 404 0 0 0 0
1119 404 1 2 0 1
1362 404 0 0 0 0
1605 404 1 3 1 1
26 474 1 11 1 1
269 474 0 0 0 0
512 474 1 12 0 1
755 474 0 5 1 0
998 474 0 0 1 0
1241 474 0 0 0 0
1484 474 0 3 1 0
147 544 1 5 0 1
390 544 0 10 0 0
633 544 0 0 0 0
876 544 1 8 1 1
1119 544 1 0 0 1
1362 544 0 0 0 0
1605 544 0 3 0 0
26 614 0 0 0 0
269 614 1 5 1 1
512 614 1 12 1 1
755 614 0 1 0 0
998 614 0 0 0 0
1241 614 1 0 1 1
1484 614 1 9 1 1
147 684 1 1 0 1
390 684 0 0 0 0
633 684 0 0 0 0
876 684 0 1 0 0
1119 684 1 0 1 1
1362 684 1 9 0 1
1605 684 0 0 0 0
26 754 0 9 1 0
269 754 1 1 0 1
512 754 0 0 0 0
755 754 1 6 1 1
998 754 1 0 0 1
1241 754 1 0 0 1
1484 754 0 11 0 0
147 824 1 1 1 1
390 824 1 7 1 1
633 824 0 0 0 0
876 824 1 6 1 1
1119 824 1 0 1 1
1362 824 1 0 0 0
1605 824 0 11 1 0
0 6 10 0 0 0 0
4 6
4 7
4 8
4 4
5 7
5 5
2 3 10 0 0 0 0
0 8
0 6
1 7
1 3 10 0 0 0 0
4 0
4 2
5 1
3 3 10 0 0 0 0
6 2
6 1
6 0
4 3 10 0 0 0 0
1 0
1 1
1 2
10 2 20 0 0 0 0
1 5
0 4
10 2 20 0 0 0 0
3 8
3 7
10 1 20 0 0 0 0
1 8
10 1 20 0 0 0 0
3 4
10 2 20 0 0 0 0
6 5
5 6
10 2 20 0 0 0 0
2 0
3 1
10 2 20 0 0 0 0
0 3
0 2
10 2 20 0 0 0 0
2 5
2 3
0
0 1 10 -1 1
0 1 10 -1 1
0 1 10 -1 1
0 1 10 -1 1
0 1 10 -1 1
0
