arya                            
8 50 20 10
7 11 70 98 4 1 13
191 168 1 8 1 0
434 168 1 11 1 0
677 168 1 1 0 0
920 168 1 1 1 1
1163 168 0 6 1 0
1406 168 1 7 1 1
1649 168 1 10 1 0
70 238 1 5 1 1
313 238 0 4 0 0
556 238 1 3 1 0
799 238 0 1 1 0
1042 238 0 3 1 0
1285 238 1 0 0 1
1528 238 0 10 0 0
191 308 1 5 1 1
434 308 1 8 1 1
677 308 0 1 0 0
920 308 0 1 0 0
1163 308 1 0 0 1
1406 308 0 2 0 0
1649 308 0 2 0 0
70 378 1 5 1 1
313 378 1 8 1 1
556 378 1 8 0 1
799 378 0 1 1 0
1042 378 0 3 1 0
1285 378 1 0 1 1
1528 378 0 4 0 0
191 448 1 2 0 1
434 448 1 8 1 1
677 448 0 0 0 0
920 448 0 0 0 0
1163 448 0 4 1 0
1406 448 0 4 1 0
1649 448 0 0 0 0
70 518 1 2 0 1
313 518 1 2 1 1
556 518 1 8 0 1
799 518 0 0 1 0
1042 518 1 6 0 1
1285 518 1 0 0 1
1528 518 0 4 1 0
191 588 1 2 1 1
434 588 0 0 1 0
677 588 1 3 0 1
920 588 0 0 0 0
1163 588 1 6 1 1
1406 588 1 11 1 1
1649 588 1 10 1 0
70 658 0 2 0 0
313 658 1 2 0 1
556 658 1 3 1 1
799 658 0 0 1 0
1042 658 0 3 1 0
1285 658 0 8 1 0
1528 658 0 6 0 0
191 728 1 2 1 1
434 728 1 0 1 0
677 728 1 3 1 1
920 728 0 2 1 0
1163 728 0 6 0 0
1406 728 1 11 0 1
1649 728 1 10 1 1
70 798 1 9 1 1
313 798 1 2 1 0
556 798 1 3 0 1
799 798 0 0 1 0
1042 798 0 7 1 0
1285 798 0 7 0 0
1528 798 0 5 0 0
191 868 1 9 0 1
434 868 1 0 0 0
677 868 0 0 0 0
920 868 1 4 1 1
1163 868 0 6 1 0
1406 868 1 12 1 1
1649 868 1 10 1 1
0 4 10 0 0 0
5 3
5 5
5 1
4 2
2 1 10 0 0 0
3 0
3 6 10 0 0 0
0 6
0 5
0 8
0 4
1 7
1 5
1 4 10 0 0 0
2 8
2 9
2 7
2 6
4 1 10 0 0 0
3 10
10 3 20 0 0 0
0 3
0 2
0 1
10 2 20 0 0 0
4 6
4 5
10 1 20 0 0 0
5 0
10 5 20 0 0 0
1 4
1 3
1 2
2 5
2 3
10 2 20 0 0 0
0 9
0 10
10 2 20 0 0 0
6 10
6 8
10 2 20 0 0 0
5 6
5 8
10 1 20 0 0 0
5 10
0
0 10 -1 1
0 10 -1 1
0 10 -1 1
0 10 -1 1
0 10 -1 1
0
