arya                            
6 50 20 10
7 11 157 104 4 1 11
278 174 0 0 0 0
521 174 1 2 0 1
764 174 0 0 0 0
1007 174 0 0 0 0
1250 174 1 4 0 1
1493 174 1 8 0 1
1736 174 1 0 0 0
157 244 1 0 0 0
400 244 0 0 0 0
643 244 1 2 1 1
886 244 1 3 0 1
1129 244 1 3 0 1
1372 244 1 4 0 1
1615 244 1 8 0 1
278 314 1 0 0 0
521 314 1 2 0 1
764 314 1 2 0 1
1007 314 1 3 1 1
1250 314 1 4 1 1
1493 314 1 8 1 1
1736 314 0 0 0 0
157 384 1 6 0 1
400 384 1 9 0 1
643 384 0 0 0 0
886 384 0 0 0 0
1129 384 1 3 0 1
1372 384 1 4 0 1
1615 384 1 5 0 1
278 454 0 0 0 0
521 454 1 9 1 1
764 454 0 0 0 0
1007 454 1 3 0 1
1250 454 0 0 0 0
1493 454 0 0 0 0
1736 454 1 5 1 1
157 524 1 6 1 1
400 524 1 9 0 1
643 524 0 0 0 0
886 524 1 7 0 1
1129 524 1 10 1 1
1372 524 0 0 0 0
1615 524 0 0 0 0
278 594 0 0 0 0
521 594 1 9 0 1
764 594 1 7 1 1
1007 594 1 10 0 1
1250 594 0 0 0 0
1493 594 1 0 0 0
1736 594 1 5 0 1
157 664 1 6 0 1
400 664 0 0 0 0
643 664 1 7 0 1
886 664 0 0 0 0
1129 664 0 0 0 0
1372 664 1 0 0 1
1615 664 0 0 0 0
278 734 1 0 0 0
521 734 0 0 0 0
764 734 1 7 0 1
1007 734 0 0 0 0
1250 734 1 0 0 1
1493 734 1 0 0 1
1736 734 1 0 0 0
157 804 0 0 0 0
400 804 1 1 0 1
643 804 0 0 0 0
886 804 1 0 0 0
1129 804 0 0 0 0
1372 804 1 0 1 1
1615 804 0 0 0 0
278 874 0 0 0 0
521 874 1 1 1 1
764 874 0 0 0 0
1007 874 0 0 0 0
1250 874 0 0 0 0
1493 874 0 0 0 0
1736 874 0 0 0 0
0 4 10 0 0 0
5 9
5 8
5 7
4 8
2 2 10 0 0 0
1 10
1 9
3 4 10 0 0 0
2 1
2 2
1 2
1 0
1 5 10 0 0 0
3 2
3 1
3 4
4 3
4 1
4 4 10 0 0 0
4 2
4 0
5 3
5 1
10 3 20 0 0 0
6 4
6 3
6 6
10 3 20 0 0 0
0 5
0 7
0 3
10 4 20 0 0 0
2 6
2 7
2 8
3 5
10 3 20 0 0 0
5 2
5 0
6 1
10 4 20 0 0 0
1 4
1 5
1 3
1 6
10 2 20 0 0 0
4 5
3 6
0
0 10 -1 1
0 10 -1 1
0 10 -1 1
0 10 -1 1
0 10 -1 1
0
