arya                            
8 50 20 10
7 11 108 60 4 1 13
229 130 1 4 1 0
472 130 0 0 0 0
715 130 0 6 0 0
958 130 0 0 0 0
1201 130 1 7 0 0
1444 130 0 0 0 0
1687 130 1 10 1 1
108 200 1 5 0 1
351 200 1 1 0 1
594 200 1 1 0 1
837 200 1 7 0 1
1080 200 0 7 0 0
1323 200 0 8 1 0
1566 200 0 5 0 0
229 270 1 5 0 1
472 270 1 1 1 1
715 270 1 7 1 1
958 270 1 0 0 1
1201 270 1 2 1 1
1444 270 1 2 1 1
1687 270 1 10 0 1
108 340 1 5 1 1
351 340 0 4 0 0
594 340 0 0 0 0
837 340 0 1 0 0
1080 340 1 0 0 1
1323 340 1 2 1 1
1566 340 0 6 1 0
229 410 0 0 0 0
472 410 0 4 0 0
715 410 1 7 0 1
958 410 1 0 1 1
1201 410 0 7 0 0
1444 410 1 2 0 1
1687 410 1 6 0 0
108 480 1 5 0 1
351 480 1 7 0 0
594 480 0 0 0 0
837 480 1 0 0 1
1080 480 0 1 0 0
1323 480 0 0 0 0
1566 480 0 0 0 0
229 550 0 0 0 0
472 550 0 0 0 0
715 550 0 0 0 0
958 550 0 0 0 0
1201 550 1 0 0 0
1444 550 0 0 0 0
1687 550 1 3 0 0
108 620 0 0 0 0
351 620 1 9 1 1
594 620 0 0 0 0
837 620 1 12 1 1
1080 620 0 1 1 0
1323 620 1 3 1 1
1566 620 0 3 1 0
229 690 1 9 1 1
472 690 0 0 0 0
715 690 0 0 0 0
958 690 1 11 1 1
1201 690 0 1 0 0
1444 690 1 3 1 1
1687 690 1 3 1 0
108 760 0 0 0 0
351 760 1 6 0 1
594 760 0 0 0 0
837 760 0 0 0 0
1080 760 0 0 0 0
1323 760 1 3 0 1
1566 760 1 3 0 1
229 830 1 9 0 1
472 830 1 6 1 1
715 830 1 4 1 1
958 830 1 11 1 1
1201 830 1 8 1 1
1444 830 1 3 0 1
1687 830 1 0 0 0
0 4 10 0 0 0
3 4
3 5
3 2
4 3
2 3 10 0 0 0
1 2
1 1
2 1
3 4 10 0 0 0
5 3
5 4
5 2
4 2
4 5 10 0 0 0
5 8
5 9
5 7
5 10
6 9
1 1 10 0 0 0
2 10
10 4 20 0 0 0
0 3
0 2
0 5
0 1
10 2 20 0 0 0
1 10
1 9
10 3 20 0 0 0
2 2
2 4
3 1
10 1 20 0 0 0
4 10
10 3 20 0 0 0
0 8
0 10
1 7
10 2 20 0 0 0
6 0
6 2
10 2 20 0 0 0
3 10
3 8
10 1 20 0 0 0
3 7
0
0 10 -1 1
0 10 -1 1
0 10 -1 1
0 10 -1 1
0 10 -1 1
0
