arya                            
8 50 20 10
7 11 92 75 4 1 13
213 145 0 0 0 0
456 145 0 0 0 0
699 145 0 0 0 0
942 145 1 0 0 0
1185 145 1 0 0 0
1428 145 1 3 1 1
1671 145 1 5 0 1
92 215 1 12 1 1
335 215 0 0 0 0
578 215 1 2 0 1
821 215 1 6 0 1
1064 215 1 0 0 0
1307 215 1 3 0 1
1550 215 0 0 0 0
213 285 1 12 0 1
456 285 0 0 0 0
699 285 1 2 0 1
942 285 0 0 0 0
1185 285 0 0 0 0
1428 285 1 3 0 1
1671 285 1 5 1 1
92 355 1 12 0 1
335 355 0 0 0 0
578 355 1 2 1 1
821 355 1 6 1 1
1064 355 0 0 0 0
1307 355 1 11 0 1
1550 355 0 0 0 0
213 425 1 0 0 0
456 425 0 0 0 0
699 425 0 0 0 0
942 425 1 6 0 1
1185 425 1 11 1 1
1428 425 1 0 0 0
1671 425 0 0 0 0
92 495 0 0 0 0
335 495 0 0 0 0
578 495 1 2 0 1
821 495 1 6 0 1
1064 495 0 0 0 0
1307 495 0 0 0 0
1550 495 0 0 0 0
213 565 1 8 0 1
456 565 1 7 1 1
699 565 0 0 0 0
942 565 0 0 0 0
1185 565 1 10 0 1
1428 565 1 10 0 1
1671 565 0 0 0 0
92 635 0 0 0 0
335 635 0 0 0 0
578 635 0 0 0 0
821 635 1 9 0 1
1064 635 0 0 0 0
1307 635 1 10 1 1
1550 635 0 0 0 0
213 705 1 8 1 1
456 705 0 0 0 0
699 705 0 0 0 0
942 705 0 0 0 0
1185 705 0 0 0 0
1428 705 1 10 0 1
1671 705 1 1 0 1
92 775 1 8 0 1
335 775 0 0 0 0
578 775 1 0 0 1
821 775 1 9 1 1
1064 775 0 0 0 0
1307 775 1 4 0 1
1550 775 0 0 0 0
213 845 1 8 0 1
456 845 1 0 1 1
699 845 0 0 0 0
942 845 0 0 0 0
1185 845 1 4 1 1
1428 845 0 0 0 0
1671 845 1 1 1 1
0 2 10 0 0 0 0
1 10
2 9
2 2 10 0 0 0 0
6 10
6 8
4 4 10 0 0 0 0
2 3
2 2
2 5
2 1
3 3 10 0 0 0 0
5 0
5 1
5 2
1 2 10 0 0 0 0
4 10
5 9
10 2 20 0 0 0 0
6 2
6 0
10 4 20 0 0 0 0
3 3
3 4
3 5
3 1
10 1 20 0 0 0 0
1 6
10 4 20 0 0 0 0
0 8
0 9
0 10
0 6
10 2 20 0 0 0 0
3 9
3 7
10 4 20 0 0 0 0
5 7
5 8
5 6
4 6
10 2 20 0 0 0 0
4 4
5 3
10 3 20 0 0 0 0
0 1
0 2
0 3
0
0 0 10 -1 1
0 1 10 -1 1
0 1 10 -1 1
0 1 10 -1 1
0 1 10 -1 1
0
