arya                            
8 50 20 10
7 10 115 112 4 1 13
236 182 1 10 1 0
479 182 1 8 1 0
722 182 1 0 0 0
965 182 1 8 1 0
1208 182 1 5 1 1
1451 182 1 10 1 1
1694 182 0 3 1 0
115 252 1 10 0 0
358 252 0 9 0 0
601 252 0 0 0 0
844 252 1 2 0 0
1087 252 1 5 0 1
1330 252 1 5 0 1
1573 252 0 7 0 0
236 322 1 10 0 0
479 322 0 5 0 0
722 322 1 1 0 0
965 322 0 1 0 0
1208 322 0 7 1 0
1451 322 1 2 0 1
1694 322 1 4 1 0
115 392 0 4 1 0
358 392 1 0 1 1
601 392 1 0 1 1
844 392 0 1 1 0
1087 392 1 8 1 1
1330 392 1 2 0 1
1573 392 0 4 1 0
236 462 0 3 0 0
479 462 1 0 1 1
722 462 0 1 1 0
965 462 1 8 1 1
1208 462 0 3 0 0
1451 462 1 2 1 1
1694 462 0 4 1 0
115 532 1 4 1 1
358 532 0 3 1 0
601 532 1 0 0 1
844 532 1 12 0 1
1087 532 0 3 1 0
1330 532 1 2 0 1
1573 532 0 0 1 0
236 602 1 4 1 1
479 602 1 0 0 1
722 602 1 3 1 1
965 602 1 12 1 1
1208 602 1 0 0 0
1451 602 0 0 0 0
1694 602 1 2 1 0
115 672 1 4 1 1
358 672 1 7 1 1
601 672 0 0 1 0
844 672 1 3 1 1
1087 672 0 1 1 0
1330 672 1 9 1 1
1573 672 1 1 1 1
236 742 0 3 0 0
479 742 1 7 1 1
722 742 1 3 1 1
965 742 0 9 1 0
1208 742 0 2 1 0
1451 742 1 1 1 1
1694 742 1 1 0 1
115 812 1 6 1 1
358 812 0 3 1 0
601 812 0 0 0 0
844 812 0 5 1 0
1087 812 1 11 1 1
1330 812 1 9 1 1
1573 812 1 1 1 1
0 5 10 0 0 0
1 4
1 3
1 6
2 5
2 3
2 4 10 0 0 0
6 9
6 8
6 7
5 8
4 4 10 0 0 0
5 4
5 5
5 3
5 2
3 3 10 0 0 0
2 8
2 6
3 7
1 3 10 0 0 0
0 5
0 6
0 7
10 3 20 0 0 0
4 0
4 1
5 1
10 1 20 0 0 0
0 9
10 2 20 0 0 0
1 8
1 7
10 2 20 0 0 0
4 3
3 4
10 2 20 0 0 0
5 9
5 7
10 1 20 0 0 0
5 0
10 1 20 0 0 0
4 9
10 2 20 0 0 0
3 6
3 5
0
0 10 -1 1
0 10 -1 1
0 10 -1 1
0 10 -1 1
0 10 -1 1
0
