arya                            
8 50 20 10
7 10 77 143 4 1 13
198 213 0 2 0 0
441 213 0 0 0 0
684 213 0 1 0 0
927 213 1 12 1 1
1170 213 0 0 0 0
1413 213 1 11 1 1
1656 213 0 0 0 0
77 283 0 2 1 0
320 283 0 0 0 0
563 283 0 0 0 0
806 283 1 8 0 1
1049 283 0 2 1 0
1292 283 0 0 0 0
1535 283 0 3 0 0
198 353 1 6 0 1
441 353 1 1 1 1
684 353 1 8 1 1
927 353 0 0 0 0
1170 353 0 0 0 0
1413 353 0 0 1 0
1656 353 0 7 0 0
77 423 1 6 1 1
320 423 1 1 1 1
563 423 0 6 0 0
806 423 0 1 0 0
1049 423 0 2 0 0
1292 423 0 0 0 0
1535 423 0 0 1 0
198 493 0 5 0 0
441 493 0 0 0 0
684 493 1 8 0 1
927 493 0 0 0 0
1170 493 0 0 0 0
1413 493 1 3 0 1
1656 493 0 7 1 0
77 563 0 5 0 0
320 563 1 2 1 1
563 563 0 4 1 0
806 563 0 9 0 0
1049 563 1 7 1 1
1292 563 0 0 0 0
1535 563 0 3 0 0
198 633 1 2 0 1
441 633 1 2 0 1
684 633 0 9 0 0
927 633 0 9 0 0
1170 633 0 0 0 0
1413 633 1 3 1 1
1656 633 0 0 0 0
77 703 0 0 0 0
320 703 0 3 1 0
563 703 0 10 0 0
806 703 0 9 1 0
1049 703 1 7 0 1
1292 703 0 0 0 0
1535 703 0 8 0 0
198 773 1 4 0 1
441 773 1 4 1 1
684 773 0 0 0 0
927 773 0 0 0 0
1170 773 1 10 1 1
1413 773 0 8 0 0
1656 773 0 0 0 0
77 843 1 9 1 1
320 843 1 4 1 1
563 843 0 10 1 0
806 843 1 0 1 1
1049 843 0 0 0 0
1292 843 0 5 0 0
1535 843 1 5 1 1
0 1 10 0 0 0
3 9
2 2 10 0 0 0
1 2
1 3
4 3 10 0 0 0
1 5
1 6
0 6
3 2 10 0 0 0
5 6
5 4
1 3 10 0 0 0
1 9
1 8
0 8
10 1 20 0 0 0
6 9
10 2 20 0 0 0
0 3
0 2
10 2 20 0 0 0
4 5
4 7
10 3 20 0 0 0
2 2
2 4
3 1
10 1 20 0 0 0
0 9
10 1 20 0 0 0
4 8
10 1 20 0 0 0
5 0
10 1 20 0 0 0
3 0
0
0 10 -1 1
0 10 -1 1
0 10 -1 1
0 10 -1 1
0 10 -1 1
0
