arya                            
8 50 20 10 0 1
7 11 136 60 4 1 13
257 130 1 11 1 1
500 130 1 4 1 1
743 130 0 0 0 0
986 130 1 3 1 1
1229 130 0 0 0 0
1472 130 0 0 0 0
1715 130 1 10 1 1
136 200 1 11 0 1
379 200 0 0 0 0
622 200 1 4 0 1
865 200 0 0 0 0
1108 200 1 2 0 1
1351 200 1 2 0 1
1594 200 1 10 0 1
257 270 1 11 0 1
500 270 0 0 0 0
743 270 1 7 0 1
986 270 0 0 0 0
1229 270 1 2 1 1
1472 270 1 1 0 1
1715 270 0 0 0 0
136 340 0 0 0 0
379 340 0 0 0 0
622 340 0 0 0 0
865 340 1 7 0 1
1108 340 1 2 0 1
1351 340 1 1 0 1
1594 340 1 1 0 1
257 410 0 0 0 0
500 410 1 6 1 1
743 410 1 7 1 1
986 410 1 8 1 1
1229 410 0 0 0 0
1472 410 1 1 1 1
1715 410 1 9 1 1
136 480 0 0 0 0
379 480 0 0 0 0
622 480 0 0 0 0
865 480 0 0 0 0
1108 480 0 0 0 0
1351 480 0 0 0 0
1594 480 0 0 0 0
257 550 0 0 0 0
500 550 1 6 0 1
743 550 1 7 0 1
986 550 1 8 0 1
1229 550 1 5 0 1
1472 550 1 0 0 1
1715 550 0 0 0 0
136 620 0 0 0 0
379 620 0 0 0 0
622 620 0 0 0 0
865 620 0 0 0 0
1108 620 1 5 0 1
1351 620 0 0 0 0
1594 620 1 0 1 1
257 690 0 0 0 0
500 690 1 12 0 1
743 690 0 0 0 0
986 690 0 0 0 0
1229 690 1 5 1 1
1472 690 0 0 0 0
1715 690 0 0 0 0
136 760 1 0 0 0
379 760 1 12 0 1
622 760 1 12 0 1
865 760 0 0 0 0
1108 760 1 5 0 1
1351 760 1 5 0 1
1594 760 0 0 0 0
257 830 0 0 0 0
500 830 1 12 1 1
743 830 0 0 0 0
986 830 0 0 0 0
1229 830 0 0 0 0
1472 830 0 0 0 0
1715 830 1 0 0 0
0 2 10 0 0 0 0
6 7
5 6
1 4 10 0 0 0 0
5 4
5 3
5 2
6 3
2 4 10 0 0 0 0
4 2
4 3
4 1
5 1
3 1 10 0 0 0 0
3 0
4 2 10 0 0 0 0
1 0
2 1
10 5 20 0 0 0 0
4 8
4 9
4 7
4 6
5 9
10 2 20 0 0 0 0
1 4
1 6
10 4 20 0 0 0 0
2 4
2 6
2 2
3 3
10 2 20 0 0 0 0
3 4
3 6
10 1 20 0 0 0 0
6 4
10 2 20 0 0 0 0
6 0
6 1
10 3 20 0 0 0 0
0 0
0 1
0 2
10 4 20 0 0 0 0
1 10
1 9
1 8
2 9
0
0 1 10 -1 -1 1
0 1 10 -1 -1 1
0 1 10 -1 -1 1
0 1 10 -1 -1 1
0 1 10 -1 -1 1
0
