arya                            
8 50 20 10
7 10 63 177 4 1 13
184 247 1 2 0 1
427 247 1 2 0 1
670 247 0 0 0 0
913 247 0 0 0 0
1156 247 1 9 1 1
1399 247 0 0 0 0
1642 247 0 0 0 0
63 317 0 0 0 0
306 317 1 2 1 1
549 317 0 0 0 0
792 317 0 0 0 0
1035 317 1 5 0 1
1278 317 0 0 0 0
1521 317 1 3 0 1
184 387 0 0 0 0
427 387 1 2 0 1
670 387 0 0 0 0
913 387 0 0 0 0
1156 387 1 5 0 1
1399 387 1 3 1 1
1642 387 1 10 0 1
63 457 1 12 1 1
306 457 0 0 0 0
549 457 0 0 0 0
792 457 1 6 0 1
1035 457 1 5 1 1
1278 457 0 0 0 0
1521 457 1 3 0 1
184 527 1 8 0 1
427 527 1 8 0 1
670 527 0 0 0 0
913 527 0 0 0 0
1156 527 1 5 0 1
1399 527 1 3 0 1
1642 527 1 10 1 1
63 597 0 0 0 0
306 597 1 8 1 1
549 597 1 0 0 0
792 597 1 6 1 1
1035 597 0 0 0 0
1278 597 0 0 0 0
1521 597 1 0 0 1
184 667 1 8 0 1
427 667 0 0 0 0
670 667 0 0 0 0
913 667 1 1 0 1
1156 667 1 1 0 1
1399 667 0 0 0 0
1642 667 1 0 0 1
63 737 0 0 0 0
306 737 1 4 0 1
549 737 0 0 0 0
792 737 0 0 0 0
1035 737 1 1 1 1
1278 737 1 7 1 1
1521 737 1 0 1 1
184 807 1 0 0 0
427 807 1 4 1 1
670 807 1 11 1 1
913 807 0 0 0 0
1156 807 1 1 0 1
1399 807 1 0 0 1
1642 807 1 0 0 1
63 877 0 0 0 0
306 877 0 0 0 0
549 877 0 0 0 0
792 877 0 0 0 0
1035 877 1 1 0 1
1278 877 1 7 0 1
1521 877 1 0 0 1
0 6 10 0 0 0 0
6 7
6 8
6 6
6 9
6 5
5 8
2 5 10 0 0 0 0
4 7
4 8
4 6
4 9
3 6
3 4 10 0 0 0 0
1 1
1 2
1 0
0 0
1 4 10 0 0 0 0
5 2
5 4
6 3
6 1
4 2 10 0 0 0 0
1 8
1 7
10 4 20 0 0 0 0
4 3
4 4
4 2
4 1
10 2 20 0 0 0 0
3 5
3 3
10 2 20 0 0 0 0
5 7
5 9
10 4 20 0 0 0 0
1 5
1 4
0 6
0 4
10 1 20 0 0 0 0
4 0
10 2 20 0 0 0 0
6 4
6 2
10 1 20 0 0 0 0
2 8
10 1 20 0 0 0 0
0 3
0
0 0 10 -1 1
0 1 10 -1 1
0 1 10 -1 1
0 1 10 -1 1
0 1 10 -1 1
0
