4
1
13
0 70 1 0 0 0
243 70 0 0 0 0
486 70 0 0 0 0
729 70 1 7 1 1
972 70 1 0 0 0
1215 70 0 0 0 0
1458 70 0 0 0 0
-122 140 0 0 0 0
121 140 1 6 1 1
364 140 0 0 0 0
607 140 1 7 0 1
850 140 0 0 0 0
1093 140 0 0 0 0
1336 140 1 10 0 1
0 210 0 0 0 0
243 210 0 0 0 0
486 210 1 2 1 1
729 210 1 7 0 1
972 210 0 0 0 0
1215 210 1 0 0 0
1458 210 0 0 0 0
-122 280 0 0 0 0
121 280 1 6 0 1
364 280 0 0 0 0
607 280 0 0 0 0
850 280 1 5 1 1
1093 280 0 0 0 0
1336 280 1 10 1 1
0 350 0 0 0 0
243 350 1 12 1 1
486 350 1 2 0 1
729 350 1 5 0 1
972 350 1 5 0 1
1215 350 0 0 0 0
1458 350 0 0 0 0
-122 420 0 0 0 0
121 420 0 0 0 0
364 420 1 3 1 1
607 420 0 0 0 0
850 420 0 0 0 0
1093 420 0 0 0 0
1336 420 1 4 0 1
0 490 0 0 0 0
243 490 0 0 0 0
486 490 1 3 0 1
729 490 1 0 0 1
972 490 0 0 0 0
1215 490 1 9 1 1
1458 490 0 0 0 0
-122 560 0 0 0 0
121 560 1 1 0 1
364 560 0 0 0 0
607 560 1 0 0 1
850 560 0 0 0 0
1093 560 1 9 0 1
1336 560 1 4 1 1
0 630 1 8 1 1
243 630 1 1 1 1
486 630 0 0 0 0
729 630 1 0 1 1
972 630 0 0 0 0
1215 630 0 0 0 0
1458 630 0 0 0 0
-122 700 0 0 0 0
121 700 0 0 0 0
364 700 0 0 0 0
607 700 1 0 0 1
850 700 1 0 0 1
1093 700 0 0 0 0
1336 700 1 4 0 1
0 770 1 8 0 1
243 770 0 0 0 0
486 770 0 0 0 0
729 770 1 0 0 1
972 770 0 0 0 0
1215 770 0 0 0 0
1458 770 0 0 0 0
-122 840 0 0 0 0
121 840 0 0 0 0
364 840 1 11 1 1
607 840 0 0 0 0
850 840 0 0 0 0
1093 840 0 0 0 0
1336 840 0 0 0 0

0 6 50
3 8
3 9
3 7
3 10
3 6
4 9

3 2 50
1 8
1 7

2 2 50
2 2
2 4

1 2 50
2 5
2 6

4 3 50
6 7
6 9
6 5

10 3 50
4 3
4 4
3 4

10 2 50
1 1
1 3

10 3 50
3 0
3 1
3 2

10 2 50
0 8
0 10

10 2 50
5 6
5 7

10 2 50
6 3
6 1

10 1 50
2 11

10 1 50
1 4

0 0 0

