arya                            
8 50 20 10 0 1
7 11 146 75 6 1 15
267 145 0 6 1 0
510 145 0 5 1 0
753 145 1 5 0 1
996 145 1 5 0 1
1239 145 1 0 1 1
1482 145 1 7 1 1
1725 145 0 0 0 0
146 215 1 1 0 1
389 215 0 5 0 0
632 215 0 0 0 0
875 215 1 5 1 1
1118 215 0 5 1 0
1361 215 0 1 0 0
1604 215 0 0 0 0
267 285 1 1 1 1
510 285 1 3 1 1
753 285 0 0 0 0
996 285 0 2 0 0
1239 285 1 0 0 1
1482 285 1 7 1 1
1725 285 1 10 0 1
146 355 1 1 1 1
389 355 1 3 1 1
632 355 1 6 1 1
875 355 1 5 0 1
1118 355 1 11 1 1
1361 355 1 7 0 1
1604 355 0 0 0 0
267 425 1 1 0 1
510 425 1 3 0 1
753 425 0 4 1 0
996 425 0 0 0 0
1239 425 1 11 0 1
1482 425 1 4 0 1
1725 425 1 10 1 1
146 495 0 8 1 0
389 495 0 13 1 0
632 495 1 6 0 1
875 495 0 4 0 0
1118 495 1 2 1 1
1361 495 0 0 0 0
1604 495 1 4 1 1
267 565 1 3 0 0
510 565 0 3 0 0
753 565 1 14 1 1
996 565 0 2 0 0
1239 565 0 0 0 0
1482 565 1 4 1 1
1725 565 0 1 0 0
146 635 1 9 0 1
389 635 0 3 1 0
632 635 0 0 0 0
875 635 0 9 0 0
1118 635 1 2 1 1
1361 635 1 4 1 1
1604 635 1 4 0 1
267 705 0 3 1 0
510 705 1 7 1 0
753 705 1 12 0 1
996 705 0 9 1 0
1239 705 0 0 0 0
1482 705 0 7 1 0
1725 705 0 0 0 0
146 775 1 9 1 1
389 775 1 7 0 0
632 775 1 0 0 0
875 775 1 12 1 1
1118 775 0 0 0 0
1361 775 0 0 0 0
1604 775 1 8 1 1
267 845 1 9 0 1
510 845 0 0 0 0
753 845 0 0 0 0
996 845 0 0 0 0
1239 845 1 13 1 1
1482 845 1 8 0 1
1725 845 0 0 0 0
0 2 10 0 0 0 0
4 0
4 2
2 4 10 0 0 0 0
0 3
0 4
0 2
0 1
1 2 10 0 0 0 0
4 7
4 5
4 3 10 0 0 0 0
1 3
1 4
1 2
5 5 10 0 0 0 0
5 6
5 7
5 4
6 7
6 5
3 4 10 0 0 0 0
3 1
3 0
3 3
2 0
6 2 10 0 0 0 0
2 3
2 5
10 3 20 0 0 0 0
5 2
5 3
5 0
10 2 20 0 0 0 0
6 9
5 10
10 3 20 0 0 0 0
0 9
0 10
0 7
10 2 20 0 0 0 0
6 4
6 2
10 2 20 0 0 0 0
4 3
4 4
10 2 20 0 0 0 0
3 9
2 8
10 1 20 0 0 0 0
4 10
10 1 20 0 0 0 0
2 6
0
0 1 10 -1 1
0 1 10 -1 1
0 1 10 -1 1
0 1 10 -1 1
0 1 10 -1 1
0 1 10 -1 1
0 1 10 -1 1
0
