arya                            
8 50 20 10
7 11 12 106 5 1 14
133 176 0 0 0 0
376 176 0 0 0 0
619 176 1 0 0 1
862 176 0 5 1 0
1105 176 0 0 0 0
1348 176 0 0 0 0
1591 176 0 0 0 0
12 246 1 13 0 1
255 246 0 0 0 0
498 246 1 0 0 1
741 246 1 0 1 1
984 246 1 3 1 1
1227 246 0 0 0 0
1470 246 1 2 1 1
133 316 1 13 1 1
376 316 1 0 0 0
619 316 1 0 1 1
862 316 1 3 0 1
1105 316 1 3 0 1
1348 316 1 2 1 1
1591 316 1 9 0 1
12 386 0 1 1 0
255 386 0 0 0 0
498 386 1 0 0 1
741 386 1 0 0 1
984 386 0 7 0 0
1227 386 1 2 0 1
1470 386 0 0 0 0
133 456 0 1 0 0
376 456 0 0 0 0
619 456 1 0 1 1
862 456 1 10 1 1
1105 456 0 0 0 0
1348 456 0 4 1 0
1591 456 1 9 1 1
12 526 0 1 0 0
255 526 0 0 0 0
498 526 0 0 0 0
741 526 1 10 0 1
984 526 0 0 0 0
1227 526 1 11 0 1
1470 526 1 7 0 1
133 596 0 0 0 0
376 596 0 0 0 0
619 596 0 2 0 0
862 596 1 10 0 1
1105 596 1 11 1 1
1348 596 1 7 0 1
1591 596 0 0 0 0
12 666 0 0 0 0
255 666 0 0 0 0
498 666 1 2 0 0
741 666 0 0 0 0
984 666 0 0 1 0
1227 666 0 6 0 0
1470 666 1 7 1 1
133 736 0 0 0 0
376 736 0 0 0 0
619 736 1 1 1 1
862 736 1 12 1 1
1105 736 0 0 0 0
1348 736 0 6 1 0
1591 736 0 0 0 0
12 806 0 0 0 0
255 806 1 6 0 1
498 806 1 1 0 1
741 806 1 1 0 1
984 806 1 5 0 1
1227 806 1 4 0 1
1470 806 0 6 0 0
133 876 0 0 0 0
376 876 1 6 1 1
619 876 1 1 1 1
862 876 0 0 0 0
1105 876 1 5 1 1
1348 876 1 4 1 1
1591 876 1 8 1 1
0 7 10 0 0 0
2 2
2 3
2 1
2 4
2 0
3 3
3 1
2 4 10 0 0 0
2 10
2 9
2 8
3 9
4 3 10 0 0 0
5 2
5 3
6 1
1 3 10 0 0 0
4 1
4 2
3 2
5 2 10 0 0 0
5 10
5 9
3 2 10 0 0 0
4 10
4 9
10 2 20 0 0 0
1 10
1 9
10 3 20 0 0 0
6 7
6 5
5 6
10 1 20 0 0 0
6 10
10 2 20 0 0 0
6 4
6 2
10 3 20 0 0 0
3 4
3 5
3 6
10 2 20 0 0 0
4 6
5 5
10 1 20 0 0 0
3 8
10 2 20 0 0 0
0 2
0 1
0
0 10 -1 1
0 10 -1 1
0 10 -1 1
0 10 -1 1
0 10 -1 1
0 10 -1 1
0
