arya                            
8 50 20 10 0 1
7 10 72 135 4 1 13
193 205 1 11 0 1
436 205 1 11 0 1
679 205 1 7 0 1
922 205 0 0 0 0
1165 205 0 0 0 0
1408 205 1 8 1 1
1651 205 0 0 0 0
72 275 1 0 0 1
315 275 1 11 1 1
558 275 0 0 0 0
801 275 1 7 1 1
1044 275 1 6 1 1
1287 275 0 0 0 0
1530 275 1 8 0 1
193 345 1 0 0 1
436 345 0 0 0 0
679 345 1 7 0 1
922 345 0 0 0 0
1165 345 1 6 0 1
1408 345 0 0 0 0
1651 345 0 0 0 0
72 415 1 0 1 1
315 415 0 0 0 0
558 415 0 0 0 0
801 415 1 7 0 1
1044 415 0 0 0 0
1287 415 0 0 0 0
1530 415 1 1 0 1
193 485 0 0 0 0
436 485 1 0 0 0
679 485 1 12 1 1
922 485 1 9 1 1
1165 485 0 0 0 0
1408 485 1 1 0 1
1651 485 1 1 0 1
72 555 1 0 0 1
315 555 0 0 0 0
558 555 0 0 0 0
801 555 0 0 0 0
1044 555 1 3 0 1
1287 555 0 0 0 0
1530 555 1 1 1 1
193 625 0 0 0 0
436 625 0 0 0 0
679 625 0 0 0 0
922 625 1 2 0 1
1165 625 0 0 0 0
1408 625 1 1 0 1
1651 625 1 1 0 1
72 695 0 0 0 0
315 695 1 10 1 1
558 695 1 4 0 1
801 695 1 2 1 1
1044 695 1 3 1 1
1287 695 0 0 0 0
1530 695 0 0 0 0
193 765 0 0 0 0
436 765 0 0 0 0
679 765 1 2 0 1
922 765 0 0 0 0
1165 765 1 3 0 1
1408 765 1 5 1 1
1651 765 1 0 0 0
72 835 0 0 0 0
315 835 0 0 0 0
558 835 1 4 1 1
801 835 1 2 0 1
1044 835 0 0 0 0
1287 835 1 5 0 1
1530 835 1 5 0 1
0 4 10 0 0 0 0
0 3
0 2
0 5
0 1
1 6 10 0 0 0 0
6 5
6 6
6 4
6 3
5 6
5 4
2 4 10 0 0 0 0
3 7
3 6
3 9
2 8
3 3 10 0 0 0 0
4 7
4 8
4 5
4 2 10 0 0 0 0
2 9
2 7
10 3 20 0 0 0 0
5 8
5 9
6 9
10 2 20 0 0 0 0
4 1
4 2
10 4 20 0 0 0 0
3 1
3 3
2 2
2 0
10 2 20 0 0 0 0
5 0
6 1
10 1 20 0 0 0 0
3 4
10 1 20 0 0 0 0
1 7
10 3 20 0 0 0 0
1 1
1 0
0 0
10 1 20 0 0 0 0
2 4
0
0 1 10 -1 -1 1
0 1 10 -1 -1 1
0 1 10 -1 -1 1
0 1 10 -1 -1 1
0 1 10 -1 -1 1
0
