arya                            
8 50 20 10
7 10 86 147 4 1 13
207 217 0 0 0 0
450 217 0 0 0 0
693 217 0 0 0 0
936 217 0 0 0 0
1179 217 0 0 0 0
1422 217 1 10 1 1
1665 217 1 12 1 1
86 287 0 0 0 0
329 287 1 2 0 1
572 287 0 0 0 0
815 287 0 0 0 0
1058 287 1 8 0 1
1301 287 1 10 0 1
1544 287 1 10 0 1
207 357 0 0 0 0
450 357 1 2 0 1
693 357 1 5 1 1
936 357 1 8 1 1
1179 357 0 0 0 0
1422 357 0 0 0 0
1665 357 1 11 0 1
86 427 0 0 0 0
329 427 1 2 1 1
572 427 0 0 0 0
815 427 0 0 0 0
1058 427 0 0 0 0
1301 427 1 0 0 1
1544 427 1 11 1 1
207 497 0 0 0 0
450 497 1 2 0 1
693 497 1 5 0 1
936 497 1 8 0 1
1179 497 1 0 1 1
1422 497 1 11 0 1
1665 497 1 6 0 1
86 567 1 9 0 1
329 567 0 0 0 0
572 567 0 0 0 0
815 567 1 0 0 0
1058 567 0 0 0 0
1301 567 1 0 0 1
1544 567 0 0 0 0
207 637 1 7 0 1
450 637 0 0 0 0
693 637 1 4 0 1
936 637 0 0 0 0
1179 637 1 0 0 1
1422 637 0 0 0 0
1665 637 1 6 1 1
86 707 1 9 1 1
329 707 1 7 1 1
572 707 1 4 0 1
815 707 1 3 0 1
1058 707 0 0 0 0
1301 707 1 1 0 1
1544 707 0 0 0 0
207 777 0 0 0 0
450 777 0 0 0 0
693 777 1 4 1 1
936 777 1 3 1 1
1179 777 1 0 0 0
1422 777 1 1 1 1
1665 777 0 0 0 0
86 847 1 9 0 1
329 847 0 0 0 0
572 847 1 4 0 1
815 847 0 0 0 0
1058 847 1 3 0 1
1301 847 1 1 0 1
1544 847 0 0 0 0
0 4 10 0 0 0 0
4 4
4 6
5 5
5 3
2 3 10 0 0 0 0
5 8
5 9
5 7
1 4 10 0 0 0 0
1 3
1 4
1 2
1 1
4 3 10 0 0 0 0
3 8
3 7
4 9
3 4 10 0 0 0 0
2 8
2 9
2 7
2 6
10 2 20 0 0 0 0
2 2
2 4
10 2 20 0 0 0 0
6 6
6 4
10 2 20 0 0 0 0
1 7
0 6
10 3 20 0 0 0 0
3 2
3 4
4 1
10 3 20 0 0 0 0
0 7
0 9
0 5
10 3 20 0 0 0 0
5 0
5 1
6 1
10 3 20 0 0 0 0
6 3
6 2
5 4
10 1 20 0 0 0 0
6 0
0
0 0 10 -1 1
0 1 10 -1 1
0 1 10 -1 1
0 1 10 -1 1
0 1 10 -1 1
0
