arya                            
8 50 20 10 0 1
7 11 8 71 4 1 13
129 141 0 0 0 0
372 141 0 0 0 0
615 141 1 8 0 1
858 141 0 0 0 0
1101 141 0 0 0 0
1344 141 1 9 1 1
1587 141 0 0 0 0
8 211 0 0 0 0
251 211 0 0 0 0
494 211 0 0 0 0
737 211 0 0 0 0
980 211 1 6 1 1
1223 211 0 0 0 0
1466 211 1 9 0 1
129 281 1 11 0 1
372 281 0 0 0 0
615 281 1 8 1 1
858 281 1 6 0 1
1101 281 0 0 0 0
1344 281 0 0 0 0
1587 281 0 0 0 0
8 351 0 0 0 0
251 351 1 5 0 1
494 351 1 5 0 1
737 351 1 4 0 1
980 351 1 6 0 1
1223 351 0 0 0 0
1466 351 1 0 0 0
129 421 1 11 1 1
372 421 1 5 1 1
615 421 1 4 0 1
858 421 1 4 0 1
1101 421 1 1 0 1
1344 421 0 0 0 0
1587 421 0 0 0 0
8 491 1 11 0 1
251 491 1 5 0 1
494 491 0 0 0 0
737 491 1 4 1 1
980 491 1 1 0 1
1223 491 1 1 0 1
1466 491 0 0 0 0
129 561 1 2 0 1
372 561 1 0 0 1
615 561 1 4 0 1
858 561 0 0 0 0
1101 561 1 1 1 1
1344 561 0 0 0 0
1587 561 1 3 0 1
8 631 0 0 0 0
251 631 0 0 0 0
494 631 1 0 0 1
737 631 0 0 0 0
980 631 1 1 0 1
1223 631 1 1 0 1
1466 631 1 3 1 1
129 701 1 2 1 1
372 701 1 0 1 1
615 701 0 0 0 0
858 701 0 0 0 0
1101 701 0 0 0 0
1344 701 1 3 0 1
1587 701 1 3 0 1
8 771 0 0 0 0
251 771 1 0 0 1
494 771 1 0 0 1
737 771 1 7 0 1
980 771 1 7 0 1
1223 771 0 0 0 0
1466 771 1 3 0 1
129 841 0 0 0 0
372 841 1 0 0 1
615 841 1 10 1 1
858 841 1 7 1 1
1101 841 0 0 0 0
1344 841 0 0 0 0
1587 841 1 12 1 1
0 6 10 0 0 0 0
1 8
1 9
1 10
1 6
2 9
2 7
1 6 10 0 0 0 0
4 6
4 7
4 5
4 4
5 7
5 5
2 2 10 0 0 0 0
0 8
0 6
3 5 10 0 0 0 0
6 7
6 8
6 6
6 9
5 8
4 5 10 0 0 0 0
3 5
3 4
3 3
2 6
2 4
10 4 20 0 0 0 0
1 4
1 5
1 3
2 3
10 3 20 0 0 0 0
4 1
4 3
3 2
10 3 20 0 0 0 0
3 10
3 9
4 9
10 2 20 0 0 0 0
2 2
2 0
10 2 20 0 0 0 0
5 0
6 1
10 1 20 0 0 0 0
2 10
10 3 20 0 0 0 0
0 4
0 5
0 2
10 1 20 0 0 0 0
6 10
0
0 1 10 -1 -1 1
0 1 10 -1 -1 1
0 1 10 -1 -1 1
0 1 10 -1 -1 1
0 1 10 -1 -1 1
0
