arya                            
8 50 20 10
7 11 84 95 4 1 13
205 165 0 0 0 0
448 165 0 6 0 0
691 165 1 1 1 1
934 165 0 0 0 0
1177 165 0 0 0 0
1420 165 0 2 1 0
1663 165 0 0 0 0
84 235 1 0 0 0
327 235 1 9 1 1
570 235 0 0 0 0
813 235 0 0 0 0
1056 235 0 7 0 0
1299 235 0 1 0 0
1542 235 0 2 0 0
205 305 1 9 0 1
448 305 0 9 0 0
691 305 0 0 0 0
934 305 1 12 1 1
1177 305 0 7 0 0
1420 305 0 2 0 0
1663 305 1 0 1 1
84 375 0 0 0 0
327 375 0 9 1 0
570 375 1 3 1 1
813 375 0 0 0 0
1056 375 1 7 1 1
1299 375 1 7 1 1
1542 375 1 0 1 1
205 445 0 0 0 0
448 445 1 11 0 1
691 445 1 3 1 1
934 445 0 0 0 0
1177 445 1 7 1 1
1420 445 0 0 0 0
1663 445 0 5 0 0
84 515 0 11 1 0
327 515 1 11 1 1
570 515 0 4 0 0
813 515 1 3 0 1
1056 515 0 7 0 0
1299 515 1 6 0 1
1542 515 0 0 1 0
205 585 0 6 1 0
448 585 1 11 0 1
691 585 0 4 1 0
934 585 1 5 1 1
1177 585 1 6 1 1
1420 585 1 6 0 1
1663 585 0 0 0 0
84 655 0 0 0 0
327 655 1 11 1 1
570 655 0 1 0 0
813 655 0 9 1 0
1056 655 0 8 0 0
1299 655 1 6 1 1
1542 655 0 8 1 0
205 725 1 10 0 1
448 725 1 8 1 1
691 725 1 2 1 1
934 725 1 5 0 1
1177 725 0 0 0 0
1420 725 0 0 1 0
1663 725 1 4 0 1
84 795 1 10 1 1
327 795 1 8 0 1
570 795 1 2 1 1
813 795 1 2 1 1
1056 795 0 11 1 0
1299 795 0 0 0 0
1542 795 1 4 1 1
205 865 0 0 0 0
448 865 1 8 1 1
691 865 1 2 0 1
934 865 0 0 0 0
1177 865 0 0 0 0
1420 865 1 4 0 1
1663 865 1 4 0 1
0 2 10 0 0 0
6 2
6 3
2 1 10 0 0 0
2 0
4 4 10 0 0 0
2 8
2 9
2 10
3 9
1 3 10 0 0 0
2 4
2 3
3 5
3 4 10 0 0 0
6 9
6 10
6 8
5 10
10 2 20 0 0 0
3 6
3 8
10 4 20 0 0 0
5 7
5 6
5 5
4 6
10 3 20 0 0 0
4 4
4 3
5 3
10 3 20 0 0 0
1 10
1 9
1 8
10 2 20 0 0 0
1 1
0 2
10 2 20 0 0 0
0 9
0 8
10 4 20 0 0 0
1 5
1 6
1 4
1 7
10 1 20 0 0 0
3 2
0
0 10 -1 1
0 10 -1 1
0 10 -1 1
0 10 -1 1
0 10 -1 1
0
