arya                            
8 50 20 10
7 9 68 185 1 1 10
189 255 0 0 0 0
432 255 0 0 0 0
675 255 1 7 1 1
918 255 1 1 1 1
1161 255 1 2 0 1
1404 255 0 0 0 0
1647 255 0 0 0 0
68 325 0 0 0 0
311 325 0 0 0 0
554 325 1 7 0 1
797 325 0 0 0 0
1040 325 0 0 0 0
1283 325 1 2 0 1
1526 325 1 8 0 1
189 395 0 0 0 0
432 395 0 0 0 0
675 395 0 0 0 0
918 395 1 1 0 1
1161 395 1 2 1 1
1404 395 1 8 1 1
1647 395 1 9 0 1
68 465 0 0 0 0
311 465 1 0 0 0
554 465 0 0 0 0
797 465 0 0 0 0
1040 465 0 0 0 0
1283 465 0 0 0 0
1526 465 0 0 0 0
189 535 0 0 0 0
432 535 1 0 0 0
675 535 1 4 0 1
918 535 0 0 0 0
1161 535 1 2 0 1
1404 535 0 0 0 0
1647 535 1 9 1 1
68 605 1 0 1 1
311 605 0 0 0 0
554 605 0 0 0 0
797 605 1 4 1 1
1040 605 1 5 1 1
1283 605 1 0 0 0
1526 605 1 9 0 1
189 675 1 0 0 1
432 675 1 0 0 0
675 675 0 0 0 0
918 675 1 4 0 1
1161 675 1 5 0 1
1404 675 0 0 0 0
1647 675 1 9 0 1
68 745 1 0 0 1
311 745 0 0 0 0
554 745 0 0 0 0
797 745 1 4 0 1
1040 745 1 5 0 1
1283 745 0 0 0 0
1526 745 1 6 0 1
189 815 1 3 1 1
432 815 0 0 0 0
675 815 0 0 0 0
918 815 1 0 0 0
1161 815 0 0 0 0
1404 815 1 6 1 1
1647 815 0 0 0 0
0 3 10 0 0 0
0 5
0 6
0 7
2 2 10 0 0 0
3 0
3 2
10 4 20 0 0 0
4 2
4 4
4 0
5 1
10 1 20 0 0 0
0 8
10 4 20 0 0 0
3 5
3 6
3 7
2 4
10 3 20 0 0 0
4 5
4 6
4 7
10 2 20 0 0 0
5 8
6 7
10 2 20 0 0 0
2 0
2 1
10 2 20 0 0 0
5 2
6 1
10 4 20 0 0 0
6 4
6 5
6 6
6 2
0
0 10 -1 1
0 10 -1 1
0
