arya                            
8 50 20 10 0
7 10 71 145 6 1 15
192 215 0 0 0 0
435 215 0 0 0 0
678 215 0 3 0 0
921 215 1 8 1 1
1164 215 1 11 0 1
1407 215 0 12 1 0
1650 215 0 10 1 0
71 285 0 1 0 0
314 285 0 9 1 0
557 285 1 14 1 1
800 285 1 8 0 1
1043 285 0 7 1 0
1286 285 1 11 1 1
1529 285 1 10 1 1
192 355 0 1 0 0
435 355 0 3 0 0
678 355 0 0 0 0
921 355 0 7 0 0
1164 355 0 7 0 0
1407 355 0 0 0 0
1650 355 0 0 0 0
71 425 0 1 1 0
314 425 1 7 0 1
557 425 1 14 1 1
800 425 1 9 1 1
1043 425 0 0 0 0
1286 425 1 11 0 1
1529 425 0 0 0 0
192 495 1 7 1 1
435 495 0 0 0 0
678 495 0 0 0 0
921 495 1 2 0 1
1164 495 0 0 0 0
1407 495 0 2 1 0
1650 495 0 0 0 0
71 565 1 7 0 1
314 565 0 0 0 0
557 565 0 0 0 0
800 565 0 0 0 0
1043 565 1 2 1 1
1286 565 1 13 1 1
1529 565 1 0 1 1
192 635 1 5 0 1
435 635 0 0 0 0
678 635 1 12 1 1
921 635 1 2 1 1
1164 635 0 4 0 0
1407 635 1 0 0 1
1650 635 1 0 1 1
71 705 0 8 1 0
314 705 1 5 1 1
557 705 1 4 0 1
800 705 0 0 0 0
1043 705 0 4 0 0
1286 705 0 0 0 0
1529 705 0 0 0 0
192 775 0 8 0 0
435 775 1 4 0 1
678 775 0 0 0 0
921 775 1 2 1 1
1164 775 1 3 1 1
1407 775 0 0 0 0
1650 775 0 0 0 0
71 845 1 1 1 1
314 845 0 0 0 0
557 845 1 4 1 1
800 845 1 0 0 0
1043 845 1 0 0 0
1286 845 1 3 1 1
1529 845 1 6 1 1
0 3 10 0 0 0 0
6 5
6 6
5 6
2 1 10 0 0 0 0
0 9
3 4 10 0 0 0 0
3 6
3 8
3 4
4 5
6 2 10 0 0 0 0
5 9
4 8
4 3 10 0 0 0 0
2 9
2 7
1 8
1 2 10 0 0 0 0
1 7
0 6
5 1 10 0 0 0 0
6 9
10 3 20 0 0 0 0
0 4
0 5
1 3
10 2 20 0 0 0 0
3 0
3 1
10 1 20 0 0 0 0
3 3
10 1 20 0 0 0 0
6 1
10 3 20 0 0 0 0
5 1
5 3
4 0
10 1 20 0 0 0 0
2 6
10 1 20 0 0 0 0
5 5
10 2 20 0 0 0 0
2 3
2 1
0
0 1 10 -1 1
0 1 10 -1 1
0 1 10 -1 1
0 1 10 -1 1
0 1 10 -1 1
0 1 10 -1 1
0 1 10 -1 1
0
