4
1
13
0 70 1 0x558a9b9d8ad0 1 1
243 70 0 (nil) 0 0
486 70 1 0x558a9b9d5a40 1 1
729 70 0 (nil) 0 0
972 70 0 (nil) 0 0
1215 70 0 (nil) 0 0
1458 70 0 (nil) 0 0
-122 140 0 (nil) 0 0
121 140 1 0x558a9b9d8ad0 0 1
364 140 0 (nil) 0 0
607 140 1 0x558a9b9d5a40 0 1
850 140 0 (nil) 0 0
1093 140 0 (nil) 0 0
1336 140 1 0x558a9b9dcb90 1 1
0 210 0 (nil) 0 0
243 210 1 0x558a9b9d9b00 1 1
486 210 0 (nil) 0 0
729 210 1 0x558a9b9e1c80 1 1
972 210 1 0x558a9b9e0c50 1 1
1215 210 1 0x558a9b9dcb90 0 1
1458 210 0 (nil) 0 0
-122 280 0 (nil) 0 0
121 280 0 (nil) 0 0
364 280 1 0x558a9b9d9b00 0 1
607 280 0 (nil) 0 0
850 280 1 0x558a9b9e0c50 0 1
1093 280 1 0x558a9b9e0c50 0 1
1336 280 1 0x558a9b9dcb90 0 1
0 350 1 0x558a9b9dab30 0 1
243 350 0 (nil) 0 0
486 350 1 (nil) 0 0
729 350 1 0x558a9b9d7aa0 0 1
972 350 1 0x558a9b9debf0 0 1
1215 350 1 (nil) 0 0
1458 350 0 (nil) 0 0
-122 420 0 (nil) 0 0
121 420 1 0x558a9b9dbb60 0 1
364 420 0 (nil) 0 0
607 420 1 0x558a9b9d7aa0 1 1
850 420 0 (nil) 0 0
1093 420 0 (nil) 0 0
1336 420 0 (nil) 0 0
0 490 1 0x558a9b9dab30 1 1
243 490 1 0x558a9b9dbb60 1 1
486 490 0 (nil) 0 0
729 490 0 (nil) 0 0
972 490 1 0x558a9b9debf0 1 1
1215 490 0 (nil) 0 0
1458 490 0 (nil) 0 0
-122 560 0 (nil) 0 0
121 560 1 0x558a9b9dab30 0 1
364 560 1 0x558a9b9dbb60 0 1
607 560 1 0x558a9b9d7aa0 0 1
850 560 1 0x558a9b9debf0 0 1
1093 560 0 (nil) 0 0
1336 560 1 (nil) 0 0
0 630 0 (nil) 0 0
243 630 0 (nil) 0 0
486 630 0 (nil) 0 0
729 630 1 (nil) 0 0
972 630 0 (nil) 0 0
1215 630 0 (nil) 0 0
1458 630 0 (nil) 0 0
-122 700 0 (nil) 0 0
121 700 0 (nil) 0 0
364 700 1 0x558a9b9ddbc0 1 1
607 700 0 (nil) 0 0
850 700 1 (nil) 0 0
1093 700 0 (nil) 0 0
1336 700 1 (nil) 0 0
0 770 0 (nil) 0 0
243 770 1 0x558a9b9d6a70 1 1
486 770 0 (nil) 0 0
729 770 0 (nil) 0 0
972 770 0 (nil) 0 0
1215 770 0 (nil) 0 0
1458 770 0 (nil) 0 0
-122 840 0 (nil) 0 0
121 840 0 (nil) 0 0
364 840 1 0x558a9b9d6a70 0 1
607 840 0 (nil) 0 0
850 840 0 (nil) 0 0
1093 840 1 0x558a9b9dfc20 1 1
1336 840 1 (nil) 0 0

0 2 10
2 0
3 1

4 2 10
1 10
2 11

3 3 10
3 5
3 4
3 7

1 2 10
0 0
1 1

2 2 10
1 2
2 3

10 3 10
0 6
0 4
1 7

10 3 10
1 6
1 5
2 7

10 3 10
6 1
6 3
5 2

10 1 10
2 9

10 3 10
4 6
4 7
4 4

10 1 10
5 11

10 3 10
4 2
4 3
5 3

10 1 10
3 2

0 0 0

