arya                            
8 50 20 10 0 1
7 11 106 50 4 1 13
191 99 0 0 0 0
362 99 0 0 0 0
533 99 1 9 1 1
704 99 0 0 0 0
875 99 0 0 0 0
1046 99 1 0 0 0
1217 99 1 0 0 0
106 149 1 0 0 1
277 149 1 5 1 1
448 149 1 8 0 1
619 149 1 7 0 1
790 149 1 1 1 1
961 149 1 0 0 0
1132 149 0 0 0 0
191 198 1 0 0 1
362 198 0 0 0 0
533 198 1 7 0 1
704 198 1 1 0 1
875 198 1 1 0 1
1046 198 1 0 0 0
1217 198 0 0 0 0
106 248 1 0 1 1
277 248 1 5 0 1
448 248 1 8 1 1
619 248 1 7 1 1
790 248 1 1 0 1
961 248 0 0 0 0
1132 248 0 0 0 0
191 297 0 0 0 0
362 297 1 8 0 1
533 297 0 0 0 0
704 297 1 7 0 1
875 297 1 3 1 1
1046 297 1 11 0 1
1217 297 1 10 0 1
106 347 0 0 0 0
277 347 0 0 0 0
448 347 0 0 0 0
619 347 1 7 0 1
790 347 1 3 0 1
961 347 1 3 0 1
1132 347 0 0 0 0
191 396 0 0 0 0
362 396 0 0 0 0
533 396 0 0 0 0
704 396 0 0 0 0
875 396 0 0 0 0
1046 396 1 11 1 1
1217 396 1 10 1 1
106 446 0 0 0 0
277 446 0 0 0 0
448 446 1 4 0 1
619 446 1 4 0 1
790 446 0 0 0 0
961 446 1 11 0 1
1132 446 1 10 0 1
191 495 1 12 0 1
362 495 1 0 0 0
533 495 1 4 1 1
704 495 0 0 0 0
875 495 0 0 0 0
1046 495 1 2 0 1
1217 495 1 10 0 1
106 545 1 12 1 1
277 545 0 0 0 0
448 545 0 0 0 0
619 545 1 4 0 1
790 545 0 0 0 0
961 545 1 2 0 1
1132 545 0 0 0 0
191 594 1 12 0 1
362 594 0 0 0 0
533 594 0 0 0 0
704 594 1 6 1 1
875 594 1 0 0 0
1046 594 1 2 1 1
1217 594 1 0 0 0
0 3 10 0 0 0 0
0 3
0 2
0 1
1 4 10 0 0 0 0
4 1
4 2
4 3
3 2
2 3 10 0 0 0 0
5 10
5 9
5 8
3 3 10 0 0 0 0
4 4
4 5
5 5
4 4 10 0 0 0 0
2 8
2 7
3 9
3 7
10 2 20 0 0 0 0
1 1
1 3
10 1 20 0 0 0 0
3 10
10 5 20 0 0 0 0
3 3
3 4
3 5
3 1
2 2
10 3 20 0 0 0 0
2 3
2 1
1 4
10 1 20 0 0 0 0
2 0
10 4 20 0 0 0 0
6 6
6 7
6 8
6 4
10 3 20 0 0 0 0
5 6
5 7
5 4
10 3 20 0 0 0 0
0 9
0 10
0 8
0
0 1 10 -1 -1 1
0 1 10 -1 -1 1
0 1 10 -1 -1 1
0 1 10 -1 -1 1
0 1 10 -1 -1 1
0
