arya                            
8 50 20 10 0
7 10 30 138 6 1 15
151 208 0 0 0 0
394 208 1 0 0 1
637 208 0 0 0 0
880 208 1 4 0 1
1123 208 1 11 1 1
1366 208 1 2 1 1
1609 208 0 0 0 0
30 278 0 0 0 0
273 278 1 0 0 1
516 278 0 0 0 0
759 278 1 4 1 1
1002 278 1 5 0 1
1245 278 0 0 0 0
1488 278 0 0 0 0
151 348 1 1 1 1
394 348 1 0 1 1
637 348 1 4 0 1
880 348 1 4 0 1
1123 348 1 5 0 1
1366 348 1 2 0 1
1609 348 1 14 1 1
30 418 1 1 0 1
273 418 0 0 0 0
516 418 0 0 0 0
759 418 1 4 0 1
1002 418 1 5 1 1
1245 418 0 0 0 0
1488 418 0 0 0 0
151 488 0 0 0 0
394 488 0 0 0 0
637 488 0 0 0 0
880 488 1 5 0 1
1123 488 1 5 0 1
1366 488 0 0 0 0
1609 488 0 0 0 0
30 558 0 0 0 0
273 558 1 9 1 1
516 558 0 0 0 0
759 558 1 3 0 1
1002 558 1 5 0 1
1245 558 1 12 1 1
1488 558 0 0 0 0
151 628 0 0 0 0
394 628 1 9 0 1
637 628 1 3 1 1
880 628 1 6 0 1
1123 628 0 0 0 0
1366 628 0 0 0 0
1609 628 0 0 0 0
30 698 1 8 1 1
273 698 1 9 0 1
516 698 0 0 0 0
759 698 0 0 0 0
1002 698 1 6 1 1
1245 698 0 0 0 0
1488 698 1 10 0 1
151 768 0 0 0 0
394 768 0 0 0 0
637 768 1 3 0 1
880 768 0 0 0 0
1123 768 0 0 0 0
1366 768 1 13 1 1
1609 768 1 10 1 1
30 838 0 0 0 0
273 838 0 0 0 0
516 838 1 7 1 1
759 838 0 0 0 0
1002 838 1 6 0 1
1245 838 0 0 0 0
1488 838 1 10 0 1
0 3 10 0 0 0 0
1 2
1 1
1 0
2 2 10 0 0 0 0
0 2
0 3
1 2 10 0 0 0 0
5 0
5 2
3 3 10 0 0 0 0
2 6
2 8
3 5
4 5 10 0 0 0 0
3 1
3 2
3 0
3 3
2 2
5 6 10 0 0 0 0
4 3
4 4
4 2
4 5
4 1
3 4
6 3 10 0 0 0 0
4 7
4 9
3 6
10 1 20 0 0 0 0
2 9
10 1 20 0 0 0 0
0 7
10 3 20 0 0 0 0
1 5
1 6
1 7
10 3 20 0 0 0 0
6 8
6 9
6 7
10 1 20 0 0 0 0
4 0
10 1 20 0 0 0 0
5 5
10 1 20 0 0 0 0
5 8
10 1 20 0 0 0 0
6 2
0
0 1 10 -1 1
0 1 10 -1 1
0 1 10 -1 1
0 1 10 -1 1
0 1 10 -1 1
0 1 10 -1 1
0 1 10 -1 1
0
