arya                            
8 50 20 10 0 1
7 10 43 85 4 1 13
128 134 0 0 0 0
299 134 0 0 0 0
470 134 0 0 0 0
641 134 0 0 0 0
812 134 1 9 0 1
983 134 1 4 0 1
1154 134 1 0 0 0
43 184 0 0 0 0
214 184 1 10 0 1
385 184 1 2 0 1
556 184 0 0 0 0
727 184 1 9 1 1
898 184 1 4 0 1
1069 184 0 0 0 0
128 233 0 0 0 0
299 233 1 10 0 1
470 233 1 2 1 1
641 233 0 0 0 0
812 233 0 0 0 0
983 233 1 4 1 1
1154 233 0 0 0 0
43 283 0 0 0 0
214 283 1 10 1 1
385 283 0 0 0 0
556 283 1 2 0 1
727 283 0 0 0 0
898 283 0 0 0 0
1069 283 0 0 0 0
128 332 1 10 0 1
299 332 1 1 0 1
470 332 1 2 0 1
641 332 1 3 0 1
812 332 0 0 0 0
983 332 1 4 0 1
1154 332 0 0 0 0
43 382 1 11 1 1
214 382 0 0 0 0
385 382 1 1 0 1
556 382 1 3 1 1
727 382 1 5 1 1
898 382 0 0 0 0
1069 382 1 7 1 1
128 431 1 11 0 1
299 431 1 1 1 1
470 431 0 0 0 0
641 431 1 3 0 1
812 431 0 0 0 0
983 431 1 7 0 1
1154 431 0 0 0 0
43 481 0 0 0 0
214 481 1 1 0 1
385 481 0 0 0 0
556 481 1 3 0 1
727 481 0 0 0 0
898 481 1 6 0 1
1069 481 0 0 0 0
128 530 0 0 0 0
299 530 1 0 0 1
470 530 1 0 0 1
641 530 1 0 0 0
812 530 1 6 1 1
983 530 0 0 0 0
1154 530 1 12 0 1
43 580 1 8 1 1
214 580 0 0 0 0
385 580 1 0 1 1
556 580 0 0 0 0
727 580 0 0 0 0
898 580 0 0 0 0
1069 580 1 12 1 1
0 3 10 0 0 0 0
2 9
2 8
1 8
1 4 10 0 0 0 0
1 6
1 7
1 4
2 5
2 4 10 0 0 0 0
2 2
2 1
2 4
3 3
3 4 10 0 0 0 0
3 5
3 6
3 4
3 7
4 4 10 0 0 0 0
5 2
5 1
5 4
5 0
10 1 20 0 0 0 0
4 5
10 2 20 0 0 0 0
4 8
5 7
10 2 20 0 0 0 0
6 5
5 6
10 1 20 0 0 0 0
0 9
10 2 20 0 0 0 0
4 1
4 0
10 4 20 0 0 0 0
1 3
1 2
1 1
0 4
10 2 20 0 0 0 0
0 5
0 6
10 2 20 0 0 0 0
6 9
6 8
0
0 1 10 -1 -1 1
0 1 10 -1 -1 1
0 1 10 -1 -1 1
0 1 10 -1 -1 1
0 1 10 -1 -1 1
0
