arya                            
1 50 20 10
7 9 134 197 1 1 3
255 267 0 0 0 0
498 267 1 0 0 0
741 267 0 0 0 0
984 267 1 0 0 0
1227 267 0 0 0 0
1470 267 0 0 0 0
1713 267 0 0 0 0
134 337 1 0 0 0
377 337 0 0 0 0
620 337 0 0 0 0
863 337 0 0 0 0
1106 337 1 0 0 0
1349 337 1 1 1 1
1592 337 0 0 0 0
255 407 0 0 0 0
498 407 1 0 0 0
741 407 0 0 0 0
984 407 1 0 0 0
1227 407 1 1 0 1
1470 407 0 0 0 0
1713 407 0 0 0 0
134 477 1 0 0 0
377 477 1 0 0 0
620 477 0 0 0 0
863 477 0 0 0 0
1106 477 1 2 0 1
1349 477 0 0 0 0
1592 477 1 0 0 0
255 547 0 0 0 0
498 547 0 0 0 0
741 547 1 0 0 1
984 547 0 0 0 0
1227 547 1 2 0 1
1470 547 1 0 0 0
1713 547 1 0 0 0
134 617 1 0 0 0
377 617 1 0 0 0
620 617 1 0 1 1
863 617 1 0 0 0
1106 617 1 2 1 1
1349 617 1 0 0 0
1592 617 1 0 0 0
255 687 1 0 0 0
498 687 1 0 0 1
741 687 0 0 0 0
984 687 1 2 0 1
1227 687 0 0 0 0
1470 687 0 0 0 0
1713 687 0 0 0 0
134 757 1 0 0 0
377 757 0 0 0 0
620 757 0 0 0 0
863 757 1 0 0 0
1106 757 0 0 0 0
1349 757 0 0 0 0
1592 757 1 0 0 0
255 827 1 0 0 0
498 827 1 0 0 0
741 827 0 0 0 0
984 827 0 0 0 0
1227 827 1 0 0 0
1470 827 0 0 0 0
1713 827 0 0 0 0
0 3 10 0 0 0
2 5
2 4
1 6
2 2 10 0 0 0
5 1
4 2
10 4 20 0 0 0
4 5
4 4
4 3
3 6
0
0 10 -1 1
0 10 -1 1
0
