arya                            
8 50 20 10 0
7 10 14 179 4 1 13
135 249 0 0 0 0
378 249 0 0 0 0
621 249 0 0 0 0
864 249 1 5 1 1
1107 249 1 4 1 1
1350 249 0 11 1 0
1593 249 0 0 0 0
14 319 0 6 1 0
257 319 0 0 0 0
500 319 1 6 1 1
743 319 1 5 1 1
986 319 0 0 0 0
1229 319 0 11 0 0
1472 319 1 12 1 1
135 389 0 0 0 0
378 389 0 0 1 0
621 389 1 6 0 1
864 389 0 0 0 0
1107 389 0 12 0 0
1350 389 0 0 0 0
1593 389 1 12 0 1
14 459 1 11 1 1
257 459 1 0 0 0
500 459 0 0 0 0
743 459 0 8 0 0
986 459 0 0 0 0
1229 459 1 7 0 1
1472 459 0 2 0 0
135 529 0 0 0 0
378 529 0 0 0 0
621 529 1 9 1 1
864 529 0 10 0 0
1107 529 1 0 0 1
1350 529 1 7 1 1
1593 529 0 0 0 0
14 599 0 0 0 0
257 599 0 0 0 0
500 599 0 7 1 0
743 599 0 10 1 0
986 599 0 9 0 0
1229 599 1 0 0 1
1472 599 1 7 0 1
135 669 1 2 1 1
378 669 1 1 1 1
621 669 1 9 0 1
864 669 1 8 1 1
1107 669 1 0 1 1
1350 669 0 0 0 0
1593 669 1 10 1 1
14 739 0 5 0 0
257 739 0 0 0 0
500 739 0 0 0 0
743 739 1 3 0 1
986 739 1 0 1 1
1229 739 1 0 0 1
1472 739 1 10 0 1
135 809 1 2 0 1
378 809 0 0 0 0
621 809 0 0 0 0
864 809 0 0 0 0
1107 809 0 0 0 0
1350 809 1 1 1 0
1593 809 0 3 0 0
14 879 1 5 1 0
257 879 0 4 1 0
500 879 0 0 0 0
743 879 1 3 1 1
986 879 0 0 0 0
1229 879 1 1 0 0
1472 879 0 1 0 0
0 5 10 0 0 0 0
4 6
4 7
4 4
5 7
5 5
2 1 10 0 0 0 0
1 6
4 2 10 0 0 0 0
0 6
0 8
3 2 10 0 0 0 0
3 9
3 7
1 1 10 0 0 0 0
4 0
10 2 20 0 0 0 0
3 0
3 1
10 2 20 0 0 0 0
2 1
2 2
10 3 20 0 0 0 0
5 4
5 3
6 5
10 1 20 0 0 0 0
3 6
10 2 20 0 0 0 0
2 4
2 6
10 2 20 0 0 0 0
6 6
6 7
10 1 20 0 0 0 0
0 3
10 2 20 0 0 0 0
6 1
6 2
0
0 1 10 -1 1
0 1 10 -1 1
0 1 10 -1 1
0 1 10 -1 1
0 1 10 -1 1
0
