arya                            
8 50 20 10 0 1
7 10 78 138 4 1 13
199 208 1 0 0 0
442 208 1 9 0 1
685 208 0 0 0 0
928 208 1 5 1 1
1171 208 1 11 1 1
1414 208 1 4 1 0
1657 208 1 7 1 1
78 278 0 0 0 0
321 278 1 8 1 1
564 278 1 9 1 1
807 278 1 5 1 1
1050 278 1 5 0 1
1293 278 0 4 0 0
1536 278 1 7 0 1
199 348 0 0 0 0
442 348 1 8 0 1
685 348 0 0 0 0
928 348 0 1 0 0
1171 348 0 0 0 0
1414 348 1 4 0 1
1657 348 1 2 0 1
78 418 0 11 1 0
321 418 1 8 1 1
564 418 0 0 0 0
807 418 0 1 0 0
1050 418 1 10 0 1
1293 418 0 2 0 0
1536 418 0 3 1 0
199 488 1 8 0 1
442 488 0 0 0 0
685 488 1 1 1 1
928 488 0 0 0 0
1171 488 1 10 1 1
1414 488 1 4 1 1
1657 488 1 2 1 1
78 558 1 12 0 1
321 558 0 0 0 0
564 558 0 6 1 0
807 558 1 1 0 1
1050 558 1 10 1 1
1293 558 1 4 0 1
1536 558 0 0 0 0
199 628 1 12 1 1
442 628 0 0 0 0
685 628 1 1 0 1
928 628 1 0 0 1
1171 628 1 10 0 1
1414 628 0 0 0 0
1657 628 0 0 0 0
78 698 1 12 1 1
321 698 1 12 0 1
564 698 1 3 0 1
807 698 1 0 0 1
1050 698 1 0 0 1
1293 698 0 0 0 0
1536 698 1 6 1 1
199 768 0 0 0 0
442 768 0 9 1 0
685 768 0 0 0 0
928 768 1 0 1 1
1171 768 0 0 0 0
1414 768 1 6 1 1
1657 768 0 0 0 0
78 838 0 0 0 0
321 838 0 0 0 0
564 838 1 3 1 1
807 838 1 0 0 1
1050 838 0 0 0 0
1293 838 0 0 0 0
1536 838 0 0 0 0
0 5 10 0 0 0 0
3 8
3 9
3 7
3 6
4 7
1 3 10 0 0 0 0
2 4
2 6
3 5
2 2 10 0 0 0 0
6 4
6 2
3 2 10 0 0 0 0
2 9
2 7
4 3 10 0 0 0 0
5 4
5 5
5 2
10 3 20 0 0 0 0
3 0
3 1
4 1
10 2 20 0 0 0 0
5 8
6 7
10 2 20 0 0 0 0
6 0
6 1
10 4 20 0 0 0 0
1 3
1 2
1 1
0 4
10 2 20 0 0 0 0
2 1
1 0
10 4 20 0 0 0 0
4 5
4 6
4 4
4 3
10 1 20 0 0 0 0
4 0
10 4 20 0 0 0 0
0 6
0 7
0 5
1 7
0
0 1 10 -1 -1 1
0 1 10 -1 -1 1
0 1 10 -1 -1 1
0 1 10 -1 -1 1
0 1 10 -1 -1 1
0
