arya                            
8 50 20 10
7 10 115 171 4 1 13
236 241 0 3 0 0
479 241 0 0 0 0
722 241 1 8 1 1
965 241 0 2 0 0
1208 241 1 11 1 1
1451 241 0 1 1 0
1694 241 0 1 1 0
115 311 1 10 1 1
358 311 0 0 1 0
601 311 1 8 1 1
844 311 0 2 1 0
1087 311 0 5 1 0
1330 311 0 4 1 0
1573 311 1 9 1 1
236 381 0 0 1 0
479 381 1 2 1 0
722 381 1 0 1 1
965 381 1 5 1 1
1208 381 1 1 0 1
1451 381 1 1 0 1
1694 381 0 9 1 0
115 451 1 4 0 1
358 451 0 0 0 0
601 451 1 0 1 1
844 451 0 3 0 0
1087 451 1 5 0 1
1330 451 1 1 1 1
1573 451 0 0 1 0
236 521 0 4 1 0
479 521 1 6 1 1
722 521 1 0 1 1
965 521 0 3 1 0
1208 521 1 1 1 1
1451 521 1 1 1 1
1694 521 0 7 0 0
115 591 1 4 1 1
358 591 1 6 1 1
601 591 0 2 1 0
844 591 0 1 1 0
1087 591 1 3 1 0
1330 591 0 7 1 0
1573 591 0 7 1 0
236 661 1 4 1 1
479 661 0 4 1 0
722 661 1 0 1 1
965 661 1 7 0 1
1208 661 1 7 1 0
1451 661 1 1 0 0
1694 661 0 2 1 0
115 731 1 3 0 1
358 731 0 9 0 0
601 731 0 6 1 0
844 731 0 5 1 0
1087 731 0 8 1 0
1330 731 1 2 1 1
1573 731 0 7 1 0
236 801 1 3 0 1
479 801 1 12 1 1
722 801 0 1 1 0
965 801 1 7 1 1
1208 801 0 1 0 0
1451 801 1 2 1 1
1694 801 0 3 1 0
115 871 1 3 1 1
358 871 0 6 1 0
601 871 0 8 1 0
844 871 0 6 0 0
1087 871 0 1 1 0
1330 871 1 2 1 1
1573 871 0 3 1 0
0 4 10 0 0 0
2 4
2 3
2 6
2 2
2 5 10 0 0 0
5 3
5 4
5 2
4 4
4 2
3 3 10 0 0 0
5 9
5 8
5 7
1 3 10 0 0 0
0 9
0 8
0 7
4 3 10 0 0 0
0 5
0 6
0 3
10 2 20 0 0 0
3 2
4 3
10 2 20 0 0 0
1 5
1 4
10 2 20 0 0 0
3 8
3 6
10 2 20 0 0 0
2 0
2 1
10 1 20 0 0 0
6 1
10 1 20 0 0 0
0 1
10 1 20 0 0 0
4 0
10 1 20 0 0 0
1 8
0
0 10 -1 1
0 10 -1 1
0 10 -1 1
0 10 -1 1
0 10 -1 1
0
