arya                            
8 50 20 10
7 11 135 97 1 1 10
256 167 1 1 0 1
499 167 1 0 0 0
742 167 1 0 0 1
985 167 0 0 0 0
1228 167 0 0 0 0
1471 167 1 7 0 1
1714 167 1 7 0 1
135 237 1 1 1 1
378 237 1 0 0 0
621 237 1 0 0 1
864 237 0 0 0 0
1107 237 1 0 0 0
1350 237 1 0 0 0
1593 237 1 7 1 1
256 307 1 1 0 1
499 307 1 0 0 0
742 307 1 0 1 1
985 307 1 0 0 0
1228 307 1 9 0 1
1471 307 1 6 0 1
1714 307 1 7 0 1
135 377 0 0 0 0
378 377 0 0 0 0
621 377 0 0 0 0
864 377 0 0 0 0
1107 377 1 9 0 1
1350 377 0 0 0 0
1593 377 1 6 0 1
256 447 1 8 0 1
499 447 1 5 0 1
742 447 0 0 0 0
985 447 1 0 0 0
1228 447 1 9 1 1
1471 447 1 6 1 1
1714 447 1 0 0 0
135 517 1 8 1 1
378 517 0 0 0 0
621 517 0 0 0 0
864 517 0 0 0 0
1107 517 0 0 0 0
1350 517 1 6 0 1
1593 517 0 0 0 0
256 587 1 8 0 1
499 587 1 5 1 1
742 587 1 0 0 0
985 587 0 0 0 0
1228 587 0 0 0 0
1471 587 1 3 0 1
1714 587 1 0 0 0
135 657 1 8 0 1
378 657 0 0 0 0
621 657 0 0 0 0
864 657 0 0 0 0
1107 657 0 0 0 0
1350 657 0 0 0 0
1593 657 0 0 0 0
256 727 0 0 0 0
499 727 0 0 0 0
742 727 1 2 0 1
985 727 1 0 0 0
1228 727 0 0 0 0
1471 727 1 3 1 1
1714 727 0 0 0 0
135 797 1 4 0 1
378 797 0 0 0 0
621 797 1 2 1 1
864 797 0 0 0 0
1107 797 1 0 0 0
1350 797 1 3 0 1
1593 797 0 0 0 0
256 867 1 4 1 1
499 867 1 2 0 1
742 867 1 2 0 1
985 867 0 0 0 0
1228 867 0 0 0 0
1471 867 0 0 0 0
1714 867 1 0 0 0
0 3 10 0 0 0
2 2
2 1
2 0
2 3 10 0 0 0
0 1
0 2
0 0
10 4 20 0 0 0
2 9
2 10
2 8
1 10
10 3 20 0 0 0
5 8
5 9
5 6
10 2 20 0 0 0
0 10
0 9
10 2 20 0 0 0
1 6
1 4
10 4 20 0 0 0
5 4
5 5
5 2
6 3
10 4 20 0 0 0
6 1
6 2
6 0
5 0
10 4 20 0 0 0
0 5
0 6
0 4
0 7
10 3 20 0 0 0
4 4
4 3
4 2
0
0 10 -1 1
0 10 -1 1
0
