arya                            
8 50 20 10 0 1
7 14 59 105 4 1 13
123 142 0 0 0 0
252 142 1 6 1 1
381 142 0 0 0 0
510 142 1 3 1 1
639 142 0 0 0 0
768 142 0 0 0 0
897 142 0 0 0 0
59 179 1 0 1 1
188 179 1 6 0 1
317 179 1 6 0 1
446 179 1 3 0 1
575 179 1 3 0 1
704 179 1 7 0 1
833 179 1 12 1 1
123 216 0 0 0 0
252 216 0 0 0 0
381 216 1 0 0 0
510 216 0 0 0 0
639 216 0 0 0 0
768 216 0 0 0 0
897 216 0 0 0 0
59 253 1 0 0 1
188 253 1 0 0 0
317 253 0 0 0 0
446 253 0 0 0 0
575 253 0 0 0 0
704 253 1 7 1 1
833 253 0 0 0 0
123 290 0 0 0 0
252 290 0 0 0 0
381 290 0 0 0 0
510 290 0 0 0 0
639 290 1 7 0 1
768 290 0 0 0 0
897 290 1 0 0 0
59 327 1 0 0 0
188 327 0 0 0 0
317 327 1 1 1 1
446 327 0 0 0 0
575 327 0 0 0 0
704 327 0 0 0 0
833 327 1 0 0 0
123 364 1 0 0 0
252 364 1 1 0 1
381 364 0 0 0 0
510 364 1 8 0 1
639 364 1 11 1 1
768 364 1 0 0 0
897 364 1 9 0 1
59 401 0 0 0 0
188 401 1 0 0 0
317 401 1 1 0 1
446 401 1 8 0 1
575 401 0 0 0 0
704 401 1 11 0 1
833 401 1 9 0 1
123 438 0 0 0 0
252 438 0 0 0 0
381 438 0 0 0 0
510 438 1 8 1 1
639 438 0 0 0 0
768 438 0 0 0 0
897 438 1 9 1 1
59 475 1 4 1 1
188 475 0 0 0 0
317 475 1 2 1 1
446 475 1 8 0 1
575 475 0 0 0 0
704 475 0 0 0 0
833 475 1 9 0 1
123 512 0 0 0 0
252 512 1 2 0 1
381 512 1 2 0 1
510 512 1 5 0 1
639 512 0 0 0 0
768 512 1 0 0 0
897 512 1 9 0 1
59 549 0 0 0 0
188 549 1 0 0 0
317 549 0 0 0 0
446 549 0 0 0 0
575 549 0 0 0 0
704 549 0 0 0 0
833 549 1 0 0 0
123 586 1 0 0 0
252 586 1 0 0 0
381 586 0 0 0 0
510 586 1 5 1 1
639 586 0 0 0 0
768 586 0 0 0 0
897 586 0 0 0 0
59 623 0 0 0 0
188 623 0 0 0 0
317 623 0 0 0 0
446 623 0 0 0 0
575 623 0 0 0 0
704 623 1 10 1 1
833 623 1 0 0 0
0 2 10 0 0 0 0
0 1
0 3
1 3 10 0 0 0 0
2 5
2 7
1 6
2 3 10 0 0 0 0
2 9
2 10
1 10
3 3 10 0 0 0 0
3 0
3 1
4 1
4 1 10 0 0 0 0
0 9
10 2 20 0 0 0 0
3 12
3 10
10 3 20 0 0 0 0
1 0
1 1
2 1
10 3 20 0 0 0 0
5 3
5 1
4 4
10 4 20 0 0 0 0
3 8
3 9
3 7
3 6
10 5 20 0 0 0 0
6 8
6 9
6 7
6 10
6 6
10 1 20 0 0 0 0
5 13
10 2 20 0 0 0 0
4 6
5 7
10 1 20 0 0 0 0
6 1
0
0 1 10 -1 -1 1
0 1 10 -1 -1 1
0 1 10 -1 -1 1
0 1 10 -1 -1 1
0 1 10 -1 -1 1
0
