arya                            
8 50 20 10
7 10 107 179 4 1 13
228 249 0 0 0 0
471 249 0 0 0 0
714 249 0 0 0 0
957 249 0 0 0 0
1200 249 0 0 0 0
1443 249 1 0 0 0
1686 249 1 2 0 1
107 319 0 0 0 0
350 319 0 0 0 0
593 319 1 0 0 0
836 319 0 0 0 0
1079 319 0 0 0 0
1322 319 1 8 0 1
1565 319 1 2 0 1
228 389 1 0 1 1
471 389 0 0 0 0
714 389 1 5 0 1
957 389 1 1 1 1
1200 389 1 8 1 1
1443 389 0 0 0 0
1686 389 1 2 1 1
107 459 0 0 0 0
350 459 0 0 0 0
593 459 0 0 0 0
836 459 0 0 0 0
1079 459 0 0 0 0
1322 459 1 3 0 1
1565 459 0 0 0 0
228 529 0 0 0 0
471 529 1 7 0 1
714 529 1 5 1 1
957 529 1 1 0 1
1200 529 1 8 0 1
1443 529 1 3 1 1
1686 529 1 2 0 1
107 599 0 0 0 0
350 599 1 7 1 1
593 599 0 0 0 0
836 599 0 0 0 0
1079 599 1 10 0 1
1322 599 1 3 0 1
1565 599 1 3 0 1
228 669 0 0 0 0
471 669 0 0 0 0
714 669 0 0 0 0
957 669 1 10 1 1
1200 669 0 0 0 0
1443 669 1 3 0 1
1686 669 0 0 0 0
107 739 1 9 0 1
350 739 0 0 0 0
593 739 1 11 0 1
836 739 0 0 0 0
1079 739 0 0 0 0
1322 739 1 12 1 1
1565 739 0 0 0 0
228 809 1 4 0 1
471 809 1 4 0 1
714 809 0 0 0 0
957 809 1 6 0 1
1200 809 0 0 0 0
1443 809 0 0 0 0
1686 809 0 0 0 0
107 879 1 9 1 1
350 879 1 4 1 1
593 879 1 11 1 1
836 879 1 6 1 1
1079 879 0 0 0 0
1322 879 0 0 0 0
1565 879 0 0 0 0
0 1 10 0 0 0
0 2
2 2 10 0 0 0
3 2
3 4
1 4 10 0 0 0
6 2
6 1
6 4
6 0
3 5 10 0 0 0
5 4
5 5
5 3
5 6
6 5
4 3 10 0 0 0
1 9
1 8
0 8
10 2 20 0 0 0
2 4
2 2
10 2 20 0 0 0
3 9
3 8
10 2 20 0 0 0
1 5
1 4
10 3 20 0 0 0
4 2
4 4
5 1
10 2 20 0 0 0
0 9
0 7
10 2 20 0 0 0
3 6
4 5
10 2 20 0 0 0
2 9
2 7
10 1 20 0 0 0
5 7
0
0 10 -1 1
0 10 -1 1
0 10 -1 1
0 10 -1 1
0 10 -1 1
0
