arya                            
8 50 20 10 0
7 10 51 126 4 1 13
172 196 0 0 0 0
415 196 0 0 0 0
658 196 0 0 0 0
901 196 1 0 1 1
1144 196 0 0 0 0
1387 196 0 0 0 0
1630 196 1 10 1 1
51 266 1 0 0 0
294 266 0 0 0 0
537 266 0 0 0 0
780 266 0 0 0 0
1023 266 0 0 0 0
1266 266 1 5 1 1
1509 266 0 0 0 0
172 336 0 0 0 0
415 336 1 9 1 1
658 336 0 0 0 0
901 336 0 0 0 0
1144 336 0 0 0 0
1387 336 1 5 0 1
1630 336 0 0 0 0
51 406 0 0 0 0
294 406 0 0 0 0
537 406 1 6 0 1
780 406 0 0 0 0
1023 406 1 4 0 1
1266 406 1 4 0 1
1509 406 0 0 0 0
172 476 0 0 0 0
415 476 1 3 0 1
658 476 1 6 1 1
901 476 0 0 0 0
1144 476 1 4 1 1
1387 476 1 12 1 1
1630 476 1 0 0 0
51 546 1 0 0 0
294 546 1 3 1 1
537 546 0 0 0 0
780 546 1 6 0 1
1023 546 1 4 0 1
1266 546 0 0 0 0
1509 546 1 12 0 1
172 616 1 3 0 1
415 616 1 3 0 1
658 616 0 0 0 0
901 616 0 0 0 0
1144 616 0 0 0 0
1387 616 0 0 0 0
1630 616 0 0 0 0
51 686 1 0 0 0
294 686 1 3 0 1
537 686 1 2 0 1
780 686 1 2 0 1
1023 686 0 0 0 0
1266 686 0 0 0 0
1509 686 1 8 0 1
172 756 1 0 0 0
415 756 1 7 1 1
658 756 1 2 1 1
901 756 1 11 1 1
1144 756 1 1 1 1
1387 756 0 0 0 0
1630 756 1 8 1 1
51 826 0 0 0 0
294 826 1 7 0 1
537 826 0 0 0 0
780 826 0 0 0 0
1023 826 1 1 0 1
1266 826 0 0 0 0
1509 826 1 8 0 1
0 1 10 0 0 0 0
3 0
2 2 10 0 0 0 0
4 8
4 9
4 3 10 0 0 0 0
2 8
2 7
3 7
3 5 10 0 0 0 0
1 5
1 6
1 4
1 7
0 6
1 4 10 0 0 0 0
4 4
4 5
4 3
5 3
10 2 20 0 0 0 0
5 1
5 2
10 3 20 0 0 0 0
2 4
2 3
3 5
10 2 20 0 0 0 0
1 8
1 9
10 3 20 0 0 0 0
6 8
6 9
6 7
10 1 20 0 0 0 0
1 2
10 1 20 0 0 0 0
6 0
10 1 20 0 0 0 0
3 8
10 2 20 0 0 0 0
5 4
6 5
0
0 1 10 -1 1
0 1 10 -1 1
0 1 10 -1 1
0 1 10 -1 1
0 1 10 -1 1
0
