arya                            
8 50 20 10 0 1
7 11 41 99 4 1 13
162 169 0 0 0 0
405 169 0 0 0 0
648 169 1 4 1 1
891 169 1 11 1 1
1134 169 0 0 0 0
1377 169 0 0 0 0
1620 169 0 0 0 0
41 239 1 9 0 0
284 239 1 0 1 1
527 239 0 0 0 0
770 239 1 4 0 1
1013 239 1 11 0 1
1256 239 1 3 0 1
1499 239 0 8 0 0
162 309 0 9 1 0
405 309 1 0 1 1
648 309 0 5 1 0
891 309 1 2 0 1
1134 309 0 3 0 0
1377 309 1 3 0 1
1620 309 0 8 1 0
41 379 1 0 0 0
284 379 0 0 0 0
527 379 0 0 0 0
770 379 0 5 0 0
1013 379 1 2 0 1
1256 379 1 3 1 1
1499 379 1 7 1 1
162 449 0 0 0 0
405 449 0 0 0 0
648 449 1 12 1 1
891 449 1 2 1 1
1134 449 0 0 0 0
1377 449 0 0 0 0
1620 449 0 0 0 0
41 519 0 0 0 0
284 519 0 0 0 0
527 519 0 0 0 0
770 519 1 2 0 1
1013 519 1 2 0 1
1256 519 0 0 0 0
1499 519 0 0 0 0
162 589 0 4 0 0
405 589 1 8 1 1
648 589 0 1 1 0
891 589 1 2 0 1
1134 589 1 5 1 1
1377 589 0 10 0 0
1620 589 0 10 0 0
41 659 1 1 1 1
284 659 1 8 0 1
527 659 0 0 0 0
770 659 0 0 0 0
1013 659 0 6 0 0
1256 659 0 0 0 0
1499 659 0 10 1 0
162 729 1 1 1 1
405 729 1 8 1 1
648 729 1 0 0 0
891 729 1 6 1 1
1134 729 1 5 0 1
1377 729 0 0 0 0
1620 729 0 0 0 0
41 799 1 1 0 1
284 799 1 10 0 1
527 799 0 0 0 0
770 799 1 6 1 1
1013 799 1 6 0 1
1256 799 0 0 0 0
1499 799 0 10 0 0
162 869 1 4 0 0
405 869 1 10 1 1
648 869 0 0 0 0
891 869 1 6 0 1
1134 869 0 0 0 0
1377 869 1 9 1 1
1620 869 0 0 0 0
0 2 10 0 0 0 0
1 1
1 2
1 3 10 0 0 0 0
0 7
0 8
0 9
2 6 10 0 0 0 0
3 4
3 5
3 6
3 2
4 5
4 3
3 3 10 0 0 0 0
5 3
5 2
5 1
4 2 10 0 0 0 0
2 0
3 1
10 2 20 0 0 0 0
4 6
4 8
10 4 20 0 0 0 0
3 8
3 9
3 10
4 9
10 1 20 0 0 0 0
6 3
10 3 20 0 0 0 0
1 6
1 7
1 8
10 1 20 0 0 0 0
5 10
10 2 20 0 0 0 0
1 10
1 9
10 2 20 0 0 0 0
3 0
4 1
10 1 20 0 0 0 0
2 4
0
0 1 10 -1 -1 1
0 1 10 -1 -1 1
0 1 10 -1 -1 1
0 1 10 -1 -1 1
0 1 10 -1 -1 1
0
