arya                            
8 50 20 10
7 11 158 87 4 1 13
279 157 0 1 1 0
522 157 1 6 1 1
765 157 0 8 0 0
1008 157 1 12 1 1
1251 157 1 10 1 1
1494 157 1 9 1 0
1737 157 0 0 0 0
158 227 0 1 0 0
401 227 0 1 0 0
644 227 1 6 0 1
887 227 0 4 0 0
1130 227 0 0 0 0
1373 227 0 9 0 0
1616 227 1 2 0 1
279 297 1 0 0 1
522 297 0 0 0 0
765 297 1 8 1 1
1008 297 0 4 0 0
1251 297 0 0 0 0
1494 297 1 2 0 1
1737 297 0 0 0 0
158 367 1 0 1 1
401 367 1 1 1 1
644 367 1 9 1 1
887 367 1 8 1 1
1130 367 0 0 0 0
1373 367 1 0 0 0
1616 367 1 2 1 1
279 437 0 0 0 0
522 437 1 1 1 1
765 437 0 8 0 0
1008 437 1 8 0 1
1251 437 0 0 1 0
1494 437 0 0 0 0
1737 437 0 0 0 0
158 507 1 0 1 1
401 507 1 1 0 1
644 507 0 10 0 0
887 507 0 0 0 0
1130 507 1 0 0 0
1373 507 1 0 0 0
1616 507 0 2 0 0
279 577 0 0 0 0
522 577 1 4 1 1
765 577 1 11 1 1
1008 577 1 3 1 0
1251 577 0 0 0 0
1494 577 0 0 0 0
1737 577 1 3 1 1
158 647 0 5 0 0
401 647 1 4 0 1
644 647 1 4 0 1
887 647 1 11 0 1
1130 647 0 3 0 0
1373 647 1 0 0 0
1616 647 1 3 0 1
279 717 0 0 0 0
522 717 0 6 1 0
765 717 0 7 1 0
1008 717 0 0 0 0
1251 717 1 7 0 1
1494 717 0 0 0 0
1737 717 1 3 1 1
158 787 0 5 1 0
401 787 0 0 0 0
644 787 0 0 0 0
887 787 1 0 0 0
1130 787 0 0 0 0
1373 787 0 0 0 0
1616 787 1 3 0 1
279 857 1 5 1 1
522 857 0 0 0 0
765 857 1 0 0 0
1008 857 1 0 0 0
1251 857 1 7 1 1
1494 857 0 0 0 0
1737 857 0 0 0 0
0 3 10 0 0 0
0 3
0 2
0 5
2 3 10 0 0 0
1 3
1 4
1 5
3 3 10 0 0 0
6 3
6 1
5 2
1 4 10 0 0 0
6 8
6 9
6 7
6 6
4 3 10 0 0 0
1 6
1 7
2 7
10 1 20 0 0 0
0 10
10 2 20 0 0 0
1 0
2 1
10 2 20 0 0 0
4 10
4 8
10 3 20 0 0 0
3 3
3 4
2 2
10 1 20 0 0 0
2 3
10 1 20 0 0 0
4 0
10 2 20 0 0 0
2 6
3 7
10 1 20 0 0 0
3 0
0
0 10 -1 1
0 10 -1 1
0 10 -1 1
0 10 -1 1
0 10 -1 1
0
