arya                            
8 50 20 10
7 11 45 78 4 1 13
166 148 1 4 1 1
409 148 0 0 0 0
652 148 0 0 0 0
895 148 0 0 0 0
1138 148 0 0 0 0
1381 148 0 0 0 0
1624 148 1 5 1 1
45 218 0 0 0 0
288 218 0 0 0 0
531 218 0 0 0 0
774 218 0 0 0 0
1017 218 1 8 1 1
1260 218 1 12 0 1
1503 218 1 5 0 1
166 288 0 0 0 0
409 288 1 11 0 1
652 288 1 9 0 1
895 288 1 8 0 1
1138 288 0 0 0 0
1381 288 1 12 1 1
1624 288 1 5 0 1
45 358 1 7 1 1
288 358 1 11 1 1
531 358 0 0 0 0
774 358 1 9 1 1
1017 358 1 8 0 1
1260 358 1 12 0 1
1503 358 1 10 0 1
166 428 0 0 0 0
409 428 1 1 0 1
652 428 0 0 0 0
895 428 1 9 0 1
1138 428 1 0 0 0
1381 428 0 0 0 0
1624 428 0 0 0 0
45 498 0 0 0 0
288 498 0 0 0 0
531 498 1 1 1 1
774 498 0 0 0 0
1017 498 0 0 0 0
1260 498 0 0 0 0
1503 498 1 10 1 1
166 568 0 0 0 0
409 568 1 1 0 1
652 568 0 0 0 0
895 568 0 0 0 0
1138 568 0 0 0 0
1381 568 1 3 0 1
1624 568 0 0 0 0
45 638 0 0 0 0
288 638 0 0 0 0
531 638 1 0 0 1
774 638 0 0 0 0
1017 638 0 0 0 0
1260 638 1 3 1 1
1503 638 1 10 0 1
166 708 1 6 1 1
409 708 1 0 0 1
652 708 0 0 0 0
895 708 1 0 0 0
1138 708 0 0 0 0
1381 708 0 0 0 0
1624 708 1 0 0 0
45 778 0 0 0 0
288 778 1 6 0 1
531 778 1 0 1 1
774 778 0 0 0 0
1017 778 1 0 0 0
1260 778 0 0 0 0
1503 778 0 0 0 0
166 848 0 0 0 0
409 848 0 0 0 0
652 848 1 0 0 1
895 848 0 0 0 0
1138 848 0 0 0 0
1381 848 1 2 1 1
1624 848 0 0 0 0
0 4 10 0 0 0
2 9
2 10
2 7
1 8
2 3 10 0 0 0
2 5
1 6
1 4
3 1 10 0 0 0
5 10
4 2 10 0 0 0
5 7
5 6
1 1 10 0 0 0
0 0
10 3 20 0 0 0
6 0
6 1
6 2
10 2 20 0 0 0
0 8
1 9
10 1 20 0 0 0
0 3
10 3 20 0 0 0
4 1
4 3
3 2
10 3 20 0 0 0
3 3
3 4
2 2
10 3 20 0 0 0
6 5
6 7
6 3
10 2 20 0 0 0
1 3
1 2
10 3 20 0 0 0
5 2
5 3
5 1
0
0 10 -1 1
0 10 -1 1
0 10 -1 1
0 10 -1 1
0 10 -1 1
0
