arya                            
8 50 20 10
7 11 111 103 4 1 13
232 173 0 7 0 0
475 173 1 9 1 1
718 173 1 8 1 1
961 173 1 12 1 1
1204 173 1 7 1 0
1447 173 0 2 1 0
1690 173 1 3 1 1
111 243 0 7 1 0
354 243 0 2 1 0
597 243 0 4 1 0
840 243 1 8 1 1
1083 243 1 1 0 1
1326 243 1 9 1 0
1569 243 1 3 1 1
232 313 1 7 1 0
475 313 1 9 0 1
718 313 1 8 0 1
961 313 1 1 1 1
1204 313 1 1 1 1
1447 313 1 2 1 0
1690 313 0 2 1 0
111 383 1 7 1 0
354 383 1 4 1 1
597 383 0 4 1 0
840 383 0 2 0 0
1083 383 1 1 1 1
1326 383 0 8 1 0
1569 383 0 2 0 0
232 453 0 2 1 0
475 453 1 4 0 1
718 453 0 9 1 0
961 453 0 7 0 0
1204 453 0 0 0 0
1447 453 1 5 1 1
1690 453 1 6 1 1
111 523 1 2 1 0
354 523 1 4 1 1
597 523 0 5 1 0
840 523 1 2 1 1
1083 523 1 1 1 1
1326 523 1 5 1 1
1569 523 0 6 1 0
232 593 0 3 1 0
475 593 0 1 1 0
718 593 1 2 1 1
961 593 1 2 1 1
1204 593 1 5 1 1
1447 593 1 0 1 1
1690 593 1 0 1 1
111 663 0 3 1 0
354 663 0 0 1 0
597 663 1 1 1 0
840 663 1 2 0 1
1083 663 1 7 1 0
1326 663 0 0 1 0
1569 663 1 0 1 1
232 733 1 3 1 0
475 733 0 1 1 0
718 733 0 1 1 0
961 733 1 0 1 0
1204 733 1 11 1 1
1447 733 0 6 1 0
1690 733 0 3 1 0
111 803 1 10 1 0
354 803 1 10 1 1
597 803 1 10 1 1
840 803 0 0 1 0
1083 803 0 7 1 0
1326 803 0 4 0 0
1569 803 1 0 0 1
232 873 0 6 1 0
475 873 1 10 1 1
718 873 0 2 1 0
961 873 0 0 0 0
1204 873 1 11 1 1
1447 873 1 7 1 1
1690 873 0 0 0 0
0 4 10 0 0 0
6 7
6 6
6 9
5 6
2 5 10 0 0 0
4 3
4 2
4 5
4 1
3 2
4 4 10 0 0 0
3 5
3 6
3 7
2 6
1 2 10 0 0 0
6 0
6 1
3 3 10 0 0 0
1 5
1 4
1 3
10 3 20 0 0 0
5 5
5 4
4 6
10 1 20 0 0 0
6 4
10 1 20 0 0 0
5 10
10 3 20 0 0 0
2 0
2 2
3 1
10 2 20 0 0 0
1 0
1 2
10 3 20 0 0 0
1 10
1 9
2 9
10 2 20 0 0 0
4 10
4 8
10 1 20 0 0 0
3 0
0
0 10 -1 1
0 10 -1 1
0 10 -1 1
0 10 -1 1
0 10 -1 1
0
