arya                            
8 50 20 10 0 1
7 9 19 195 4 1 13
140 265 0 0 0 0
383 265 1 4 1 1
626 265 0 0 0 0
869 265 1 0 0 0
1112 265 0 0 0 0
1355 265 1 1 1 1
1598 265 1 9 1 1
19 335 1 6 1 1
262 335 0 0 0 0
505 335 1 4 0 1
748 335 1 12 0 1
991 335 1 0 0 0
1234 335 1 1 0 1
1477 335 1 1 0 1
140 405 0 0 0 0
383 405 0 0 0 0
626 405 1 12 0 1
869 405 0 0 0 0
1112 405 1 11 0 1
1355 405 0 0 0 0
1598 405 0 0 0 0
19 475 1 6 0 1
262 475 1 2 1 1
505 475 0 0 0 0
748 475 1 12 1 1
991 475 0 0 0 0
1234 475 1 11 1 1
1477 475 1 10 1 1
140 545 1 2 0 1
383 545 1 0 0 1
626 545 0 0 0 0
869 545 0 0 0 0
1112 545 0 0 0 0
1355 545 0 0 0 0
1598 545 1 10 0 1
19 615 0 0 0 0
262 615 0 0 0 0
505 615 0 0 0 0
748 615 1 3 0 1
991 615 0 0 0 0
1234 615 1 11 0 1
1477 615 0 0 0 0
140 685 1 5 1 1
383 685 1 0 1 1
626 685 1 3 0 1
869 685 1 3 0 1
1112 685 1 7 0 1
1355 685 0 0 0 0
1598 685 1 8 0 1
19 755 0 0 0 0
262 755 0 0 0 0
505 755 1 0 0 1
748 755 1 3 1 1
991 755 1 7 1 1
1234 755 0 0 0 0
1477 755 0 0 0 0
140 825 0 0 0 0
383 825 1 0 0 1
626 825 1 3 0 1
869 825 1 3 0 1
1112 825 0 0 0 0
1355 825 0 0 0 0
1598 825 1 8 1 1
0 4 28 0 0 0 0
1 6
1 8
1 4
2 7
3 3 2 0 32 0 0
5 0
5 1
6 1
702 481 329 560 1 1 1 1644505997 661826 0.000000 1 2
696 446 323 525 1 1 1 1644505997 661826 0.000000 1 2
470 455 317 490 1 1 1 1644505997 661826 0.000000 1 2
652 491 329 560 1 1 1 1644505997 661826 180000.000000 1 2
586 468 323 525 1 1 1 1644505997 661826 180000.000000 1 2
440 461 317 490 1 1 1 1644505997 661826 180000.000000 1 2
602 501 329 560 1 1 1 1644505997 661826 360000.000000 1 2
546 476 323 525 1 1 1 1644505997 661827 360000.000000 1 2
400 469 317 490 1 1 1 1644505997 661827 360000.000000 1 2
382 545 329 560 1 1 1 1644505997 661827 540000.000000 1 2
376 510 323 525 1 1 1 1644505997 661827 540000.000000 1 2
370 475 317 490 1 1 1 1644505997 661827 540000.000000 1 2
412 539 329 560 1 1 1 1644505998 41270 0.000000 1 2
926 315 444 315 1 1 1 1644506004 56442 0.000000 1 4
926 280 444 280 1 1 1 1644506004 56442 0.000000 1 4
926 350 444 350 1 1 1 1644506004 56442 0.000000 1 4
476 315 444 315 1 1 1 1644506004 56442 180000.000000 1 4
476 280 444 280 1 1 1 1644506004 56442 180000.000000 1 4
936 350 444 350 1 1 1 1644506004 56442 180000.000000 1 4
476 315 444 315 3 1 1 1644506006 231607 0.000000 1 4
209 687 189 700 3 1 1 1644506009 19577 0.000000 1 5
233 757 213 770 3 1 1 1644506009 19577 0.000000 1 5
221 722 201 735 3 1 1 1644506009 19577 0.000000 1 5
215 684 189 700 3 1 1 1644506009 19577 180000.000000 1 5
239 754 213 770 3 1 1 1644506009 19577 180000.000000 1 5
227 719 201 735 3 1 1 1644506009 19577 180000.000000 1 5
210 687 189 700 3 1 1 1644506009 19577 360000.000000 1 5
234 757 213 770 3 1 1 1644506009 19577 360000.000000 1 5
222 722 201 735 3 1 1 1644506009 19577 360000.000000 1 5
215 684 189 700 3 1 1 1644506009 19577 540000.000000 1 5
568 613 213 770 3 0 1 1644506011 25507 0.000000 1 5
556 578 201 735 3 0 1 1644506011 25507 0.000000 1 5
3 2 2 0 41 0 0
1 3
0 4
644 490 1422 350 2 1 1 1644505997 661827 0.000000 2 1
638 455 1416 315 2 1 1 1644505997 661827 0.000000 2 1
407 470 1410 280 2 1 1 1644505997 661827 0.000000 2 1
599 500 1422 350 2 1 1 1644505997 661827 180000.000000 2 1
431 501 1416 315 2 1 1 1644505997 661832 180000.000000 2 1
389 474 1410 280 2 1 1 1644505997 661832 180000.000000 2 1
554 510 1422 350 2 1 1 1644505997 661832 360000.000000 2 1
431 501 1416 315 2 1 1 1644505997 661832 360000.000000 2 1
389 474 1410 280 2 1 1 1644505997 661832 360000.000000 2 1
509 520 1422 350 2 1 1 1644505997 661833 540000.000000 2 1
431 501 1416 315 2 1 1 1644505997 661833 540000.000000 2 1
389 474 1410 280 2 1 1 1644505997 661833 540000.000000 2 1
545 512 1422 350 2 1 1 1644505998 41271 0.000000 2 1
440 499 1416 315 4 1 1 1644505998 413689 0.000000 2 1
389 474 1410 280 4 1 1 1644505998 582505 0.000000 2 1
356 554 1422 350 4 1 1 1644505998 752842 0.000000 2 1
323 525 1416 315 4 1 1 1644506001 28939 0.000000 2 1
317 490 1410 280 4 1 1 1644506001 28940 0.000000 2 1
329 560 1422 350 4 1 1 1644506001 28940 0.000000 2 1
371 552 809 805 4 1 1 1644506004 22143 0.000000 2 3
391 517 829 770 4 1 1 1644506004 22143 0.000000 2 3
351 587 789 840 4 1 1 1644506004 22143 0.000000 2 3
371 552 809 805 4 1 1 1644506004 22143 180000.000000 2 3
626 652 829 770 3 1 1 1644506004 633714 0.000000 2 3
773 830 789 840 3 1 1 1644506004 633714 0.000000 2 3
787 792 809 805 3 1 1 1644506004 804944 0.000000 2 3
739 718 829 770 3 1 1 1644506004 804944 0.000000 2 3
767 827 789 840 3 1 1 1644506004 804944 0.000000 2 3
781 789 809 805 3 1 1 1644506004 974204 0.000000 2 3
801 754 829 770 3 1 1 1644506004 974204 0.000000 2 3
761 824 789 840 3 1 1 1644506004 974204 0.000000 2 3
782 789 809 805 3 1 1 1644506005 43886 0.000000 2 3
802 754 829 770 3 1 1 1644506005 349495 0.000000 2 3
762 824 789 840 3 1 1 1644506005 349495 0.000000 2 3
782 789 809 805 3 1 1 1644506005 349495 0.000000 2 3
393 295 404 280 3 1 1 1644506006 231607 0.000000 2 4
252 747 241 770 3 1 1 1644506009 19577 0.000000 2 5
212 712 201 735 3 1 1 1644506009 19578 0.000000 2 5
172 677 161 700 3 1 1 1644506009 19578 0.000000 2 5
253 740 241 770 3 1 1 1644506011 25507 0.000000 2 5
213 705 201 735 3 1 1 1644506011 25508 0.000000 2 5
3 6 1 0 37 0 0
3 7
3 8
3 6
3 5
2 8
2 6
402 617 303 560 3 1 1 1644505997 661834 0.000000 3 2
422 582 323 525 3 1 1 1644505997 661834 0.000000 3 2
442 547 343 490 3 1 1 1644505997 661834 0.000000 3 2
330 575 303 560 3 1 1 1644505997 661834 180000.000000 3 2
422 582 323 525 3 1 1 1644505997 661834 180000.000000 3 2
370 505 343 490 3 1 1 1644505997 661834 180000.000000 3 2
330 575 303 560 3 1 1 1644505997 661834 360000.000000 3 2
350 540 323 525 3 1 1 1644505997 661834 360000.000000 3 2
370 505 343 490 3 1 1 1644505997 661834 360000.000000 3 2
330 575 303 560 3 1 1 1644505997 661834 540000.000000 3 2
350 540 323 525 3 1 1 1644505997 661834 540000.000000 3 2
370 505 343 490 3 1 1 1644505997 661834 540000.000000 3 2
330 575 303 560 3 1 1 1644506001 62779 0.000000 3 2
350 540 323 525 3 1 1 1644506001 62780 0.000000 3 2
559 614 343 490 3 1 1 1644506001 62780 0.000000 3 2
330 575 303 560 3 1 1 1644506001 62780 180000.000000 3 2
1397 329 1416 315 3 1 1 1644506004 633714 0.000000 3 1
1369 294 1388 280 3 1 1 1644506004 633714 0.000000 3 1
1425 364 1444 350 3 1 1 1644506004 633714 0.000000 3 1
1397 329 1416 315 3 1 1 1644506005 926779 0.000000 3 1
1369 294 1388 280 3 1 1 1644506005 926779 0.000000 3 1
1425 364 1444 350 3 1 1 1644506005 926779 0.000000 3 1
1397 329 1416 315 3 1 1 1644506005 926779 180000.000000 3 1
1369 294 1388 280 3 1 1 1644506005 926779 180000.000000 3 1
1425 364 1444 350 3 1 1 1644506005 926779 180000.000000 3 1
1397 329 1416 315 3 1 1 1644506005 926779 360000.000000 3 1
499 300 484 280 3 1 1 1644506006 231607 0.000000 3 4
419 370 404 350 3 1 1 1644506006 231614 0.000000 3 4
229 737 201 735 3 1 1 1644506009 19578 0.000000 3 5
233 702 205 700 3 1 1 1644506009 19578 0.000000 3 5
225 772 197 770 3 1 1 1644506009 19578 0.000000 3 5
229 737 201 735 3 1 1 1644506009 19578 180000.000000 3 5
233 702 205 700 3 1 1 1644506009 19578 180000.000000 3 5
225 772 197 770 3 1 1 1644506009 19578 180000.000000 3 5
229 737 201 735 3 1 1 1644506011 25508 0.000000 3 5
233 702 205 700 3 1 1 1644506011 25508 0.000000 3 5
849 555 849 525 3 1 1 1644506012 557999 0.000000 3 12
3 2 2 0 28 0 0
1 0
2 1
439 422 363 560 4 1 1 1644505997 661835 0.000000 4 2
379 419 323 525 4 1 1 1644505997 661835 0.000000 4 2
295 460 283 490 4 1 1 1644505997 661835 0.000000 4 2
424 446 363 560 4 1 1 1644505997 661835 180000.000000 4 2
379 419 323 525 4 1 1 1644505997 661835 180000.000000 4 2
295 460 283 490 4 1 1 1644505997 661835 180000.000000 4 2
424 446 363 560 4 1 1 1644505997 661835 360000.000000 4 2
379 419 323 525 4 1 1 1644505997 661835 360000.000000 4 2
295 460 283 490 4 1 1 1644505997 661835 360000.000000 4 2
424 446 363 560 4 1 1 1644505997 661835 540000.000000 4 2
344 477 323 525 4 1 1 1644505997 661835 540000.000000 4 2
295 460 283 490 4 1 1 1644505997 661835 540000.000000 4 2
874 350 1416 350 4 1 1 1644506001 28940 0.000000 4 1
874 315 1416 315 4 1 1 1644506001 28940 0.000000 4 1
874 280 1416 280 4 1 1 1644506001 28940 0.000000 4 1
884 350 1416 350 4 1 1 1644506001 28940 180000.000000 4 1
680 633 809 805 4 1 1 1644506004 22143 0.000000 4 3
774 670 849 770 4 1 1 1644506004 22144 0.000000 4 3
556 556 769 840 4 1 1 1644506004 22144 0.000000 4 3
214 707 201 735 3 1 1 1644506009 19578 0.000000 4 5
174 672 161 700 3 1 1 1644506009 19578 0.000000 4 5
254 742 241 770 3 1 1 1644506009 19578 0.000000 4 5
214 707 201 735 3 1 1 1644506009 19578 180000.000000 4 5
174 672 161 700 3 1 1 1644506009 19578 180000.000000 4 5
254 742 241 770 3 1 1 1644506009 19578 180000.000000 4 5
213 706 201 735 3 1 1 1644506009 19578 360000.000000 4 5
170 677 161 700 3 1 1 1644506011 25508 0.000000 4 5
250 747 241 770 3 1 1 1644506011 25508 0.000000 4 5
3 1 13 0 0 0 0
0 6
10 2 20 0 0 0 0
0 1
0 3
10 2 20 0 0 0 0
4 7
4 6
10 2 20 0 0 0 0
6 8
6 6
10 1 20 0 0 0 0
6 0
10 2 20 0 0 0 0
6 3
6 4
10 3 20 0 0 0 0
5 3
5 5
4 2
10 3 19 0 0 0 0
3 3
3 1
2 2
4
1 1659 646 0 0 0 0 0.000000 0
2 1000 378 1 1 1644505998 887983 0.000000 1
1 832 299 1 1 1644506005 43881 0.000000 4
2 809 705 1 0 1644506012 691594 0.000000 3
0 1 0 -1 -1 1
0 1 0 -1 -1 1
0 1 0 -1 -1 1
0 1 10 2 3 1
0 1 0 -1 -1 1
0
