arya                            
8 50 20 10 0 1
7 11 129 91 4 1 13
250 161 0 0 0 0
493 161 0 0 0 0
736 161 1 6 0 1
979 161 0 0 0 0
1222 161 0 0 0 0
1465 161 1 4 1 1
1708 161 1 0 0 0
129 231 0 0 0 0
372 231 0 0 0 0
615 231 1 6 0 1
858 231 1 6 0 1
1101 231 0 0 0 0
1344 231 1 2 0 1
1587 231 0 0 0 0
250 301 1 0 0 1
493 301 1 0 0 0
736 301 1 6 1 1
979 301 0 0 0 0
1222 301 1 2 1 1
1465 301 0 0 0 0
1708 301 1 7 0 1
129 371 1 0 1 1
372 371 0 0 0 0
615 371 1 6 0 1
858 371 1 5 0 1
1101 371 0 0 0 0
1344 371 1 2 0 1
1587 371 0 0 0 0
250 441 1 0 0 1
493 441 0 0 0 0
736 441 1 6 0 1
979 441 1 5 1 1
1222 441 1 2 0 1
1465 441 1 3 0 1
1708 441 1 7 1 1
129 511 1 0 0 1
372 511 0 0 0 0
615 511 0 0 0 0
858 511 1 5 0 1
1101 511 0 0 0 0
1344 511 1 3 1 1
1587 511 0 0 0 0
250 581 1 8 0 1
493 581 1 12 1 1
736 581 0 0 0 0
979 581 0 0 0 0
1222 581 0 0 0 0
1465 581 0 0 0 0
1708 581 0 0 0 0
129 651 0 0 0 0
372 651 0 0 0 0
615 651 0 0 0 0
858 651 1 1 0 1
1101 651 1 11 0 1
1344 651 1 3 0 1
1587 651 1 9 0 1
250 721 1 8 1 1
493 721 0 0 0 0
736 721 1 1 1 1
979 721 0 0 0 0
1222 721 0 0 0 0
1465 721 0 0 0 0
1708 721 1 9 1 1
129 791 1 8 0 1
372 791 1 8 0 1
615 791 0 0 0 0
858 791 1 1 0 1
1101 791 1 11 1 1
1344 791 1 10 1 1
1587 791 0 0 0 0
250 861 0 0 0 0
493 861 0 0 0 0
736 861 1 1 0 1
979 861 1 11 0 1
1222 861 1 10 0 1
1465 861 1 10 0 1
1708 861 1 9 0 1
0 4 10 0 0 0 0
0 3
0 4
0 2
0 5
1 4 10 0 0 0 0
2 8
2 10
3 9
3 7
2 4 10 0 0 0 0
4 2
4 4
5 3
5 1
3 3 10 0 0 0 0
5 5
5 4
5 7
4 1 10 0 0 0 0
5 0
10 3 20 0 0 0 0
3 4
3 5
3 3
10 6 20 0 0 0 0
2 2
2 3
2 1
2 4
2 0
3 1
10 2 20 0 0 0 0
6 4
6 2
10 4 20 0 0 0 0
0 8
0 9
0 6
1 9
10 3 20 0 0 0 0
6 8
6 7
6 10
10 3 20 0 0 0 0
5 9
5 10
4 10
10 3 20 0 0 0 0
4 9
4 7
3 10
10 1 20 0 0 0 0
1 6
0
0 1 10 -1 -1 1
0 1 10 -1 -1 1
0 1 10 -1 -1 1
0 1 10 -1 -1 1
0 1 10 -1 -1 1
0
