                                
8 50 20 10 0
7 10 11 110 4 1 13
132 180 1 1 1 1
375 180 0 0 0 0
618 180 1 10 1 1
861 180 1 11 0 1
1104 180 1 11 0 1
1347 180 0 0 0 0
1590 180 0 0 0 0
11 250 1 1 0 1
254 250 0 0 0 0
497 250 0 0 0 0
740 250 1 10 0 1
983 250 1 11 1 1
1226 250 0 0 0 0
1469 250 0 0 0 0
132 320 0 0 0 0
375 320 1 2 1 1
618 320 0 0 0 0
861 320 0 0 0 0
1104 320 0 0 0 0
1347 320 0 0 0 0
1590 320 0 0 0 0
11 390 1 5 1 1
254 390 1 2 0 1
497 390 1 2 0 1
740 390 0 0 0 0
983 390 0 0 0 0
1226 390 0 0 0 0
1469 390 0 0 0 0
132 460 1 5 0 1
375 460 0 0 0 0
618 460 0 0 0 0
861 460 0 0 0 0
1104 460 1 7 1 1
1347 460 1 6 1 1
1590 460 1 3 1 1
11 530 0 0 0 0
254 530 0 0 0 0
497 530 1 9 1 1
740 530 1 8 1 1
983 530 0 0 0 0
1226 530 1 6 0 1
1469 530 1 3 0 1
132 600 1 4 0 1
375 600 1 9 0 1
618 600 1 8 0 1
861 600 1 0 0 1
1104 600 1 7 0 1
1347 600 1 6 0 1
1590 600 0 0 0 0
11 670 1 4 1 1
254 670 0 0 0 0
497 670 0 0 0 0
740 670 1 0 0 1
983 670 1 0 0 1
1226 670 0 0 0 0
1469 670 1 12 0 1
132 740 1 4 0 1
375 740 0 0 0 0
618 740 0 0 0 0
861 740 1 0 1 1
1104 740 0 0 0 0
1347 740 0 0 0 0
1590 740 1 12 1 1
11 810 1 4 0 1
254 810 1 0 0 0
497 810 1 0 0 0
740 810 0 0 0 0
983 810 1 0 0 1
1226 810 0 0 0 0
1469 810 1 12 0 1
0 5 10 0 0 0 0
3 8
3 7
3 6
4 9
4 7
2 2 10 0 0 0 0
0 0
0 1
3 3 10 0 0 0 0
1 2
1 3
2 3
4 2 10 0 0 0 0
6 4
6 5
1 4 10 0 0 0 0
0 7
0 8
0 6
0 9
10 2 20 0 0 0 0
0 3
0 4
10 3 20 0 0 0 0
5 4
5 5
5 6
10 2 20 0 0 0 0
4 4
4 6
10 2 20 0 0 0 0
3 5
2 6
10 2 20 0 0 0 0
2 5
1 6
10 2 20 0 0 0 0
2 0
3 1
10 3 20 0 0 0 0
4 1
4 0
3 0
10 3 20 0 0 0 0
6 8
6 9
6 7
0
0 1 10 -1 1
0 1 10 -1 1
0 1 10 -1 1
0 1 10 -1 1
0 1 10 -1 1
0
