arya                            
8 50 20 10
7 11 80 68 4 1 13
201 138 1 1 1 0
444 138 1 3 1 0
687 138 1 1 1 1
930 138 0 0 0 0
1173 138 1 8 0 1
1416 138 1 5 1 1
1659 138 1 9 0 1
80 208 0 1 1 0
323 208 0 4 0 0
566 208 0 3 0 0
809 208 1 1 0 1
1052 208 1 8 1 1
1295 208 0 0 0 0
1538 208 0 6 1 0
201 278 1 0 0 1
444 278 1 0 0 1
687 278 1 1 1 1
930 278 1 8 0 1
1173 278 1 8 1 1
1416 278 0 6 1 0
1659 278 1 9 1 1
80 348 0 1 0 0
323 348 1 0 1 1
566 348 0 2 0 0
809 348 1 1 1 1
1052 348 0 0 0 0
1295 348 1 10 1 1
1538 348 1 3 1 1
201 418 0 2 1 0
444 418 1 0 1 1
687 418 1 1 0 1
930 418 0 5 0 0
1173 418 0 1 0 0
1416 418 0 0 0 0
1659 418 0 7 0 0
80 488 0 2 0 0
323 488 0 1 0 0
566 488 1 11 1 1
809 488 0 5 0 0
1052 488 0 6 0 0
1295 488 1 10 0 1
1538 488 1 3 1 1
201 558 1 9 0 0
444 558 0 10 1 0
687 558 1 11 1 1
930 558 0 8 1 0
1173 558 1 12 1 1
1416 558 0 8 0 0
1659 558 0 8 0 0
80 628 0 9 1 0
323 628 0 8 1 0
566 628 1 4 1 1
809 628 1 6 0 1
1052 628 0 3 0 0
1295 628 1 2 1 1
1538 628 0 8 0 0
201 698 0 0 0 0
444 698 0 8 1 0
687 698 1 4 0 1
930 698 1 6 1 1
1173 698 1 12 1 1
1416 698 1 2 1 1
1659 698 1 0 1 0
80 768 0 0 0 0
323 768 1 7 1 1
566 768 1 4 1 1
809 768 0 0 0 0
1052 768 1 6 1 1
1295 768 1 2 0 1
1538 768 0 0 0 0
201 838 0 0 0 0
444 838 0 0 0 0
687 838 1 4 0 1
930 838 1 6 1 1
1173 838 0 0 0 0
1416 838 0 0 0 0
1659 838 0 0 0 0
0 4 10 0 0 0
1 3
1 4
1 2
0 2
2 5 10 0 0 0
2 2
2 4
2 0
3 3
3 1
4 3 10 0 0 0
5 8
5 9
5 7
1 2 10 0 0 0
6 5
6 3
3 4 10 0 0 0
2 9
2 10
2 8
2 7
10 1 20 0 0 0
5 0
10 4 20 0 0 0
3 8
3 7
3 10
4 9
10 1 20 0 0 0
1 9
10 4 20 0 0 0
4 1
4 2
4 0
3 2
10 2 20 0 0 0
6 2
6 0
10 2 20 0 0 0
5 3
5 5
10 2 20 0 0 0
2 5
2 6
10 2 20 0 0 0
4 8
4 6
0
0 10 -1 1
0 10 -1 1
0 10 -1 1
0 10 -1 1
0 10 -1 1
0
