arya                            
8 50 20 10
7 10 95 149 5 1 14
216 219 1 2 1 1
459 219 1 11 1 1
702 219 0 4 1 0
945 219 0 4 1 0
1188 219 0 4 1 0
1431 219 1 3 1 1
1674 219 1 4 1 1
95 289 0 3 1 0
338 289 1 2 1 1
581 289 1 11 1 1
824 289 0 7 1 0
1067 289 1 4 1 0
1310 289 1 3 1 1
1553 289 0 3 1 0
216 359 0 3 1 0
459 359 1 11 0 1
702 359 1 12 1 1
945 359 0 4 1 0
1188 359 1 3 1 1
1431 359 0 0 0 0
1674 359 0 1 1 0
95 429 1 6 1 0
338 429 0 2 0 0
581 429 1 12 1 1
824 429 1 12 0 1
1067 429 1 4 1 0
1310 429 1 3 1 1
1553 429 1 7 1 1
216 499 1 5 1 1
459 499 0 2 1 0
702 499 0 9 1 0
945 499 0 6 1 0
1188 499 1 4 0 0
1431 499 0 0 0 0
1674 499 1 7 1 1
95 569 1 7 1 0
338 569 1 5 1 1
581 569 0 2 0 0
824 569 0 7 0 0
1067 569 0 2 1 0
1310 569 1 0 1 1
1553 569 0 0 1 0
216 639 1 5 0 1
459 639 0 2 0 0
702 639 0 0 1 0
945 639 1 13 1 1
1188 639 1 0 0 1
1431 639 1 0 0 1
1674 639 1 1 1 1
95 709 1 9 1 1
338 709 1 5 1 1
581 709 1 6 1 1
824 709 0 9 1 0
1067 709 1 10 1 1
1310 709 1 0 1 1
1553 709 1 1 1 1
216 779 1 9 1 1
459 779 0 5 1 0
702 779 0 7 0 0
945 779 0 9 1 0
1188 779 0 1 1 0
1431 779 0 6 1 0
1674 779 0 1 1 0
95 849 0 5 0 0
338 849 0 5 0 0
581 849 1 6 1 1
824 849 1 8 1 1
1067 849 1 10 1 1
1310 849 1 0 1 1
1553 849 1 1 0 1
0 5 10 0 0 0
5 7
5 6
5 9
5 5
4 6
2 3 10 0 0 0
6 7
6 6
6 9
4 2 10 0 0 0
0 0
1 1
1 4 10 0 0 0
5 1
5 0
5 3
4 2
5 1 10 0 0 0
6 0
3 4 10 0 0 0
1 5
1 7
0 6
0 4
10 2 20 0 0 0
2 7
2 9
10 2 20 0 0 0
6 4
6 3
10 1 20 0 0 0
3 9
10 2 20 0 0 0
0 8
0 7
10 2 20 0 0 0
4 9
4 7
10 3 20 0 0 0
1 0
1 2
2 1
10 3 20 0 0 0
2 2
2 3
3 3
10 1 20 0 0 0
3 6
0
0 10 -1 1
0 10 -1 1
0 10 -1 1
0 10 -1 1
0 10 -1 1
0 10 -1 1
0
