arya                            
8 50 20 10
7 11 10 105 4 1 13
131 175 0 0 0 0
374 175 0 0 0 0
617 175 1 2 1 1
860 175 0 0 0 0
1103 175 0 0 0 0
1346 175 0 0 0 0
1589 175 1 11 0 1
10 245 1 0 0 0
253 245 1 5 1 1
496 245 1 2 0 1
739 245 0 0 0 0
982 245 0 0 0 0
1225 245 0 0 0 0
1468 245 1 11 1 1
131 315 1 5 0 1
374 315 0 0 0 0
617 315 1 2 0 1
860 315 0 0 0 0
1103 315 1 4 1 1
1346 315 0 0 0 0
1589 315 1 11 0 1
10 385 0 0 0 0
253 385 0 0 0 0
496 385 1 7 1 1
739 385 1 3 1 1
982 385 1 4 0 1
1225 385 1 4 0 1
1468 385 0 0 0 0
131 455 0 0 0 0
374 455 0 0 0 0
617 455 0 0 0 0
860 455 1 3 0 1
1103 455 0 0 0 0
1346 455 1 6 1 1
1589 455 1 10 0 1
10 525 0 0 0 0
253 525 1 0 0 0
496 525 1 7 0 1
739 525 0 0 0 0
982 525 1 9 0 1
1225 525 0 0 0 0
1468 525 0 0 0 0
131 595 1 0 0 0
374 595 1 1 0 1
617 595 1 12 1 1
860 595 1 9 1 1
1103 595 1 8 0 1
1346 595 1 6 0 1
1589 595 1 10 1 1
10 665 0 0 0 0
253 665 1 1 0 1
496 665 0 0 0 0
739 665 0 0 0 0
982 665 1 9 0 1
1225 665 1 8 1 1
1468 665 0 0 0 0
131 735 0 0 0 0
374 735 1 1 1 1
617 735 0 0 0 0
860 735 1 0 0 1
1103 735 1 8 0 1
1346 735 0 0 0 0
1589 735 0 0 0 0
10 805 0 0 0 0
253 805 1 1 0 1
496 805 1 1 0 1
739 805 0 0 0 0
982 805 1 0 0 1
1225 805 0 0 0 0
1468 805 0 0 0 0
131 875 0 0 0 0
374 875 1 1 0 1
617 875 1 0 0 0
860 875 1 0 1 1
1103 875 0 0 0 0
1346 875 0 0 0 0
1589 875 0 0 0 0
0 3 10 0 0 0 0
3 10
3 8
4 9
2 6 10 0 0 0 0
1 8
1 9
1 7
1 10
1 6
2 9
3 3 10 0 0 0 0
2 0
2 1
2 2
4 2 10 0 0 0 0
3 3
3 4
1 3 10 0 0 0 0
4 2
4 3
5 3
10 2 20 0 0 0 0
1 1
0 2
10 2 20 0 0 0 0
5 4
5 6
10 2 20 0 0 0 0
2 3
2 5
10 3 20 0 0 0 0
5 7
4 8
4 6
10 3 20 0 0 0 0
3 6
4 7
4 5
10 2 20 0 0 0 0
6 6
6 4
10 3 20 0 0 0 0
6 1
6 2
6 0
10 1 20 0 0 0 0
2 6
0
0 0 10 -1 1
0 1 10 -1 1
0 1 10 -1 1
0 1 10 -1 1
0 1 10 -1 1
0
