arya                            
1 50 20 10
7 11 137 90 1 1 3
258 160 0 0 0 0
501 160 1 1 1 1
744 160 0 0 0 0
987 160 1 0 0 0
1230 160 1 0 0 0
1473 160 1 0 0 0
1716 160 1 0 0 0
137 230 1 0 0 0
380 230 0 0 0 0
623 230 1 1 0 1
866 230 0 0 0 0
1109 230 1 0 0 0
1352 230 1 0 0 0
1595 230 0 0 0 0
258 300 1 0 0 0
501 300 1 1 0 1
744 300 1 0 0 0
987 300 1 0 0 0
1230 300 0 0 0 0
1473 300 1 0 0 0
1716 300 1 0 0 0
137 370 0 0 0 0
380 370 0 0 0 0
623 370 1 0 0 0
866 370 1 0 0 0
1109 370 0 0 0 0
1352 370 0 0 0 0
1595 370 1 0 0 0
258 440 1 2 0 1
501 440 0 0 0 0
744 440 0 0 0 0
987 440 1 0 0 0
1230 440 0 0 0 0
1473 440 1 0 0 0
1716 440 1 0 0 0
137 510 1 2 1 1
380 510 0 0 0 0
623 510 0 0 0 0
866 510 0 0 0 0
1109 510 0 0 0 0
1352 510 0 0 0 0
1595 510 1 0 0 0
258 580 1 2 0 1
501 580 1 0 0 1
744 580 1 0 0 1
987 580 1 0 0 0
1230 580 0 0 0 0
1473 580 0 0 0 0
1716 580 0 0 0 0
137 650 0 0 0 0
380 650 1 0 0 0
623 650 1 0 1 1
866 650 0 0 0 0
1109 650 1 0 0 0
1352 650 1 0 0 0
1595 650 1 0 0 0
258 720 0 0 0 0
501 720 1 0 0 1
744 720 1 0 0 1
987 720 1 0 0 0
1230 720 1 0 0 0
1473 720 1 0 0 0
1716 720 1 0 0 0
137 790 1 0 0 0
380 790 0 0 0 0
623 790 0 0 0 0
866 790 1 0 0 0
1109 790 0 0 0 0
1352 790 0 0 0 0
1595 790 1 0 0 0
258 860 1 0 0 0
501 860 0 0 0 0
744 860 0 0 0 0
987 860 0 0 0 0
1230 860 0 0 0 0
1473 860 1 0 0 0
1716 860 1 0 0 0
0 5 10 0 0 0
2 7
2 8
2 6
1 8
1 6
2 3 10 0 0 0
1 0
1 2
2 1
10 3 20 0 0 0
0 5
0 6
0 4
0
0 10 -1 1
0 10 -1 1
0
