arya                            
8 50 20 10
7 10 121 112 4 1 13
242 182 0 0 0 0
485 182 0 0 0 0
728 182 1 3 1 1
971 182 1 6 0 1
1214 182 0 0 0 0
1457 182 1 0 0 0
1700 182 1 7 0 1
121 252 1 0 0 0
364 252 0 0 0 0
607 252 1 3 0 1
850 252 1 3 0 1
1093 252 0 0 0 0
1336 252 0 0 0 0
1579 252 0 0 0 0
242 322 1 4 0 1
485 322 1 8 0 1
728 322 1 3 0 1
971 322 1 6 1 1
1214 322 0 0 0 0
1457 322 0 0 0 0
1700 322 1 7 1 1
121 392 0 0 0 0
364 392 1 4 0 1
607 392 0 0 0 0
850 392 0 0 0 0
1093 392 0 0 0 0
1336 392 1 1 0 1
1579 392 0 0 0 0
242 462 1 4 1 1
485 462 1 8 1 1
728 462 0 0 0 0
971 462 1 0 0 1
1214 462 1 12 1 1
1457 462 1 1 1 1
1700 462 0 0 0 0
121 532 0 0 0 0
364 532 0 0 0 0
607 532 1 8 0 1
850 532 1 0 1 1
1093 532 0 0 0 0
1336 532 0 0 0 0
1579 532 0 0 0 0
242 602 1 4 0 1
485 602 1 5 0 1
728 602 0 0 0 0
971 602 0 0 0 0
1214 602 0 0 0 0
1457 602 1 1 0 1
1700 602 0 0 0 0
121 672 1 9 1 1
364 672 0 0 0 0
607 672 1 5 0 1
850 672 1 0 0 1
1093 672 1 10 0 1
1336 672 1 2 0 1
1579 672 0 0 0 0
242 742 0 0 0 0
485 742 1 5 1 1
728 742 0 0 0 0
971 742 1 10 1 1
1214 742 0 0 0 0
1457 742 0 0 0 0
1700 742 0 0 0 0
121 812 0 0 0 0
364 812 1 5 0 1
607 812 0 0 0 0
850 812 0 0 0 0
1093 812 0 0 0 0
1336 812 1 2 1 1
1579 812 1 11 1 1
0 3 10 0 0 0 0
3 5
3 4
3 7
2 3 10 0 0 0 0
5 4
5 3
5 6
4 2 10 0 0 0 0
5 9
5 7
1 4 10 0 0 0 0
2 0
2 1
2 2
3 1
3 4 10 0 0 0 0
0 4
0 6
0 2
1 3
10 4 20 0 0 0 0
1 8
1 9
1 6
2 7
10 2 20 0 0 0 0
3 2
3 0
10 2 20 0 0 0 0
6 2
6 0
10 3 20 0 0 0 0
1 4
1 2
2 5
10 1 20 0 0 0 0
0 7
10 2 20 0 0 0 0
3 8
4 7
10 1 20 0 0 0 0
6 9
10 1 20 0 0 0 0
4 4
0
0 0 10 -1 1
0 1 10 -1 1
0 1 10 -1 1
0 1 10 -1 1
0 1 10 -1 1
0
