arya                            
8 50 20 10 0 1
7 9 108 134 4 1 13
193 183 0 0 0 0
364 183 1 7 1 1
535 183 0 0 0 0
706 183 0 0 0 0
877 183 0 0 0 0
1048 183 0 0 0 0
1219 183 0 0 0 0
108 233 0 0 0 0
279 233 1 7 0 1
450 233 1 5 0 1
621 233 1 2 1 1
792 233 1 6 1 1
963 233 0 0 0 0
1134 233 0 0 0 0
193 282 0 0 0 0
364 282 0 0 0 0
535 282 0 0 0 0
706 282 1 2 0 1
877 282 0 0 0 0
1048 282 0 0 0 0
1219 282 0 0 0 0
108 332 1 3 0 1
279 332 0 0 0 0
450 332 1 5 1 1
621 332 0 0 0 0
792 332 1 6 0 1
963 332 0 0 0 0
1134 332 1 4 0 1
193 381 1 3 1 1
364 381 0 0 0 0
535 381 0 0 0 0
706 381 1 10 1 1
877 381 0 0 0 0
1048 381 0 0 0 0
1219 381 1 4 1 1
108 431 0 0 0 0
279 431 0 0 0 0
450 431 1 1 0 1
621 431 0 0 0 0
792 431 1 10 0 1
963 431 0 0 0 0
1134 431 1 4 0 1
193 480 1 3 0 1
364 480 1 1 1 1
535 480 1 0 0 1
706 480 1 8 0 1
877 480 1 12 1 1
1048 480 1 11 0 1
1219 480 0 0 0 0
108 530 0 0 0 0
279 530 0 0 0 0
450 530 0 0 0 0
621 530 1 0 0 1
792 530 0 0 0 0
963 530 0 0 0 0
1134 530 0 0 0 0
193 579 0 0 0 0
364 579 0 0 0 0
535 579 1 0 1 1
706 579 1 8 1 1
877 579 0 0 0 0
1048 579 1 11 1 1
1219 579 1 9 1 1
0 3 10 0 0 0 0
2 8
2 6
3 7
1 2 10 0 0 0 0
1 6
2 5
2 2 10 0 0 0 0
3 1
3 2
3 3 10 0 0 0 0
0 4
0 3
0 6
4 3 10 0 0 0 0
6 4
6 5
6 3
10 2 20 0 0 0 0
2 3
2 1
10 2 20 0 0 0 0
4 1
4 3
10 2 20 0 0 0 0
1 0
1 1
10 2 20 0 0 0 0
3 8
3 6
10 1 20 0 0 0 0
6 8
10 2 20 0 0 0 0
3 4
4 5
10 2 20 0 0 0 0
5 8
5 6
10 1 20 0 0 0 0
4 6
0
0 1 10 -1 -1 1
0 1 10 -1 -1 1
0 1 10 -1 -1 1
0 1 10 -1 -1 1
0 1 10 -1 -1 1
0
