arya                            
8 50 20 10 0
7 10 155 179 6 1 15
276 249 1 5 1 1
519 249 1 5 0 1
762 249 1 4 1 1
1005 249 0 0 0 0
1248 249 0 0 0 0
1491 249 0 10 0 0
1734 249 0 0 0 0
155 319 1 13 1 1
398 319 1 5 1 1
641 319 0 0 0 0
884 319 0 5 0 0
1127 319 1 0 1 1
1370 319 0 10 1 0
1613 319 1 11 0 1
276 389 1 5 0 1
519 389 0 1 1 0
762 389 0 5 1 0
1005 389 1 0 1 1
1248 389 1 2 0 1
1491 389 1 11 1 1
1734 389 0 0 1 0
155 459 0 0 0 0
398 459 0 1 0 0
641 459 1 3 0 1
884 459 0 0 0 0
1127 459 1 0 0 1
1370 459 0 0 0 0
1613 459 0 0 0 0
276 529 0 7 0 0
519 529 1 3 1 1
762 529 1 10 1 1
1005 529 1 0 0 1
1248 529 1 2 1 1
1491 529 0 0 0 0
1734 529 1 7 1 1
155 599 1 8 1 1
398 599 1 3 1 1
641 599 0 11 1 0
884 599 0 9 0 0
1127 599 0 9 0 0
1370 599 0 3 1 0
1613 599 0 0 0 0
276 669 1 6 0 1
519 669 0 0 0 0
762 669 1 9 0 1
1005 669 1 1 1 1
1248 669 1 2 0 1
1491 669 0 0 0 0
1734 669 0 4 0 0
155 739 0 0 0 0
398 739 1 6 1 1
641 739 1 9 1 1
884 739 0 0 0 0
1127 739 0 0 0 0
1370 739 0 0 0 0
1613 739 0 4 0 0
276 809 1 6 0 1
519 809 0 0 0 0
762 809 0 0 0 0
1005 809 1 1 0 1
1248 809 1 12 1 1
1491 809 1 14 1 1
1734 809 0 4 1 0
155 879 0 8 1 0
398 879 0 0 0 0
641 879 0 0 0 0
884 879 0 2 1 0
1127 879 1 12 1 1
1370 879 0 0 0 0
1613 879 0 0 0 0
0 4 10 0 0 0 0
3 2
3 4
4 3
4 1
2 2 10 0 0 0 0
3 6
3 8
6 3 10 0 0 0 0
4 4
4 6
4 2
4 3 10 0 0 0 0
1 4
1 5
2 3
3 1 10 0 0 0 0
2 0
5 4 10 0 0 0 0
1 1
1 0
0 2
0 0
1 3 10 0 0 0 0
1 7
0 8
0 6
10 1 20 0 0 0 0
6 4
10 1 20 0 0 0 0
0 5
10 2 20 0 0 0 0
2 7
2 6
10 1 20 0 0 0 0
2 4
10 2 20 0 0 0 0
5 2
6 1
10 2 20 0 0 0 0
4 8
4 9
10 1 20 0 0 0 0
0 1
10 1 20 0 0 0 0
5 8
0
0 1 10 -1 1
0 1 10 -1 1
0 1 10 -1 1
0 1 10 -1 1
0 1 10 -1 1
0 1 10 -1 1
0 1 10 -1 1
0
