arya                            
6 50 20 10
7 10 82 147 5 1 12
203 217 1 10 0 1
446 217 0 0 0 0
689 217 0 0 0 0
932 217 1 9 1 1
1175 217 1 0 0 0
1418 217 1 6 1 1
1661 217 1 8 1 0
82 287 0 0 0 0
325 287 0 0 0 0
568 287 0 0 0 0
811 287 0 0 0 0
1054 287 0 0 0 0
1297 287 0 0 0 0
1540 287 0 0 0 0
203 357 1 10 1 1
446 357 1 0 0 0
689 357 0 0 0 0
932 357 1 7 0 1
1175 357 0 0 0 0
1418 357 1 6 0 1
1661 357 0 0 0 0
82 427 0 0 0 0
325 427 0 0 0 0
568 427 1 3 0 0
811 427 1 7 1 1
1054 427 1 4 0 1
1297 427 1 11 1 1
1540 427 0 0 0 0
203 497 0 0 0 0
446 497 0 0 0 0
689 497 1 7 1 1
932 497 1 4 1 1
1175 497 0 0 0 0
1418 497 1 11 0 1
1661 497 1 5 0 1
82 567 1 1 1 1
325 567 0 0 0 0
568 567 0 0 0 0
811 567 1 7 0 1
1054 567 1 4 1 1
1297 567 1 11 1 1
1540 567 1 5 0 1
203 637 1 1 0 1
446 637 1 8 0 1
689 637 0 0 0 0
932 637 0 0 0 0
1175 637 0 0 0 0
1418 637 0 0 0 0
1661 637 1 5 1 1
82 707 0 0 0 0
325 707 1 2 1 1
568 707 1 8 1 1
811 707 1 3 0 1
1054 707 1 3 1 1
1297 707 0 0 0 0
1540 707 0 0 0 0
203 777 0 0 0 0
446 777 1 2 0 1
689 777 1 8 1 1
932 777 1 3 1 1
1175 777 1 7 0 0
1418 777 0 0 0 0
1661 777 0 0 0 0
82 847 1 0 1 1
325 847 1 2 1 1
568 847 1 8 0 1
811 847 1 3 0 1
1054 847 0 0 0 0
1297 847 0 0 0 0
1540 847 0 0 0 0
0 1 10 0 0 0
0 9
2 2 10 0 0 0
0 5
0 6
1 3 10 0 0 0
1 9
1 8
1 7
4 4 10 0 0 0
3 8
3 9
3 7
4 7
3 3 10 0 0 0
4 5
4 3
3 4
5 3 10 0 0 0
6 6
6 5
6 4
10 2 20 0 0 0
5 0
5 2
10 4 20 0 0 0
3 3
3 2
3 5
2 4
10 4 20 0 0 0
2 7
2 8
2 9
1 6
10 1 20 0 0 0
3 0
10 2 20 0 0 0
0 2
0 0
10 3 20 0 0 0
5 5
5 4
5 3
0
0 10 -1 1
0 10 -1 1
0 10 -1 1
0 10 -1 1
0 10 -1 1
0 10 -1 1
0
