arya                            
8 50 20 10
7 10 95 155 1 1 10
216 225 0 0 0 0
459 225 0 0 0 0
702 225 0 0 0 0
945 225 0 0 0 0
1188 225 0 0 0 0
1431 225 0 0 0 0
1674 225 1 0 0 0
95 295 1 9 1 1
338 295 0 0 0 0
581 295 1 7 1 1
824 295 1 2 1 1
1067 295 1 0 0 0
1310 295 0 0 0 0
1553 295 1 1 0 1
216 365 1 9 0 1
459 365 1 7 0 1
702 365 0 0 0 0
945 365 0 0 0 0
1188 365 0 0 0 0
1431 365 1 1 1 1
1674 365 0 0 0 0
95 435 0 0 0 0
338 435 1 0 0 0
581 435 0 0 0 0
824 435 1 2 0 1
1067 435 0 0 0 0
1310 435 0 0 0 0
1553 435 0 0 0 0
216 505 0 0 0 0
459 505 0 0 0 0
702 505 0 0 0 0
945 505 1 0 0 0
1188 505 0 0 0 0
1431 505 0 0 0 0
1674 505 1 8 0 1
95 575 1 0 0 0
338 575 0 0 0 0
581 575 0 0 0 0
824 575 0 0 0 0
1067 575 0 0 0 0
1310 575 0 0 0 0
1553 575 1 8 1 1
216 645 1 5 0 1
459 645 0 0 0 0
702 645 0 0 0 0
945 645 1 0 0 0
1188 645 1 3 1 1
1431 645 0 0 0 0
1674 645 1 8 0 1
95 715 0 0 0 0
338 715 1 0 0 1
581 715 1 0 0 1
824 715 0 0 0 0
1067 715 0 0 0 0
1310 715 1 3 0 1
1553 715 1 4 0 1
216 785 1 5 1 1
459 785 1 0 1 1
702 785 1 6 0 1
945 785 1 6 0 1
1188 785 1 3 0 1
1431 785 1 4 0 1
1674 785 0 0 0 0
95 855 0 0 0 0
338 855 0 0 0 0
581 855 1 0 0 1
824 855 1 6 1 1
1067 855 0 0 0 0
1310 855 0 0 0 0
1553 855 1 4 1 1
0 4 10 0 0 0
1 8
1 7
2 9
2 7
2 2 10 0 0 0
5 2
6 1
10 2 20 0 0 0
3 1
3 3
10 3 20 0 0 0
4 6
4 8
5 7
10 3 20 0 0 0
6 9
6 7
5 8
10 2 20 0 0 0
0 8
0 6
10 3 20 0 0 0
3 9
3 8
2 8
10 2 20 0 0 0
2 1
1 2
10 3 20 0 0 0
6 5
6 6
6 4
10 2 20 0 0 0
0 1
0 2
0
0 10 -1 1
0 10 -1 1
0
