arya                            
8 50 20 10
7 11 148 99 4 1 13
269 169 0 0 0 0
512 169 0 0 0 0
755 169 0 0 0 0
998 169 0 0 0 0
1241 169 1 8 1 1
1484 169 1 0 0 0
1727 169 0 0 0 0
148 239 1 0 0 0
391 239 0 0 0 0
634 239 1 2 1 1
877 239 0 0 0 0
1120 239 0 0 0 0
1363 239 0 0 0 0
1606 239 0 0 0 0
269 309 1 0 0 0
512 309 1 2 0 1
755 309 0 0 0 0
998 309 0 0 0 0
1241 309 0 0 0 0
1484 309 1 9 0 1
1727 309 1 9 0 1
148 379 0 0 0 0
391 379 1 0 0 0
634 379 0 0 0 0
877 379 1 4 1 1
1120 379 1 0 0 0
1363 379 0 0 0 0
1606 379 1 9 1 1
269 449 0 0 0 0
512 449 0 0 0 0
755 449 0 0 0 0
998 449 0 0 0 0
1241 449 0 0 0 0
1484 449 0 0 0 0
1727 449 0 0 0 0
148 519 1 7 0 1
391 519 0 0 0 0
634 519 0 0 0 0
877 519 0 0 0 0
1120 519 0 0 0 0
1363 519 0 0 0 0
1606 519 0 0 0 0
269 589 1 7 1 1
512 589 0 0 0 0
755 589 0 0 0 0
998 589 0 0 0 0
1241 589 1 11 0 1
1484 589 0 0 0 0
1727 589 0 0 0 0
148 659 1 7 0 1
391 659 0 0 0 0
634 659 1 10 1 1
877 659 0 0 0 0
1120 659 1 11 1 1
1363 659 1 12 1 1
1606 659 1 1 0 1
269 729 0 0 0 0
512 729 0 0 0 0
755 729 0 0 0 0
998 729 0 0 0 0
1241 729 0 0 0 0
1484 729 0 0 0 0
1727 729 0 0 0 0
148 799 0 0 0 0
391 799 1 5 0 1
634 799 0 0 0 0
877 799 1 3 1 1
1120 799 1 0 0 1
1363 799 1 0 0 1
1606 799 1 1 1 1
269 869 1 6 1 1
512 869 1 5 1 1
755 869 1 3 0 1
998 869 0 0 0 0
1241 869 1 0 1 1
1484 869 1 1 0 1
1727 869 0 0 0 0
0 3 10 0 0 0 0
4 10
4 9
5 9
2 3 10 0 0 0 0
6 9
6 7
5 10
4 2 10 0 0 0 0
2 1
1 2
1 2 10 0 0 0 0
3 9
2 10
3 1 10 0 0 0 0
3 3
10 2 20 0 0 0 0
1 10
1 9
10 1 20 0 0 0 0
0 10
10 3 20 0 0 0 0
0 6
0 7
0 5
10 1 20 0 0 0 0
4 0
10 3 20 0 0 0 0
6 3
6 2
5 2
10 1 20 0 0 0 0
2 7
10 2 20 0 0 0 0
4 7
4 6
10 1 20 0 0 0 0
5 7
0
0 0 10 -1 1
0 1 10 -1 1
0 1 10 -1 1
0 1 10 -1 1
0 1 10 -1 1
0
