arya                            
8 50 20 10
7 10 129 164 5 1 14
250 234 1 0 1 1
493 234 1 1 1 1
736 234 1 4 1 1
979 234 0 0 0 0
1222 234 1 8 0 1
1465 234 1 3 1 1
1708 234 1 0 0 0
129 304 1 0 0 1
372 304 0 3 0 0
615 304 1 1 1 1
858 304 0 0 1 0
1101 304 1 8 1 1
1344 304 1 3 1 1
1587 304 1 3 1 1
250 374 1 0 1 1
493 374 0 1 1 0
736 374 0 5 1 0
979 374 0 5 0 0
1222 374 1 7 0 1
1465 374 0 2 1 0
1708 374 0 6 1 0
129 444 0 3 0 0
372 444 1 0 1 1
615 444 0 1 1 0
858 444 1 9 1 1
1101 444 0 6 0 0
1344 444 1 7 1 1
1587 444 1 13 1 1
250 514 0 0 0 0
493 514 1 10 1 1
736 514 0 1 0 0
979 514 0 5 1 0
1222 514 1 7 1 1
1465 514 1 13 1 1
1708 514 0 0 0 0
129 584 0 0 0 0
372 584 1 10 1 1
615 584 1 10 1 1
858 584 1 9 0 1
1101 584 1 7 1 1
1344 584 0 11 0 0
1587 584 0 0 1 0
250 654 0 4 0 0
493 654 0 3 0 0
736 654 1 6 0 1
979 654 0 5 1 0
1222 654 0 2 1 0
1465 654 1 5 0 1
1708 654 0 0 1 0
129 724 1 11 1 1
372 724 0 4 1 0
615 724 0 5 1 0
858 724 0 2 0 0
1101 724 1 2 0 1
1344 724 0 2 0 0
1587 724 1 5 0 1
250 794 1 11 1 1
493 794 1 12 1 1
736 794 1 6 1 1
979 794 0 0 0 0
1222 794 1 2 1 1
1465 794 1 5 1 1
1708 794 0 7 1 0
129 864 0 6 1 0
372 864 1 11 1 1
615 864 0 5 1 0
858 864 0 2 1 0
1101 864 0 4 1 0
1344 864 1 2 1 1
1587 864 0 7 0 0
0 4 10 0 0 0
0 2
0 1
0 0
1 3
2 2 10 0 0 0
1 0
2 1
5 3 10 0 0 0
4 8
4 7
5 9
1 3 10 0 0 0
5 0
5 1
6 1
4 1 10 0 0 0
2 0
3 3 10 0 0 0
5 8
5 6
6 7
10 2 20 0 0 0
2 8
2 6
10 4 20 0 0 0
4 4
4 5
4 2
5 3
10 2 20 0 0 0
4 1
4 0
10 2 20 0 0 0
3 3
3 5
10 3 20 0 0 0
1 4
1 5
2 5
10 3 20 0 0 0
0 8
0 7
1 9
10 1 20 0 0 0
1 8
10 2 20 0 0 0
6 3
5 4
0
0 10 -1 1
0 10 -1 1
0 10 -1 1
0 10 -1 1
0 10 -1 1
0 10 -1 1
0
