arya                            
8 50 20 10
7 10 17 172 1 1 10
138 242 0 0 0 0
381 242 1 4 0 1
624 242 0 0 0 0
867 242 0 0 0 0
1110 242 1 8 0 1
1353 242 1 8 0 1
1596 242 0 0 0 0
17 312 1 0 1 1
260 312 1 0 0 0
503 312 1 4 1 1
746 312 0 0 0 0
989 312 1 2 0 1
1232 312 1 8 1 1
1475 312 0 0 0 0
138 382 1 0 0 1
381 382 0 0 0 0
624 382 0 0 0 0
867 382 1 2 1 1
1110 382 0 0 0 0
1353 382 1 8 0 1
1596 382 0 0 0 0
17 452 1 0 0 1
260 452 0 0 0 0
503 452 0 0 0 0
746 452 1 2 0 1
989 452 0 0 0 0
1232 452 1 8 0 1
1475 452 1 0 0 0
138 522 1 0 0 0
381 522 1 0 0 0
624 522 0 0 0 0
867 522 1 2 0 1
1110 522 1 7 0 1
1353 522 0 0 0 0
1596 522 1 5 0 1
17 592 0 0 0 0
260 592 0 0 0 0
503 592 0 0 0 0
746 592 0 0 0 0
989 592 1 7 0 1
1232 592 1 7 0 1
1475 592 0 0 0 0
138 662 1 1 0 1
381 662 0 0 0 0
624 662 0 0 0 0
867 662 0 0 0 0
1110 662 1 7 1 1
1353 662 0 0 0 0
1596 662 1 5 1 1
17 732 1 0 0 0
260 732 1 1 1 1
503 732 1 9 1 1
746 732 1 0 0 0
989 732 1 3 0 1
1232 732 1 7 0 1
1475 732 0 0 0 0
138 802 0 0 0 0
381 802 0 0 0 0
624 802 0 0 0 0
867 802 1 3 0 1
1110 802 0 0 0 0
1353 802 0 0 0 0
1596 802 0 0 0 0
17 872 1 0 0 0
260 872 1 1 0 1
503 872 0 0 0 0
746 872 1 0 0 0
989 872 1 3 1 1
1232 872 0 0 0 0
1475 872 1 6 1 1
0 3 10 0 0 0
0 1
0 2
0 3
2 3 10 0 0 0
1 7
1 9
0 6
10 4 20 0 0 0
3 2
3 3
3 4
4 1
10 3 20 0 0 0
4 9
4 7
3 8
10 2 20 0 0 0
2 1
1 0
10 2 20 0 0 0
6 6
6 4
10 1 20 0 0 0
6 9
10 5 20 0 0 0
4 6
4 5
4 4
5 7
5 5
10 5 20 0 0 0
5 1
5 2
5 0
5 3
4 0
10 1 20 0 0 0
2 7
0
0 10 -1 1
0 10 -1 1
0
