arya                            
6 50 20 10
7 11 110 75 4 1 11
231 145 1 8 0 1
474 145 0 0 0 0
717 145 0 0 0 0
960 145 0 0 0 0
1203 145 1 6 0 1
1446 145 0 0 0 0
1689 145 1 1 1 1
110 215 1 8 1 1
353 215 0 0 0 0
596 215 0 0 0 0
839 215 0 0 0 0
1082 215 1 6 0 1
1325 215 0 0 0 0
1568 215 0 0 0 0
231 285 0 0 0 0
474 285 1 0 0 0
717 285 0 0 0 0
960 285 0 0 0 0
1203 285 1 6 1 1
1446 285 0 0 0 0
1689 285 1 1 0 1
110 355 0 0 0 0
353 355 1 2 0 1
596 355 1 10 0 1
839 355 0 0 0 0
1082 355 0 0 0 0
1325 355 0 0 0 0
1568 355 0 0 0 0
231 425 1 2 0 1
474 425 1 2 0 1
717 425 1 10 1 1
960 425 1 3 0 1
1203 425 0 0 0 0
1446 425 1 0 0 0
1689 425 1 0 0 0
110 495 1 7 1 1
353 495 1 2 1 1
596 495 0 0 0 0
839 495 0 0 0 0
1082 495 1 3 1 1
1325 495 0 0 0 0
1568 495 0 0 0 0
231 565 0 0 0 0
474 565 0 0 0 0
717 565 0 0 0 0
960 565 0 0 0 0
1203 565 0 0 0 0
1446 565 1 0 0 0
1689 565 1 0 0 0
110 635 1 7 0 1
353 635 1 2 0 1
596 635 0 0 0 0
839 635 1 0 0 0
1082 635 0 0 0 0
1325 635 1 4 0 1
1568 635 0 0 0 0
231 705 0 0 0 0
474 705 1 5 1 1
717 705 0 0 0 0
960 705 0 0 0 0
1203 705 1 4 1 1
1446 705 1 9 0 1
1689 705 1 0 0 0
110 775 1 0 0 0
353 775 0 0 0 0
596 775 0 0 0 0
839 775 0 0 0 0
1082 775 1 0 0 1
1325 775 0 0 0 0
1568 775 0 0 0 0
231 845 0 0 0 0
474 845 0 0 0 0
717 845 0 0 0 0
960 845 1 0 1 1
1203 845 0 0 0 0
1446 845 1 9 1 1
1689 845 1 0 0 0
0 2 10 0 0 0
3 10
4 9
2 2 10 0 0 0
6 0
6 2
1 5 10 0 0 0
1 5
1 4
1 7
1 3
0 4
3 2 10 0 0 0
4 5
3 4
4 2 10 0 0 0
4 8
5 7
10 1 20 0 0 0
1 8
10 3 20 0 0 0
4 2
4 1
4 0
10 2 20 0 0 0
0 5
0 7
10 2 20 0 0 0
0 1
0 0
10 2 20 0 0 0
5 10
5 8
10 2 20 0 0 0
2 4
2 3
0
0 10 -1 1
0 10 -1 1
0 10 -1 1
0 10 -1 1
0 10 -1 1
0
