arya                            
8 50 20 10
7 10 43 155 4 1 13
164 225 1 7 0 1
407 225 0 0 0 0
650 225 0 0 0 0
893 225 0 0 0 0
1136 225 0 0 0 0
1379 225 0 0 0 0
1622 225 0 0 0 0
43 295 1 7 1 1
286 295 1 9 1 1
529 295 0 0 0 0
772 295 1 6 1 1
1015 295 1 3 1 1
1258 295 0 0 0 0
1501 295 0 0 0 0
164 365 1 7 0 1
407 365 0 0 0 0
650 365 0 0 0 0
893 365 1 3 0 1
1136 365 0 0 0 0
1379 365 0 0 0 0
1622 365 0 0 0 0
43 435 1 7 0 1
286 435 0 0 0 0
529 435 1 5 0 1
772 435 0 0 0 0
1015 435 0 0 0 0
1258 435 0 0 0 0
1501 435 1 1 0 1
164 505 0 0 0 0
407 505 1 5 1 1
650 505 0 0 0 0
893 505 1 0 0 0
1136 505 1 12 1 1
1379 505 1 1 1 1
1622 505 0 0 0 0
43 575 0 0 0 0
286 575 1 5 0 1
529 575 0 0 0 0
772 575 1 10 0 1
1015 575 0 0 0 0
1258 575 0 0 0 0
1501 575 0 0 0 0
164 645 1 8 1 1
407 645 0 0 0 0
650 645 0 0 0 0
893 645 0 0 0 0
1136 645 0 0 0 0
1379 645 0 0 0 0
1622 645 1 0 0 1
43 715 0 0 0 0
286 715 1 8 0 1
529 715 0 0 0 0
772 715 1 10 1 1
1015 715 1 2 0 1
1258 715 1 4 1 1
1501 715 0 0 0 0
164 785 1 8 0 1
407 785 1 11 1 1
650 785 1 10 0 1
893 785 0 0 0 0
1136 785 1 2 0 1
1379 785 1 4 0 1
1622 785 1 0 1 1
43 855 0 0 0 0
286 855 0 0 0 0
529 855 1 11 0 1
772 855 0 0 0 0
1015 855 1 2 1 1
1258 855 1 4 0 1
1501 855 1 0 0 1
0 3 10 0 0 0
6 8
6 9
6 6
2 2 10 0 0 0
5 4
6 3
4 3 10 0 0 0
4 9
4 8
4 7
3 2 10 0 0 0
4 1
3 2
1 3 10 0 0 0
5 7
5 8
5 9
10 3 20 0 0 0
1 4
1 5
2 3
10 1 20 0 0 0
3 1
10 4 20 0 0 0
0 1
0 2
0 0
0 3
10 3 20 0 0 0
0 6
0 8
1 7
10 1 20 0 0 0
1 1
10 3 20 0 0 0
3 7
3 5
2 8
10 2 20 0 0 0
1 8
2 9
10 1 20 0 0 0
4 4
0
0 10 -1 1
0 10 -1 1
0 10 -1 1
0 10 -1 1
0 10 -1 1
0
