arya                            
8 50 20 10
7 10 85 144 5 1 14
206 214 1 2 0 1
449 214 0 3 1 0
692 214 0 1 0 0
935 214 0 9 0 0
1178 214 0 10 1 0
1421 214 0 9 1 0
1664 214 1 1 1 0
85 284 0 4 0 0
328 284 1 2 0 1
571 284 0 3 1 0
814 284 1 11 1 1
1057 284 1 12 1 1
1300 284 0 10 1 0
1543 284 0 3 0 0
206 354 1 2 1 1
449 354 0 3 1 0
692 354 0 6 1 0
935 354 1 11 1 1
1178 354 0 10 1 0
1421 354 0 7 1 0
1664 354 0 0 0 0
85 424 1 2 1 1
328 424 0 8 1 0
571 424 0 7 1 0
814 424 1 0 1 1
1057 424 1 6 1 1
1300 424 0 3 0 0
1543 424 1 9 1 1
206 494 1 2 0 1
449 494 1 10 1 1
692 494 0 8 1 0
935 494 0 0 0 0
1178 494 1 6 1 1
1421 494 1 3 1 1
1664 494 0 2 1 0
85 564 1 5 1 1
328 564 1 10 1 1
571 564 1 13 1 1
814 564 1 0 1 1
1057 564 0 2 1 0
1300 564 1 3 0 1
1543 564 0 2 0 0
206 634 1 5 0 1
449 634 1 10 1 1
692 634 1 0 0 1
935 634 0 0 1 0
1178 634 0 2 1 0
1421 634 1 3 1 1
1664 634 0 2 1 0
85 704 0 4 1 0
328 704 0 5 0 0
571 704 0 2 0 0
814 704 1 0 1 1
1057 704 0 0 1 0
1300 704 1 3 1 1
1543 704 0 7 1 0
206 774 1 7 1 1
449 774 1 4 1 1
692 774 0 8 1 0
935 774 0 5 0 0
1178 774 0 0 1 0
1421 774 0 8 1 0
1664 774 1 1 1 1
85 844 1 11 1 0
328 844 1 7 1 1
571 844 1 4 1 1
814 844 1 8 1 0
1057 844 0 5 1 0
1300 844 1 8 1 1
1543 844 0 8 1 0
0 4 10 0 0 0
3 5
3 7
3 3
2 6
2 1 10 0 0 0
6 8
4 5 10 0 0 0
0 2
0 3
0 4
0 0
1 1
3 4 10 0 0 0
5 6
5 7
5 5
5 4
5 2 10 0 0 0
2 9
1 8
1 2 10 0 0 0
0 5
0 6
10 2 20 0 0 0
4 4
4 3
10 2 20 0 0 0
1 9
0 8
10 1 20 0 0 0
5 9
10 1 20 0 0 0
6 3
10 3 20 0 0 0
1 5
1 6
1 4
10 2 20 0 0 0
3 1
3 2
10 1 20 0 0 0
4 1
10 1 20 0 0 0
2 5
0
0 10 -1 1
0 10 -1 1
0 10 -1 1
0 10 -1 1
0 10 -1 1
0 10 -1 1
0
