arya                            
8 50 20 10 0 1
7 11 160 78 1 1 10
281 148 0 0 0 0
524 148 1 1 0 1
767 148 0 0 0 0
1010 148 0 0 0 0
1253 148 0 0 0 0
1496 148 1 0 1 1
1739 148 1 8 0 1
160 218 0 0 0 0
403 218 1 1 0 1
646 218 1 1 0 1
889 218 1 4 0 1
1132 218 0 0 0 0
1375 218 0 0 0 0
1618 218 1 0 0 1
281 288 0 0 0 0
524 288 1 1 1 1
767 288 0 0 0 0
1010 288 1 4 1 1
1253 288 1 0 0 0
1496 288 1 0 0 1
1739 288 1 8 1 1
160 358 0 0 0 0
403 358 0 0 0 0
646 358 0 0 0 0
889 358 0 0 0 0
1132 358 0 0 0 0
1375 358 0 0 0 0
1618 358 1 6 0 1
281 428 0 0 0 0
524 428 1 1 0 1
767 428 1 0 0 0
1010 428 0 0 0 0
1253 428 0 0 0 0
1496 428 1 6 1 1
1739 428 0 0 0 0
160 498 0 0 0 0
403 498 0 0 0 0
646 498 0 0 0 0
889 498 1 0 0 0
1132 498 1 3 0 1
1375 498 1 6 0 1
1618 498 0 0 0 0
281 568 1 0 0 0
524 568 0 0 0 0
767 568 0 0 0 0
1010 568 0 0 0 0
1253 568 1 3 0 1
1496 568 0 0 0 0
1739 568 1 0 0 0
160 638 0 0 0 0
403 638 1 0 0 0
646 638 0 0 0 0
889 638 0 0 0 0
1132 638 1 3 1 1
1375 638 0 0 0 0
1618 638 1 2 0 1
281 708 0 0 0 0
524 708 1 7 0 1
767 708 0 0 0 0
1010 708 0 0 0 0
1253 708 0 0 0 0
1496 708 1 2 1 1
1739 708 1 0 0 0
160 778 0 0 0 0
403 778 0 0 0 0
646 778 1 7 0 1
889 778 0 0 0 0
1132 778 0 0 0 0
1375 778 1 2 0 1
1618 778 1 2 0 1
281 848 0 0 0 0
524 848 1 7 1 1
767 848 0 0 0 0
1010 848 1 9 1 1
1253 848 1 5 1 1
1496 848 0 0 0 0
1739 848 1 0 0 0
0 3 3 0 25 0 0
5 0
5 2
6 1
1108 364 1081 373 0 1 1 1644494421 29665 0.000000 0 4
1098 329 1071 338 0 1 1 1644494421 29666 0.000000 0 4
1088 294 1061 303 0 1 1 1644494421 29666 0.000000 0 4
1108 364 1081 373 0 1 1 1644494421 29666 180000.000000 0 4
1098 329 1071 338 0 1 1 1644494421 29666 180000.000000 0 4
1088 294 1061 303 0 1 1 1644494421 29666 180000.000000 0 4
1108 364 1081 373 0 1 1 1644494421 29666 360000.000000 0 4
1098 329 1071 338 0 1 1 1644494421 29666 360000.000000 0 4
1088 294 1061 303 0 1 1 1644494421 29666 360000.000000 0 4
1108 364 1081 373 0 1 1 1644494421 29666 540000.000000 0 4
1098 329 1071 338 0 1 1 1644494421 29666 540000.000000 0 4
1088 294 1061 303 0 1 1 1644494421 29666 540000.000000 0 4
1108 364 1081 373 0 1 1 1644494421 29666 720000.000000 0 4
1098 329 1071 338 0 1 1 1644494421 29666 720000.000000 0 4
1088 294 1061 303 0 1 1 1644494421 29666 720000.000000 0 4
1108 364 1081 373 0 1 1 1644494421 29666 900000.000000 0 4
1098 329 1071 338 0 1 1 1644494421 29666 900000.000000 0 4
1088 294 1061 303 0 1 1 1644494421 29666 900000.000000 0 4
1108 364 1081 373 0 1 1 1639494421 29666 1080000.000000 0 4
1098 329 1071 338 0 1 1 1639494421 29666 1080000.000000 0 4
1088 294 1061 303 0 1 1 1639494421 29666 1080000.000000 0 4
1108 364 1081 373 0 1 1 1639494421 29671 1260000.000000 0 4
1098 329 1071 338 0 1 1 1639494421 29671 1260000.000000 0 4
1088 294 1061 303 0 1 1 1639494421 29671 1260000.000000 0 4
1108 364 1081 373 0 1 1 1639494421 29671 1440000.000000 0 4
1 5 2 0 26 0 0
1 2
1 1
1 4
1 0
2 1
1045 373 1071 373 1 1 1 1644494420 45440 0.000000 1 4
1045 338 1071 338 1 1 1 1644494420 45441 0.000000 1 4
1045 303 1071 303 1 1 1 1644494420 45441 0.000000 1 4
1045 373 1071 373 1 1 1 1644494420 45441 180000.000000 1 4
1045 338 1071 338 1 1 1 1644494420 45441 180000.000000 1 4
1045 303 1071 303 1 1 1 1644494420 45441 180000.000000 1 4
1045 373 1071 373 1 1 1 1644494420 45441 360000.000000 1 4
1045 338 1071 338 1 1 1 1644494420 45441 360000.000000 1 4
1045 303 1071 303 1 1 1 1644494420 45441 360000.000000 1 4
1045 373 1071 373 1 1 1 1644494420 45441 540000.000000 1 4
1045 338 1071 338 1 1 1 1644494420 45441 540000.000000 1 4
1045 303 1071 303 1 1 1 1644494420 45441 540000.000000 1 4
1045 373 1071 373 1 1 1 1644494420 45441 720000.000000 1 4
1045 338 1071 338 1 1 1 1644494420 45441 720000.000000 1 4
1045 303 1071 303 1 1 1 1644494420 45442 720000.000000 1 4
1045 373 1071 373 1 1 1 1644494420 45442 900000.000000 1 4
1045 338 1071 338 1 1 1 1644494420 45442 900000.000000 1 4
1045 303 1071 303 1 1 1 1644494420 45442 900000.000000 1 4
1045 373 1071 373 1 1 1 1644494420 45442 1080000.000000 1 4
1045 338 1071 338 1 1 1 1644494420 45442 1080000.000000 1 4
1045 303 1071 303 1 1 1 1644494420 45442 1080000.000000 1 4
1045 373 1071 373 1 1 1 1644494420 45442 1260000.000000 1 4
1045 338 1071 338 1 1 1 1644494420 45442 1260000.000000 1 4
1045 303 1071 303 1 1 1 1644494420 45442 1260000.000000 1 4
1045 373 1071 373 1 1 1 1644494422 694985 0.000000 1 4
1045 338 1071 338 1 1 1 1644494422 694985 0.000000 1 4
10 4 20 0 0 0 0
5 8
5 9
6 9
6 7
10 3 20 0 0 0 0
4 7
4 6
4 5
0 2 21 0 0 0 0
3 2
3 1
10 1 20 0 0 0 0
4 10
10 3 20 0 0 0 0
5 4
5 5
6 3
10 3 20 0 0 0 0
1 10
1 8
2 9
10 2 20 0 0 0 0
6 2
6 0
10 1 20 0 0 0 0
3 10
3
2 1557 506 0 0 0 0 0.000000 0
2 1226 277 1 0 1644494422 49342 0.000000 0
2 1557 638 0 0 0 0 0.000000 0
0 1 10 2 1 1
0 1 0 -1 -1 1
0
