arya                            
8 50 20 10 0
7 11 122 68 4 1 13
243 138 1 0 0 0
486 138 0 0 0 0
729 138 1 7 1 1
972 138 1 0 0 0
1215 138 0 0 0 0
1458 138 0 0 0 0
1701 138 1 3 1 1
122 208 0 0 0 0
365 208 1 2 0 1
608 208 1 7 0 1
851 208 0 0 0 0
1094 208 1 0 0 0
1337 208 0 0 0 0
1580 208 1 3 0 1
243 278 0 0 0 0
486 278 0 0 0 0
729 278 0 0 0 0
972 278 1 0 0 0
1215 278 0 0 0 0
1458 278 0 0 0 0
1701 278 0 0 0 0
122 348 1 11 1 1
365 348 1 2 1 1
608 348 0 0 0 0
851 348 1 0 0 0
1094 348 0 0 0 0
1337 348 1 12 1 1
1580 348 1 0 0 0
243 418 0 0 0 0
486 418 0 0 0 0
729 418 1 8 0 1
972 418 1 4 0 1
1215 418 0 0 0 0
1458 418 0 0 0 0
1701 418 0 0 0 0
122 488 1 9 0 1
365 488 0 0 0 0
608 488 1 8 1 1
851 488 1 4 0 1
1094 488 1 4 0 1
1337 488 0 0 0 0
1580 488 1 5 0 1
243 558 1 9 1 1
486 558 1 8 0 1
729 558 0 0 0 0
972 558 1 4 1 1
1215 558 1 10 1 1
1458 558 0 0 0 0
1701 558 0 0 0 0
122 628 0 0 0 0
365 628 1 0 0 1
608 628 0 0 0 0
851 628 1 4 0 1
1094 628 0 0 0 0
1337 628 0 0 0 0
1580 628 1 5 1 1
243 698 0 0 0 0
486 698 0 0 0 0
729 698 0 0 0 0
972 698 1 1 0 1
1215 698 0 0 0 0
1458 698 1 5 0 1
1701 698 0 0 0 0
122 768 0 0 0 0
365 768 1 0 1 1
608 768 1 0 0 0
851 768 1 6 1 1
1094 768 1 1 1 1
1337 768 0 0 0 0
1580 768 0 0 0 0
243 838 0 0 0 0
486 838 1 0 0 1
729 838 0 0 0 0
972 838 1 1 0 1
1215 838 0 0 0 0
1458 838 0 0 0 0
1701 838 1 0 0 0
0 3 10 0 0 0 0
1 9
1 10
1 7
2 3 10 0 0 0 0
4 9
3 10
3 8
4 2 10 0 0 0 0
1 3
1 1
3 2 10 0 0 0 0
6 0
6 1
1 5 10 0 0 0 0
3 6
3 7
3 5
3 4
4 5
10 3 20 0 0 0 0
6 7
6 5
5 8
10 1 20 0 0 0 0
3 9
10 2 20 0 0 0 0
2 0
2 1
10 3 20 0 0 0 0
2 5
2 4
1 6
10 2 20 0 0 0 0
0 6
0 5
10 1 20 0 0 0 0
4 6
10 1 20 0 0 0 0
0 3
10 1 20 0 0 0 0
5 3
0
0 0 10 -1 1
0 1 10 -1 1
0 1 10 -1 1
0 1 10 -1 1
0 1 10 -1 1
0
