arya                            
8 50 20 10
7 11 151 104 5 1 14
272 174 0 9 1 0
515 174 0 13 1 0
758 174 0 0 0 0
1001 174 1 8 1 1
1244 174 0 0 0 0
1487 174 0 2 1 0
1730 174 1 7 1 1
151 244 1 0 0 0
394 244 0 0 0 0
637 244 0 13 1 0
880 244 1 8 0 1
1123 244 0 0 0 0
1366 244 1 13 1 1
1609 244 0 2 0 0
272 314 0 2 1 0
515 314 1 6 0 1
758 314 0 0 0 0
1001 314 0 7 0 0
1244 314 0 0 0 0
1487 314 1 13 0 1
1730 314 1 7 0 1
151 384 1 0 1 1
394 384 1 6 1 1
637 384 1 2 0 1
880 384 1 9 1 1
1123 384 0 7 0 0
1366 384 1 1 0 1
1609 384 0 5 0 0
272 454 1 0 0 1
515 454 1 2 0 1
758 454 1 2 0 1
1001 454 1 9 0 1
1244 454 1 1 1 1
1487 454 0 0 1 0
1730 454 0 8 1 0
151 524 1 0 1 1
394 524 0 11 1 0
637 524 1 2 1 1
880 524 1 5 1 1
1123 524 0 10 1 0
1366 524 0 0 0 0
1609 524 0 0 0 0
272 594 1 0 1 1
515 594 1 2 0 1
758 594 0 1 0 0
1001 594 1 5 1 1
1244 594 0 0 0 0
1487 594 1 12 1 1
1730 594 1 4 0 1
151 664 0 10 0 0
394 664 0 0 0 0
637 664 0 1 0 0
880 664 1 5 1 1
1123 664 1 0 0 0
1366 664 0 6 0 0
1609 664 0 0 0 0
272 734 1 3 0 1
515 734 1 10 1 1
758 734 0 5 1 0
1001 734 0 0 0 0
1244 734 1 11 0 1
1487 734 0 6 0 0
1730 734 1 4 1 1
151 804 0 12 1 0
394 804 0 0 0 0
637 804 1 10 0 1
880 804 0 5 0 0
1123 804 0 0 0 0
1366 804 1 11 1 1
1609 804 1 4 0 1
272 874 1 3 1 1
515 874 1 10 1 1
758 874 1 0 0 0
1001 874 0 0 0 0
1244 874 0 0 0 0
1487 874 0 0 0 0
1730 874 1 4 0 1
0 4 10 0 0 0 0
0 5
0 6
0 4
0 3
2 2 10 0 0 0 0
4 4
5 3
1 5 10 0 0 0 0
2 5
2 4
2 3
1 6
1 4
5 2 10 0 0 0 0
0 10
0 8
4 4 10 0 0 0 0
6 8
6 9
6 10
6 6
3 3 10 0 0 0 0
3 7
3 6
3 5
10 2 20 0 0 0 0
1 3
1 2
10 2 20 0 0 0 0
6 0
6 2
10 2 20 0 0 0 0
3 0
3 1
10 2 20 0 0 0 0
3 3
3 4
10 3 20 0 0 0 0
1 10
1 8
2 9
10 2 20 0 0 0 0
5 9
4 8
10 1 20 0 0 0 0
5 6
10 2 20 0 0 0 0
5 1
5 2
0
0 0 10 -1 1
0 1 10 -1 1
0 1 10 -1 1
0 1 10 -1 1
0 1 10 -1 1
0 1 10 -1 1
110
949 671 973 678 2 1 1 1644420128 34242 0.000000 1 9
955 636 979 643 2 1 1 1644420128 34242 0.000000 1 9
741 557 985 608 2 1 1 1644420128 34242 0.000000 1 9
949 671 973 678 2 1 1 1644420128 34242 180000.000000 1 9
955 636 979 643 2 1 1 1644420128 34242 180000.000000 1 9
721 553 985 608 2 1 1 1644420128 34242 180000.000000 1 9
939 669 973 678 2 1 1 1644420128 34243 360000.000000 1 9
945 634 979 643 2 1 1 1644420128 34243 360000.000000 1 9
711 551 985 608 2 1 1 1644420128 34243 360000.000000 1 9
889 659 973 678 2 1 1 1644420128 34243 540000.000000 1 9
725 590 979 643 2 1 1 1644420128 34243 540000.000000 1 9
671 543 985 608 2 1 1 1644420128 34243 540000.000000 1 9
609 608 973 678 2 1 1 1644420128 34243 720000.000000 1 9
715 588 979 643 2 1 1 1644420128 34243 720000.000000 1 9
651 541 985 608 2 1 1 1644420128 34243 720000.000000 1 9
609 608 973 678 2 1 1 1644420128 34243 900000.000000 1 9
665 578 979 643 2 1 1 1644420128 34243 900000.000000 1 9
631 539 985 608 2 1 1 1644420128 34243 900000.000000 1 9
609 608 973 678 2 1 1 1644420128 34243 1080000.000000 1 9
665 578 979 643 2 1 1 1644420128 34243 1080000.000000 1 9
631 539 985 608 2 1 1 1644420128 34244 1080000.000000 1 9
679 617 973 678 2 1 1 1644420128 34244 1260000.000000 1 9
665 578 979 643 2 1 1 1644420128 34244 1260000.000000 1 9
621 538 985 608 2 1 1 1644420128 34244 1260000.000000 1 9
580 738 655 608 1 1 1 1644420128 34252 0.000000 3 1
591 615 615 573 1 1 1 1644420128 34253 0.000000 3 1
560 564 575 538 1 1 1 1644420128 34253 0.000000 3 1
566 762 655 608 1 1 1 1644420128 34253 180000.000000 3 1
591 615 615 573 1 1 1 1644420128 34253 180000.000000 3 1
560 564 575 538 1 1 1 1644420128 34253 180000.000000 3 1
552 786 655 608 1 1 1 1644420128 34253 360000.000000 3 1
591 615 615 573 1 1 1 1644420128 34253 360000.000000 3 1
546 588 575 538 1 1 1 1644420128 34253 360000.000000 3 1
552 786 655 608 1 1 1 1644420128 34253 540000.000000 3 1
521 735 615 573 1 1 1 1644420128 34253 540000.000000 3 1
546 588 575 538 1 1 1 1644420128 34253 540000.000000 3 1
533 818 655 608 1 1 1 1644420128 34253 720000.000000 3 1
517 743 615 573 1 1 1 1644420128 34254 720000.000000 3 1
528 620 575 538 1 1 1 1644420128 34254 720000.000000 3 1
533 818 655 608 1 1 1 1644420128 34254 900000.000000 3 1
503 767 615 573 1 1 1 1644420128 34254 900000.000000 3 1
528 620 575 538 1 1 1 1644420128 34254 900000.000000 3 1
533 818 655 608 1 1 1 1644420128 34254 1080000.000000 3 1
503 767 615 573 1 1 1 1644420128 34254 1080000.000000 3 1
509 652 575 538 1 1 1 1644420128 34254 1080000.000000 3 1
533 818 655 608 1 1 1 1644420128 34254 1260000.000000 3 1
493 783 615 573 1 1 1 1644420128 34254 1260000.000000 3 1
486 692 575 538 1 1 1 1644420128 34254 1260000.000000 3 1
509 552 595 608 4 1 1 1644420128 34244 0.000000 2 1
565 537 615 573 4 1 1 1644420128 34244 0.000000 2 1
594 507 635 538 4 1 1 1644420128 34244 0.000000 2 1
527 562 595 608 4 1 1 1644420128 34250 180000.000000 2 1
590 554 615 573 4 1 1 1644420128 34251 180000.000000 2 1
585 502 635 538 4 1 1 1644420128 34251 180000.000000 2 1
527 562 595 608 4 1 1 1644420128 34251 360000.000000 2 1
590 554 615 573 4 1 1 1644420128 34251 360000.000000 2 1
594 507 635 538 4 1 1 1644420128 34251 360000.000000 2 1
570 589 595 608 4 1 1 1644420128 34251 540000.000000 2 1
590 554 615 573 4 1 1 1644420128 34251 540000.000000 2 1
594 507 635 538 4 1 1 1644420128 34251 540000.000000 2 1
570 589 595 608 4 1 1 1644420128 34251 720000.000000 2 1
590 554 615 573 4 1 1 1644420128 34251 720000.000000 2 1
585 502 635 538 4 1 1 1644420128 34251 720000.000000 2 1
562 583 595 608 4 1 1 1644420128 34251 900000.000000 2 1
590 554 615 573 4 1 1 1644420128 34251 900000.000000 2 1
585 502 635 538 4 1 1 1644420128 34251 900000.000000 2 1
562 583 595 608 4 1 1 1644420128 34252 1080000.000000 2 1
590 554 615 573 4 1 1 1644420128 34252 1080000.000000 2 1
610 519 635 538 4 1 1 1644420128 34252 1080000.000000 2 1
562 583 595 608 4 1 1 1644420128 34252 1260000.000000 2 1
590 554 615 573 4 1 1 1644420128 34252 1260000.000000 2 1
610 519 635 538 4 1 1 1644420128 34252 1260000.000000 2 1
256 408 230 398 3 1 1 1644420130 957985 0.000000 1 2
276 373 250 363 3 1 1 1644420130 957986 0.000000 1 2
296 338 270 328 3 1 1 1644420130 957986 0.000000 1 2
256 408 230 398 3 1 1 1644420130 957986 180000.000000 1 2
391 433 250 363 3 1 1 1644420132 351921 0.000000 1 2
411 398 270 328 3 1 1 1644420132 351921 0.000000 1 2
653 598 878 468 3 1 1 1644420133 67429 0.000000 1 4
779 525 878 468 5 1 1 1644420133 303495 0.000000 1 4
831 448 858 433 5 1 1 1644420133 473718 0.000000 1 4
730 460 838 398 5 1 1 1644420134 18693 0.000000 1 4
782 523 635 608 5 1 1 1644420128 34255 0.000000 4 1
738 502 615 573 5 1 1 1644420128 34255 0.000000 4 1
686 485 595 538 5 1 1 1644420128 34255 0.000000 4 1
766 532 635 608 5 1 1 1644420128 34255 180000.000000 4 1
706 520 615 573 5 1 1 1644420128 34255 180000.000000 4 1
670 495 595 538 5 1 1 1644420128 34255 180000.000000 4 1
750 541 635 608 5 1 1 1644420128 34255 360000.000000 4 1
690 530 615 573 5 1 1 1644420128 34255 360000.000000 4 1
670 495 595 538 5 1 1 1644420128 34255 360000.000000 4 1
750 541 635 608 5 1 1 1644420128 34255 540000.000000 4 1
690 530 615 573 5 1 1 1644420128 34256 540000.000000 4 1
638 513 595 538 5 1 1 1644420128 34256 540000.000000 4 1
718 560 635 608 5 1 1 1644420128 34256 720000.000000 4 1
642 557 615 573 5 1 1 1644420128 34256 720000.000000 4 1
646 508 595 538 5 1 1 1644420128 34256 720000.000000 4 1
662 592 635 608 5 1 1 1644420128 34256 900000.000000 4 1
642 557 615 573 5 1 1 1644420128 34256 900000.000000 4 1
646 508 595 538 5 1 1 1644420128 34256 900000.000000 4 1
662 592 635 608 5 1 1 1644420128 34256 1080000.000000 4 1
642 557 615 573 5 1 1 1644420128 34256 1080000.000000 4 1
638 513 595 538 5 1 1 1644420128 34256 1080000.000000 4 1
662 592 635 608 5 1 1 1644420128 34256 1260000.000000 4 1
642 557 615 573 5 1 1 1644420128 34256 1260000.000000 4 1
638 513 595 538 5 1 1 1644420128 34256 1260000.000000 4 1
702 569 635 608 5 1 1 1644420132 386353 0.000000 4 1
642 557 615 573 5 1 1 1644420132 386353 0.000000 4 1
622 522 595 538 5 1 1 1644420132 386354 0.000000 4 1
662 592 635 608 5 1 1 1644420132 386354 180000.000000 4 1
