arya                            
8 50 20 10 0 1
7 11 145 90 4 1 13
266 160 1 1 0 1
509 160 0 0 0 0
752 160 0 0 0 0
995 160 0 0 0 0
1238 160 1 12 1 1
1481 160 0 0 0 0
1724 160 0 0 0 0
145 230 0 0 0 0
388 230 1 1 0 1
631 230 0 0 0 0
874 230 0 0 0 0
1117 230 1 12 0 1
1360 230 0 0 0 0
1603 230 1 10 1 1
266 300 1 1 1 1
509 300 0 0 0 0
752 300 1 7 0 1
995 300 1 6 0 1
1238 300 0 0 0 0
1481 300 1 10 0 1
1724 300 1 2 0 1
145 370 0 0 0 0
388 370 0 0 0 0
631 370 0 0 0 0
874 370 0 0 0 0
1117 370 1 6 0 1
1360 370 0 0 0 0
1603 370 0 0 0 0
266 440 0 0 0 0
509 440 0 0 0 0
752 440 1 7 1 1
995 440 1 6 1 1
1238 440 1 0 0 0
1481 440 1 11 0 1
1724 440 1 2 1 1
145 510 0 0 0 0
388 510 1 5 1 1
631 510 1 7 0 1
874 510 0 0 0 0
1117 510 0 0 0 0
1360 510 0 0 0 0
1603 510 0 0 0 0
266 580 1 4 0 1
509 580 0 0 0 0
752 580 0 0 0 0
995 580 1 6 0 1
1238 580 0 0 0 0
1481 580 1 11 1 1
1724 580 0 0 0 0
145 650 1 4 0 1
388 650 0 0 0 0
631 650 1 8 1 1
874 650 1 9 0 1
1117 650 0 0 0 0
1360 650 1 3 0 1
1603 650 0 0 0 0
266 720 1 4 1 1
509 720 1 8 0 1
752 720 0 0 0 0
995 720 1 9 0 1
1238 720 0 0 0 0
1481 720 1 3 0 1
1724 720 0 0 0 0
145 790 1 4 0 1
388 790 0 0 0 0
631 790 0 0 0 0
874 790 1 9 1 1
1117 790 0 0 0 0
1360 790 1 3 1 1
1603 790 1 0 0 1
266 860 0 0 0 0
509 860 1 0 0 0
752 860 0 0 0 0
995 860 0 0 0 0
1238 860 1 3 0 1
1481 860 0 0 0 0
1724 860 1 0 1 1
0 2 10 0 0 0 0
6 10
6 9
1 3 10 0 0 0 0
0 2
0 0
1 1
2 2 10 0 0 0 0
6 4
6 2
3 4 10 0 0 0 0
5 9
5 8
5 7
4 10
4 4 10 0 0 0 0
0 8
0 9
0 7
0 6
10 1 20 0 0 0 0
1 5
10 4 20 0 0 0 0
3 4
3 6
3 2
4 3
10 3 20 0 0 0 0
2 4
2 5
2 2
10 2 20 0 0 0 0
2 7
1 8
10 3 20 0 0 0 0
3 9
3 8
3 7
10 2 20 0 0 0 0
6 1
5 2
10 2 20 0 0 0 0
5 6
5 4
10 2 20 0 0 0 0
4 0
4 1
0
0 1 10 -1 -1 1
0 1 10 -1 -1 1
0 1 10 -1 -1 1
0 1 10 -1 -1 1
0 1 10 -1 -1 1
0
