arya                            
8 50 20 10
7 10 18 172 1 1 10
139 242 1 2 0 1
382 242 1 6 1 1
625 242 1 7 1 1
868 242 1 3 1 1
1111 242 0 0 0 0
1354 242 0 0 0 0
1597 242 1 0 0 0
18 312 0 0 0 0
261 312 1 2 0 1
504 312 0 0 0 0
747 312 1 3 0 1
990 312 0 0 0 0
1233 312 0 0 0 0
1476 312 0 0 0 0
139 382 1 2 1 1
382 382 1 1 0 1
625 382 1 1 0 1
868 382 1 3 0 1
1111 382 0 0 0 0
1354 382 1 8 1 1
1597 382 0 0 0 0
18 452 1 2 0 1
261 452 0 0 0 0
504 452 1 1 1 1
747 452 1 9 0 1
990 452 0 0 0 0
1233 452 0 0 0 0
1476 452 1 8 0 1
139 522 0 0 0 0
382 522 0 0 0 0
625 522 1 1 0 1
868 522 1 9 1 1
1111 522 1 0 0 0
1354 522 0 0 0 0
1597 522 1 0 0 0
18 592 1 0 0 0
261 592 1 5 1 1
504 592 0 0 0 0
747 592 0 0 0 0
990 592 0 0 0 0
1233 592 0 0 0 0
1476 592 1 0 0 0
139 662 0 0 0 0
382 662 0 0 0 0
625 662 1 0 0 0
868 662 1 9 0 1
1111 662 1 4 0 1
1354 662 0 0 0 0
1597 662 1 0 0 0
18 732 1 0 0 0
261 732 1 5 0 1
504 732 1 0 0 1
747 732 0 0 0 0
990 732 0 0 0 0
1233 732 1 4 0 1
1476 732 1 0 0 0
139 802 0 0 0 0
382 802 1 0 0 1
625 802 0 0 0 0
868 802 0 0 0 0
1111 802 1 4 1 1
1354 802 1 0 0 0
1597 802 0 0 0 0
18 872 0 0 0 0
261 872 0 0 0 0
504 872 1 0 1 1
747 872 0 0 0 0
990 872 1 4 0 1
1233 872 1 4 0 1
1476 872 0 0 0 0
0 3 10 0 0 0
2 9
2 7
1 8
2 4 10 0 0 0
2 3
2 4
2 2
1 2
10 4 20 0 0 0
0 2
0 3
0 0
1 1
10 3 20 0 0 0
3 0
3 1
3 2
10 5 20 0 0 0
4 8
4 9
4 6
5 9
5 7
10 2 20 0 0 0
1 5
1 7
10 1 20 0 0 0
1 0
10 1 20 0 0 0
2 0
10 2 20 0 0 0
5 2
6 3
10 3 20 0 0 0
3 4
3 3
3 6
0
0 10 -1 1
0 10 -1 1
0
