arya                            
8 50 20 10
7 11 128 104 4 1 13
249 174 0 0 0 0
492 174 1 1 1 1
735 174 1 0 0 0
978 174 1 0 0 0
1221 174 1 7 1 1
1464 174 0 0 0 0
1707 174 1 0 0 0
128 244 1 5 1 1
371 244 1 1 0 1
614 244 0 0 0 0
857 244 1 0 0 0
1100 244 0 0 0 0
1343 244 1 6 0 1
1586 244 1 8 0 1
249 314 1 5 0 1
492 314 0 0 0 0
735 314 0 0 0 0
978 314 1 0 0 0
1221 314 0 0 0 0
1464 314 0 0 0 0
1707 314 0 0 0 0
128 384 0 0 0 0
371 384 1 0 0 0
614 384 1 0 0 1
857 384 1 0 0 0
1100 384 1 0 0 0
1343 384 1 6 1 1
1586 384 1 8 1 1
249 454 0 0 0 0
492 454 1 0 0 1
735 454 0 0 0 0
978 454 0 0 0 0
1221 454 0 0 0 0
1464 454 1 6 0 1
1707 454 0 0 0 0
128 524 1 3 1 1
371 524 0 0 0 0
614 524 1 0 1 1
857 524 1 0 0 0
1100 524 1 0 0 0
1343 524 1 6 0 1
1586 524 0 0 0 0
249 594 0 0 0 0
492 594 0 0 0 0
735 594 1 0 0 1
978 594 1 9 0 1
1221 594 0 0 0 0
1464 594 1 0 0 0
1707 594 0 0 0 0
128 664 0 0 0 0
371 664 0 0 0 0
614 664 0 0 0 0
857 664 0 0 0 0
1100 664 1 9 0 1
1343 664 0 0 0 0
1586 664 0 0 0 0
249 734 1 12 0 1
492 734 1 4 1 1
735 734 1 0 0 0
978 734 1 9 1 1
1221 734 1 11 0 1
1464 734 1 10 0 1
1707 734 1 2 0 1
128 804 1 12 1 1
371 804 1 4 0 1
614 804 1 4 0 1
857 804 1 9 0 1
1100 804 1 9 0 1
1343 804 0 0 0 0
1586 804 0 0 0 0
249 874 0 0 0 0
492 874 1 4 0 1
735 874 0 0 0 0
978 874 0 0 0 0
1221 874 1 11 1 1
1464 874 1 10 1 1
1707 874 1 2 1 1
0 4 10 0 0 0
2 5
2 6
2 3
1 4
2 2 10 0 0 0
1 0
1 1
1 2 10 0 0 0
6 10
6 8
3 1 10 0 0 0
0 5
4 4 10 0 0 0
1 8
1 9
1 10
2 9
10 2 20 0 0 0
0 1
0 2
10 4 20 0 0 0
5 3
5 4
5 5
5 1
10 1 20 0 0 0
4 0
10 2 20 0 0 0
6 3
6 1
10 5 20 0 0 0
3 8
3 9
3 6
4 9
4 7
10 2 20 0 0 0
5 10
5 8
10 2 20 0 0 0
4 10
4 8
10 2 20 0 0 0
0 9
0 8
0
0 10 -1 1
0 10 -1 1
0 10 -1 1
0 10 -1 1
0 10 -1 1
0
