arya                            
8 50 20 10 0
7 10 157 114 6 1 15
278 184 0 5 1 0
521 184 0 5 0 0
764 184 0 4 1 0
1007 184 0 0 0 0
1250 184 0 0 0 0
1493 184 1 2 0 1
1736 184 0 0 0 0
157 254 1 9 1 1
400 254 0 5 1 0
643 254 1 4 0 1
886 254 1 4 0 1
1129 254 1 3 1 1
1372 254 1 2 1 1
1615 254 1 2 0 1
278 324 0 5 0 0
521 324 0 1 1 0
764 324 1 4 1 1
1007 324 0 0 1 0
1250 324 0 2 0 0
1493 324 1 2 1 1
1736 324 0 0 1 0
157 394 1 1 0 1
400 394 1 13 1 1
643 394 0 3 0 0
886 394 1 4 0 1
1129 394 0 0 0 0
1372 394 0 0 0 0
1615 394 1 2 0 1
278 464 0 7 0 0
521 464 0 3 1 0
764 464 0 10 1 0
1007 464 1 7 1 1
1250 464 1 10 1 1
1493 464 1 2 0 1
1736 464 1 11 1 1
157 534 1 1 1 1
400 534 0 3 1 0
643 534 1 8 1 1
886 534 0 9 0 0
1129 534 0 9 0 0
1372 534 0 3 1 0
1615 534 1 11 1 1
278 604 0 6 0 0
521 604 1 8 0 1
764 604 0 9 0 0
1007 604 0 1 1 0
1250 604 1 10 1 1
1493 604 0 0 0 0
1736 604 0 4 0 0
157 674 1 1 0 1
400 674 1 6 1 1
643 674 0 9 1 0
886 674 1 5 0 1
1129 674 0 0 0 0
1372 674 0 0 0 0
1615 674 0 4 0 0
278 744 0 6 0 0
521 744 1 6 0 1
764 744 1 5 0 1
1007 744 1 0 0 1
1250 744 1 0 1 1
1493 744 0 14 1 0
1736 744 0 4 1 0
157 814 0 8 1 0
400 814 1 6 1 1
643 814 1 14 1 1
886 814 1 5 1 1
1129 814 1 0 1 1
1372 814 0 0 0 0
1615 814 1 12 1 1
0 3 10 0 0 0 0
4 9
4 8
3 8
2 3 10 0 0 0 0
0 5
0 7
0 3
4 6 10 0 0 0 0
5 2
5 1
5 4
5 0
6 3
6 1
3 1 10 0 0 0 0
4 1
5 4 10 0 0 0 0
2 2
2 1
3 3
3 1
6 3 10 0 0 0 0
3 9
3 7
2 8
1 3 10 0 0 0 0
1 9
1 8
1 7
10 1 20 0 0 0 0
3 4
10 2 20 0 0 0 0
2 5
1 6
10 1 20 0 0 0 0
0 1
10 2 20 0 0 0 0
4 6
4 4
10 2 20 0 0 0 0
6 5
6 4
10 1 20 0 0 0 0
6 9
10 1 20 0 0 0 0
1 3
10 1 20 0 0 0 0
2 9
0
0 1 10 -1 1
0 1 10 -1 1
0 1 10 -1 1
0 1 10 -1 1
0 1 10 -1 1
0 1 10 -1 1
0 1 10 -1 1
0
