arya                            
8 50 20 10
7 11 79 105 6 1 15
200 175 0 2 1 0
443 175 0 6 0 0
686 175 0 6 0 0
929 175 1 0 1 1
1172 175 1 7 1 1
1415 175 0 0 0 0
1658 175 0 11 1 0
79 245 0 2 1 0
322 245 0 2 0 0
565 245 0 6 1 0
808 245 0 7 1 0
1051 245 1 0 0 1
1294 245 0 0 0 0
1537 245 1 6 1 1
200 315 0 8 0 0
443 315 0 6 1 0
686 315 0 6 0 0
929 315 0 2 1 0
1172 315 1 7 1 1
1415 315 1 6 1 1
1658 315 1 11 1 1
79 385 0 12 1 0
322 385 0 9 1 0
565 385 0 6 0 0
808 385 0 2 1 0
1051 385 0 12 0 0
1294 385 0 12 0 0
1537 385 1 6 1 1
200 455 0 9 0 0
443 455 0 7 0 0
686 455 1 10 1 1
929 455 0 2 0 0
1172 455 0 12 1 0
1415 455 1 6 0 1
1658 455 0 5 1 0
79 525 1 14 1 1
322 525 0 1 1 0
565 525 0 1 0 0
808 525 1 10 0 1
1051 525 0 3 0 0
1294 525 1 5 1 1
1537 525 0 0 1 0
200 595 1 3 1 1
443 595 1 3 1 1
686 595 1 10 1 1
929 595 1 3 1 0
1172 595 1 5 1 1
1415 595 1 8 1 1
1658 595 0 5 1 0
79 665 0 1 0 0
322 665 1 3 1 1
565 665 1 10 1 1
808 665 0 3 1 0
1051 665 1 4 1 1
1294 665 1 1 0 1
1537 665 1 8 0 1
200 735 0 0 0 0
443 735 0 1 1 0
686 735 0 8 0 0
929 735 0 2 0 0
1172 735 0 3 0 0
1415 735 1 1 1 1
1658 735 1 2 0 1
79 805 0 9 1 0
322 805 1 3 0 1
565 805 1 12 1 1
808 805 1 9 1 1
1051 805 1 4 1 1
1294 805 1 1 1 1
1537 805 0 6 0 0
200 875 1 13 1 1
443 875 0 0 0 0
686 875 0 8 1 0
929 875 0 0 0 0
1172 875 1 1 0 1
1415 875 0 13 1 0
1658 875 1 2 1 1
0 2 10 0 0 0 0
3 0
4 1
2 4 10 0 0 0 0
5 9
5 8
5 7
4 10
1 2 10 0 0 0 0
6 10
6 8
6 4 10 0 0 0 0
1 7
1 6
1 9
0 6
5 2 10 0 0 0 0
4 9
4 7
3 2 10 0 0 0 0
4 6
5 5
4 4 10 0 0 0 0
5 2
5 4
6 3
6 1
10 2 20 0 0 0 0
4 0
4 2
10 2 20 0 0 0 0
5 6
6 7
10 1 20 0 0 0 0
3 9
10 4 20 0 0 0 0
2 6
2 7
2 4
3 5
10 1 20 0 0 0 0
6 2
10 1 20 0 0 0 0
2 9
10 1 20 0 0 0 0
0 10
10 1 20 0 0 0 0
0 5
0
0 0 10 -1 1
0 1 10 -1 1
0 1 10 -1 1
0 1 10 -1 1
0 1 10 -1 1
0 1 10 -1 1
0 1 10 -1 1
0
