arya                            
6 50 20 10
7 10 40 123 4 1 11
161 193 0 0 0 0
404 193 0 0 0 0
647 193 0 0 0 0
890 193 0 0 0 0
1133 193 0 0 0 0
1376 193 1 3 0 1
1619 193 1 4 0 1
40 263 0 0 0 0
283 263 0 0 0 0
526 263 0 0 0 0
769 263 1 0 0 0
1012 263 1 8 1 1
1255 263 1 3 1 1
1498 263 1 4 0 1
161 333 0 0 0 0
404 333 1 10 1 1
647 333 1 0 0 0
890 333 0 0 0 0
1133 333 0 0 0 0
1376 333 0 0 0 0
1619 333 1 4 1 1
40 403 0 0 0 0
283 403 0 0 0 0
526 403 1 10 0 1
769 403 0 0 0 0
1012 403 1 8 0 1
1255 403 1 3 0 1
1498 403 1 4 0 1
161 473 1 5 1 1
404 473 0 0 0 0
647 473 1 1 0 1
890 473 0 0 0 0
1133 473 1 0 0 0
1376 473 1 0 0 0
1619 473 0 0 0 0
40 543 1 5 0 1
283 543 1 5 0 1
526 543 1 0 0 0
769 543 1 1 1 1
1012 543 1 0 0 1
1255 543 1 7 0 1
1498 543 1 2 0 1
161 613 0 0 0 0
404 613 0 0 0 0
647 613 0 0 0 0
890 613 1 0 0 1
1133 613 1 0 0 1
1376 613 1 2 0 1
1619 613 1 2 0 1
40 683 1 9 1 1
283 683 1 0 0 0
526 683 0 0 0 0
769 683 1 1 0 1
1012 683 1 0 1 1
1255 683 1 7 1 1
1498 683 1 2 1 1
161 753 0 0 0 0
404 753 0 0 0 0
647 753 1 6 1 1
890 753 0 0 0 0
1133 753 1 0 0 1
1376 753 0 0 0 0
1619 753 0 0 0 0
40 823 0 0 0 0
283 823 0 0 0 0
526 823 0 0 0 0
769 823 1 6 0 1
1012 823 1 0 0 1
1255 823 1 7 0 1
1498 823 1 2 0 1
0 6 10 0 0 0
4 7
4 8
4 6
4 9
4 5
3 6
2 3 10 0 0 0
3 5
3 7
2 4
4 5 10 0 0 0
6 7
6 6
6 9
6 5
5 6
3 3 10 0 0 0
5 1
5 0
5 3
1 4 10 0 0 0
6 2
6 3
6 1
6 0
10 3 20 0 0 0
0 4
0 5
1 5
10 2 20 0 0 0
2 8
3 9
10 3 20 0 0 0
5 7
5 9
5 5
10 2 20 0 0 0
4 1
4 3
10 1 20 0 0 0
0 7
10 2 20 0 0 0
1 2
2 3
0
0 10 -1 1
0 10 -1 1
0 10 -1 1
0 10 -1 1
0 10 -1 1
0
