arya                            
8 50 20 10 0 1
7 10 46 137 4 1 13
167 207 1 0 0 0
410 207 1 0 0 1
653 207 1 0 0 1
896 207 1 11 0 1
1139 207 1 10 1 1
1382 207 0 0 0 0
1625 207 0 0 0 0
46 277 0 0 0 0
289 277 0 0 0 0
532 277 1 0 1 1
775 277 1 11 1 1
1018 277 1 10 0 1
1261 277 1 10 0 1
1504 277 0 0 0 0
167 347 0 0 0 0
410 347 1 0 0 1
653 347 0 0 0 0
896 347 0 0 0 0
1139 347 0 0 0 0
1382 347 0 0 0 0
1625 347 1 8 1 1
46 417 0 0 0 0
289 417 0 0 0 0
532 417 1 0 0 1
775 417 1 6 0 1
1018 417 0 0 0 0
1261 417 1 9 0 1
1504 417 0 0 0 0
167 487 0 0 0 0
410 487 1 0 0 0
653 487 1 7 1 1
896 487 1 6 1 1
1139 487 0 0 0 0
1382 487 0 0 0 0
1625 487 0 0 0 0
46 557 1 0 0 0
289 557 0 0 0 0
532 557 0 0 0 0
775 557 1 6 0 1
1018 557 1 6 0 1
1261 557 1 9 1 1
1504 557 0 0 0 0
167 627 0 0 0 0
410 627 1 1 0 1
653 627 0 0 0 0
896 627 1 6 0 1
1139 627 0 0 0 0
1382 627 0 0 0 0
1625 627 1 5 1 1
46 697 1 2 0 1
289 697 1 1 0 1
532 697 0 0 0 0
775 697 1 4 0 1
1018 697 1 3 0 1
1261 697 1 9 0 1
1504 697 1 5 0 1
167 767 1 2 1 1
410 767 1 1 1 1
653 767 1 4 0 1
896 767 1 3 0 1
1139 767 0 0 0 0
1382 767 0 0 0 0
1625 767 0 0 0 0
46 837 0 0 0 0
289 837 0 0 0 0
532 837 1 1 0 1
775 837 1 4 1 1
1018 837 1 3 1 1
1261 837 1 12 1 1
1504 837 0 0 0 0
0 5 50 0 0 0 0
2 1
2 0
2 3
1 2
1 0
3 4 1 0 69 0 1
1 8
1 7
1 6
2 9
731 592 754 572 1 1 1 1644504535 359450 0.000000 1 7
691 557 714 537 1 1 1 1644504535 359450 0.000000 1 7
651 522 674 502 1 1 1 1644504535 359450 0.000000 1 7
731 592 754 572 1 1 1 1644504535 359450 180000.000000 1 7
691 557 714 537 1 1 1 1644504535 359450 180000.000000 1 7
651 522 674 502 1 1 1 1644504535 359450 180000.000000 1 7
731 592 754 572 1 1 1 1644504535 359451 360000.000000 1 7
691 557 714 537 1 1 1 1644504535 359451 360000.000000 1 7
651 522 674 502 1 1 1 1644504535 359451 360000.000000 1 7
731 592 754 572 1 1 1 1644504535 359451 540000.000000 1 7
691 557 714 537 1 1 1 1644504535 359451 540000.000000 1 7
651 522 674 502 1 1 1 1644504535 359451 540000.000000 1 7
421 852 228 852 1 1 1 1644504539 747218 0.000000 1 2
421 817 228 817 1 1 1 1644504539 747218 0.000000 1 2
421 782 228 782 1 1 1 1644504539 747218 0.000000 1 2
371 852 228 852 1 1 1 1644504539 747218 180000.000000 1 2
813 882 836 887 1 1 1 1644504549 267375 0.000000 1 4
819 847 842 852 1 1 1 1644504549 267375 0.000000 1 4
807 917 830 922 1 1 1 1644504549 267375 0.000000 1 4
813 882 836 887 1 1 1 1644504549 267375 180000.000000 1 4
819 847 842 852 1 1 1 1644504549 267376 180000.000000 1 4
807 917 830 922 1 1 1 1644504549 267376 180000.000000 1 4
813 882 836 887 1 1 1 1644504550 728226 0.000000 1 4
774 838 842 852 1 1 1 1644504551 33276 0.000000 1 4
503 856 1075 922 1 1 1 1644504555 45441 0.000000 1 3
624 834 1079 887 1 1 1 1644504555 45441 0.000000 1 3
628 799 1083 852 1 1 1 1644504555 45441 0.000000 1 3
521 858 1075 922 1 1 1 1644504555 45441 180000.000000 1 3
471 817 836 887 1 1 1 1644504559 228015 0.000000 1 4
477 782 842 852 1 1 1 1644504559 228015 0.000000 1 4
564 867 830 922 1 1 1 1644504559 228015 0.000000 1 4
543 827 836 887 1 1 1 1644504559 228015 180000.000000 1 4
1060 847 1083 852 3 1 1 1644504560 996549 0.000000 1 3
1052 917 1075 922 3 1 1 1644504561 29670 0.000000 1 3
1056 882 1079 887 3 1 1 1644504561 164839 0.000000 1 3
1060 847 1083 852 3 1 1 1644504562 16627 0.000000 1 3
1052 917 1075 922 3 1 1 1644504563 36298 0.000000 1 3
251 817 228 817 2 1 1 1644504563 820422 0.000000 1 2
251 782 228 782 2 1 1 1644504563 820422 0.000000 1 2
251 852 228 852 2 1 1 1644504563 820422 0.000000 1 2
251 817 228 817 2 1 1 1644504563 987846 0.000000 1 2
251 782 228 782 2 1 1 1644504564 22396 0.000000 1 2
471 852 228 852 2 1 1 1644504565 42191 0.000000 1 2
642 836 1079 887 3 0 1 1644504565 180842 0.000000 1 3
471 782 228 782 3 1 1 1644504566 27075 0.000000 1 2
471 852 228 852 3 1 1 1644504569 20073 0.000000 1 2
471 817 228 817 3 1 1 1644504569 20080 0.000000 1 2
471 782 228 782 3 1 1 1644504569 20080 0.000000 1 2
471 852 228 852 3 1 1 1644504571 25000 0.000000 1 2
471 817 228 817 3 1 1 1644504571 25000 0.000000 1 2
471 782 228 782 3 1 1 1644504574 17776 0.000000 1 2
471 852 228 852 3 1 1 1644504574 17776 0.000000 1 2
471 817 228 817 3 1 1 1644504574 17776 0.000000 1 2
471 782 228 782 3 0 1 1644504576 23480 0.000000 1 2
471 852 228 852 3 1 1 1644504576 23480 0.000000 1 2
471 817 1686 677 3 1 1 1644504577 43270 0.000000 1 5
467 782 1682 642 3 1 1 1644504578 29710 0.000000 1 5
475 852 1690 712 3 1 1 1644504579 14859 0.000000 1 5
471 817 1686 677 3 1 1 1644504580 36391 0.000000 1 5
467 782 1682 642 3 1 1 1644504581 21437 0.000000 1 5
475 852 1690 712 3 1 1 1644504582 40933 0.000000 1 5
471 817 1686 677 3 1 1 1644504583 28192 0.000000 1 5
467 782 1682 642 3 1 1 1644504584 14985 0.000000 1 5
475 852 1690 712 3 1 1 1644504585 34000 0.000000 1 5
471 817 1686 677 3 1 1 1644504586 20032 0.000000 1 5
467 782 1682 642 3 1 1 1644504587 39648 0.000000 1 5
475 852 1690 712 3 1 1 1644504588 26238 0.000000 1 5
471 817 1686 677 3 1 1 1644504589 11351 0.000000 1 5
467 782 1682 642 3 1 1 1644504590 30212 0.000000 1 5
2 2 1 0 72 0 1
0 8
0 7
368 852 471 852 2 1 1 1644504535 359452 0.000000 2 1
368 817 471 817 2 1 1 1644504535 359452 0.000000 2 1
368 782 471 782 2 1 1 1644504535 359452 0.000000 2 1
318 852 471 852 2 1 1 1644504535 359452 180000.000000 2 1
418 817 471 817 2 1 1 1644504535 359458 180000.000000 2 1
418 782 471 782 2 1 1 1644504535 359458 180000.000000 2 1
368 852 471 852 2 1 1 1644504535 359459 360000.000000 2 1
368 817 471 817 2 1 1 1644504535 359459 360000.000000 2 1
448 782 471 782 2 1 1 1644504535 359459 360000.000000 2 1
448 852 471 852 2 1 1 1644504535 359459 540000.000000 2 1
448 817 471 817 2 1 1 1644504535 359459 540000.000000 2 1
448 782 471 782 2 1 1 1644504535 359459 540000.000000 2 1
622 852 1320 922 2 1 1 1644504539 540145 0.000000 2 12
651 819 1322 887 2 1 1 1644504539 540145 0.000000 2 12
716 790 1324 852 2 1 1 1644504539 540145 0.000000 2 12
622 852 1320 922 2 1 1 1644504539 540145 180000.000000 2 12
714 825 1322 887 2 1 1 1644504540 17754 0.000000 2 12
725 791 1324 852 2 1 1 1644504541 38623 0.000000 2 12
602 894 832 922 2 1 1 1644504546 885537 0.000000 2 4
579 856 836 887 2 1 1 1644504546 885537 0.000000 2 4
601 823 840 852 2 1 1 1644504546 885538 0.000000 2 4
809 917 832 922 2 1 1 1644504546 885538 180000.000000 2 4
606 859 836 887 2 1 1 1644504546 885538 180000.000000 2 4
565 819 840 852 2 1 1 1644504550 557256 0.000000 2 4
557 889 832 922 2 1 1 1644504550 557257 0.000000 2 4
561 854 836 887 2 1 1 1644504550 557257 0.000000 2 4
691 833 840 852 2 1 1 1644504550 557257 180000.000000 2 4
844 376 864 362 2 1 1 1644504551 713565 0.000000 2 11
816 341 836 327 2 1 1 1644504552 21170 0.000000 2 11
466 808 840 852 2 1 1 1644504559 57201 0.000000 2 4
485 881 832 922 2 1 1 1644504559 57201 0.000000 2 4
489 846 836 887 2 1 1 1644504559 57201 0.000000 2 4
466 808 840 852 2 1 1 1644504559 57201 180000.000000 2 4
809 917 832 922 2 1 1 1644504559 57201 180000.000000 2 4
579 856 836 887 2 1 1 1644504559 57202 180000.000000 2 4
466 808 840 852 2 1 1 1644504559 57202 360000.000000 2 4
448 852 471 852 2 1 1 1644504563 71901 0.000000 2 1
448 817 471 817 2 1 1 1644504563 71902 0.000000 2 1
448 782 471 782 2 1 1 1644504563 71902 0.000000 2 1
448 852 471 852 2 1 1 1644504563 71902 180000.000000 2 1
282 817 1079 887 2 1 1 1644504564 565463 0.000000 2 3
284 782 1081 852 2 1 1 1644504564 565463 0.000000 2 3
280 852 1077 922 2 1 1 1644504564 565463 0.000000 2 3
282 817 1079 887 2 1 1 1644504564 565463 180000.000000 2 3
788 306 808 292 2 1 1 1644504564 739699 0.000000 2 11
284 824 864 362 2 1 1 1644504564 773138 0.000000 2 11
816 341 836 327 2 1 1 1644504565 42190 0.000000 2 11
228 782 471 782 2 1 1 1644504569 53047 0.000000 2 1
418 852 471 852 2 1 1 1644504569 53048 0.000000 2 1
418 817 471 817 2 1 1 1644504569 53048 0.000000 2 1
418 782 471 782 2 1 1 1644504569 53048 180000.000000 2 1
418 852 471 852 2 1 1 1644504574 53622 0.000000 2 1
418 817 471 817 2 1 1 1644504574 53625 0.000000 2 1
418 782 471 782 2 1 1 1644504574 53625 0.000000 2 1
418 852 471 852 2 1 1 1644504574 53625 180000.000000 2 1
418 817 471 817 2 1 1 1644504574 53625 180000.000000 2 1
408 782 471 782 2 1 1 1644504578 63680 0.000000 2 1
418 852 471 852 2 1 1 1644504578 63680 0.000000 2 1
418 817 471 817 2 1 1 1644504578 63680 0.000000 2 1
418 782 471 782 2 1 1 1644504578 63681 180000.000000 2 1
418 852 471 852 2 1 1 1644504582 75286 0.000000 2 1
418 817 471 817 2 1 1 1644504582 75286 0.000000 2 1
408 782 471 782 2 1 1 1644504582 75286 0.000000 2 1
418 852 471 852 2 1 1 1644504582 75286 180000.000000 2 1
418 817 471 817 2 1 1 1644504586 53904 0.000000 2 1
408 782 471 782 2 1 1 1644504586 53904 0.000000 2 1
418 852 471 852 2 1 1 1644504586 53904 0.000000 2 1
418 817 471 817 2 1 1 1644504586 53905 180000.000000 2 1
408 782 471 782 2 1 1 1644504590 66677 0.000000 2 1
418 852 471 852 2 1 1 1644504590 66677 0.000000 2 1
418 817 471 817 2 1 1 1644504590 66677 0.000000 2 1
408 782 471 782 2 1 1 1644504590 66677 180000.000000 2 1
3 3 0 -1 71 0 0
4 9
4 7
3 8
975 903 467 852 3 1 1 1644504535 359459 0.000000 3 1
979 868 471 817 3 1 1 1644504535 359459 0.000000 3 1
983 833 475 782 3 1 1 1644504535 359459 0.000000 3 1
975 903 467 852 3 1 1 1644504535 359459 180000.000000 3 1
979 868 471 817 3 1 1 1644504535 359459 180000.000000 3 1
983 833 475 782 3 1 1 1644504535 359460 180000.000000 3 1
975 903 467 852 3 1 1 1644504535 359460 360000.000000 3 1
979 868 471 817 3 1 1 1644504535 359460 360000.000000 3 1
983 833 475 782 3 1 1 1644504535 359460 360000.000000 3 1
975 903 467 852 3 1 1 1644504535 359460 540000.000000 3 1
979 868 471 817 3 1 1 1644504535 359460 540000.000000 3 1
853 819 475 782 3 1 1 1644504535 359460 540000.000000 3 1
847 899 226 852 3 1 1 1644504539 747219 0.000000 3 2
979 877 228 817 3 1 1 1644504539 747219 0.000000 3 2
801 824 230 782 3 1 1 1644504539 747219 0.000000 3 2
847 899 226 852 3 1 1 1644504539 747219 180000.000000 3 2
769 846 471 817 3 1 1 1644504546 680922 0.000000 3 1
763 810 475 782 3 1 1 1644504546 680923 0.000000 3 1
635 868 467 852 3 1 1 1644504546 680923 0.000000 3 1
659 835 471 817 3 1 1 1644504546 680923 180000.000000 3 1
773 811 475 782 3 1 1 1644504546 680923 180000.000000 3 1
655 870 467 852 3 1 1 1644504546 680923 180000.000000 3 1
659 835 471 817 3 1 1 1644504546 680923 360000.000000 3 1
879 852 836 852 3 1 1 1644504550 557257 0.000000 3 4
859 922 836 922 3 1 1 1644504550 557257 0.000000 3 4
859 887 836 887 3 1 1 1644504550 557257 0.000000 3 4
859 852 836 852 3 1 1 1644504550 557257 180000.000000 3 4
859 922 836 922 3 1 1 1644504551 340491 0.000000 3 4
859 887 836 887 3 1 1 1644504552 21171 0.000000 3 4
521 796 230 782 3 1 1 1644504555 11743 0.000000 3 2
617 876 226 852 3 1 1 1644504555 11743 0.000000 3 2
599 839 228 817 3 1 1 1644504555 11743 0.000000 3 2
503 784 475 782 3 1 1 1644504559 23784 0.000000 3 1
635 868 467 852 3 1 1 1644504559 23784 0.000000 3 1
499 819 471 817 3 1 1 1644504559 23785 0.000000 3 1
503 784 475 782 3 1 1 1644504559 23785 180000.000000 3 1
859 922 836 922 3 1 1 1644504560 9786 0.000000 3 4
859 887 836 887 3 1 1 1644504561 29671 0.000000 3 4
271 782 230 782 3 1 1 1644504563 36299 0.000000 3 2
487 863 226 852 3 1 1 1644504563 36299 0.000000 3 2
559 825 471 817 3 0 1 1644504564 22397 0.000000 3 1
563 790 475 782 3 0 1 1644504564 22397 0.000000 3 1
555 860 467 852 3 0 1 1644504564 22398 0.000000 3 1
609 830 471 817 3 0 1 1644504564 22398 180000.000000 3 1
1081 852 230 782 3 0 1 1644504566 27147 0.000000 3 2
1077 922 226 852 3 0 1 1644504566 27147 0.000000 3 2
1079 887 228 817 3 0 1 1644504566 27148 0.000000 3 2
1081 852 230 782 3 0 1 1644504569 20080 0.000000 3 2
1077 922 226 852 3 0 1 1644504569 20080 0.000000 3 2
1079 887 228 817 3 0 1 1644504569 20080 0.000000 3 2
1081 852 230 782 3 0 1 1644504571 25000 0.000000 3 2
1077 922 226 852 3 0 1 1644504571 25000 0.000000 3 2
1079 887 228 817 3 0 1 1644504574 17776 0.000000 3 2
1081 852 230 782 3 0 1 1644504574 17776 0.000000 3 2
1077 922 226 852 3 0 1 1644504574 17776 0.000000 3 2
1079 887 228 817 3 0 1 1644504576 23480 0.000000 3 2
1081 852 230 782 3 0 1 1644504576 23481 0.000000 3 2
1077 922 226 852 3 0 1 1644504578 269091 0.000000 3 2
1079 887 228 817 3 0 1 1644504578 269091 0.000000 3 2
1081 852 230 782 3 0 1 1644504582 40935 0.000000 3 2
1077 922 226 852 3 0 1 1644504582 40935 0.000000 3 2
1079 887 228 817 3 0 1 1644504582 40935 0.000000 3 2
1081 852 230 782 3 0 1 1644504582 40935 180000.000000 3 2
1077 922 226 852 3 0 1 1644504586 20033 0.000000 3 2
1079 887 228 817 3 0 1 1644504586 20033 0.000000 3 2
1081 852 230 782 3 0 1 1644504586 20034 0.000000 3 2
1077 922 226 852 3 0 1 1644504586 20034 180000.000000 3 2
1079 887 228 817 3 0 1 1644504590 30213 0.000000 3 2
1081 852 230 782 3 0 1 1644504590 30213 0.000000 3 2
1077 922 226 852 3 0 1 1644504590 30214 0.000000 3 2
1079 887 228 817 3 0 1 1644504590 30214 180000.000000 3 2
3 3 1 0 71 0 0
3 9
3 7
2 8
926 922 1079 922 4 1 1 1644504535 359460 0.000000 4 3
926 887 1079 887 4 1 1 1644504535 359460 0.000000 4 3
936 852 1079 852 4 1 1 1644504535 359460 0.000000 4 3
926 922 1079 922 4 1 1 1644504535 359460 180000.000000 4 3
926 887 1079 887 4 1 1 1644504535 359460 180000.000000 4 3
936 852 1079 852 4 1 1 1644504535 359460 180000.000000 4 3
926 922 1079 922 4 1 1 1644504535 359461 360000.000000 4 3
926 887 1079 887 4 1 1 1644504535 359461 360000.000000 4 3
936 852 1079 852 4 1 1 1644504535 359461 360000.000000 4 3
926 922 1079 922 4 1 1 1644504535 359461 540000.000000 4 3
926 887 1079 887 4 1 1 1644504535 359461 540000.000000 4 3
926 852 1079 852 4 1 1 1644504535 359461 540000.000000 4 3
422 871 224 852 4 1 1 1644504539 747219 0.000000 4 2
466 840 228 817 4 1 1 1644504539 747219 0.000000 4 2
470 805 232 782 4 1 1 1644504539 747219 0.000000 4 2
392 868 224 852 4 1 1 1644504539 747219 180000.000000 4 2
836 887 471 817 4 1 1 1644504546 680923 0.000000 4 1
842 852 477 782 4 1 1 1644504546 680923 0.000000 4 1
830 922 465 852 4 1 1 1644504546 680923 0.000000 4 1
676 855 471 817 4 1 1 1644504546 680923 180000.000000 4 1
842 852 477 782 4 1 1 1644504546 680923 180000.000000 4 1
660 888 465 852 4 1 1 1644504546 680923 180000.000000 4 1
686 857 471 817 4 1 1 1644504546 680924 360000.000000 4 1
620 821 232 782 1 1 1 1644504551 33276 0.000000 4 2
612 891 224 852 1 1 1 1644504551 33277 0.000000 4 2
616 856 228 817 1 1 1 1644504551 33277 0.000000 4 2
840 852 232 782 1 1 1 1644504551 33277 180000.000000 4 2
552 884 224 852 3 1 1 1644504552 87447 0.000000 4 2
736 868 228 817 3 1 1 1644504552 87447 0.000000 4 2
830 850 232 782 3 1 1 1644504552 87447 0.000000 4 2
572 886 224 852 3 1 1 1644504552 87447 180000.000000 4 2
676 862 228 817 3 1 1 1644504555 11743 0.000000 4 2
680 827 232 782 3 1 1 1644504555 11743 0.000000 4 2
472 876 224 852 3 1 1 1644504555 11743 0.000000 4 2
476 841 228 817 3 1 1 1644504555 11743 180000.000000 4 2
522 788 477 782 3 1 1 1644504559 23785 0.000000 4 1
540 864 465 852 3 1 1 1644504559 23785 0.000000 4 1
546 829 471 817 3 1 1 1644504559 23785 0.000000 4 1
522 788 477 782 3 1 1 1644504559 23785 180000.000000 4 1
332 862 224 852 3 1 1 1644504563 36299 0.000000 4 2
336 827 228 817 3 1 1 1644504563 36299 0.000000 4 2
340 792 232 782 3 1 1 1644504563 36299 0.000000 4 2
322 861 224 852 3 1 1 1644504563 36299 180000.000000 4 2
336 827 228 817 3 1 1 1644504563 36299 180000.000000 4 2
502 784 477 782 3 1 1 1644504564 22398 0.000000 4 1
832 922 224 852 3 0 1 1644504566 27148 0.000000 4 2
836 887 228 817 3 0 1 1644504566 27148 0.000000 4 2
840 852 232 782 3 0 1 1644504569 20080 0.000000 4 2
832 922 224 852 3 0 1 1644504569 20080 0.000000 4 2
836 887 228 817 3 0 1 1644504569 20080 0.000000 4 2
840 852 232 782 3 0 1 1644504571 25000 0.000000 4 2
832 922 224 852 3 0 1 1644504571 25000 0.000000 4 2
836 887 228 817 3 0 1 1644504574 17777 0.000000 4 2
840 852 232 782 3 0 1 1644504574 17777 0.000000 4 2
832 922 224 852 3 0 1 1644504574 17777 0.000000 4 2
836 887 228 817 3 0 1 1644504576 23481 0.000000 4 2
840 852 232 782 3 0 1 1644504576 23481 0.000000 4 2
832 922 224 852 3 0 1 1644504578 269091 0.000000 4 2
836 887 228 817 3 0 1 1644504578 269091 0.000000 4 2
840 852 232 782 3 0 1 1644504582 40935 0.000000 4 2
832 922 224 852 3 0 1 1644504582 40935 0.000000 4 2
836 887 228 817 3 0 1 1644504582 40935 0.000000 4 2
840 852 232 782 3 0 1 1644504582 40935 180000.000000 4 2
832 922 224 852 3 0 1 1644504586 20034 0.000000 4 2
836 887 228 817 3 0 1 1644504586 20034 0.000000 4 2
840 852 232 782 3 0 1 1644504586 20034 0.000000 4 2
832 922 224 852 3 0 1 1644504586 20034 180000.000000 4 2
836 887 228 817 3 0 1 1644504590 30214 0.000000 4 2
840 852 232 782 3 0 1 1644504590 30214 0.000000 4 2
832 922 224 852 3 0 1 1644504590 30214 0.000000 4 2
836 887 228 817 3 0 1 1644504590 30214 180000.000000 4 2
10 2 20 0 0 0 1
6 6
6 7
10 5 20 0 0 0 0
3 4
3 5
3 3
3 6
4 5
10 1 8 0 0 0 0
2 4
10 1 20 0 0 0 0
6 2
10 3 20 0 0 0 0
5 5
5 7
5 3
10 3 20 0 0 0 0
4 0
4 1
5 1
10 2 16 0 0 0 0
3 1
3 0
10 1 20 0 0 0 1
5 9
11
2 604 647 1 1 1644504535 869340 0.000000 1
2 840 448 0 0 0 0 0.000000 0
2 687 830 1 1 1644504541 241094 0.000000 4
2 1529 630 0 0 0 0 0.000000 0
2 773 418 0 0 0 0 0.000000 0
2 556 536 1 1 1644504552 971139 0.000000 2
2 1558 734 0 0 0 0 0.000000 0
2 489 590 1 1 1644504565 824159 0.000000 2
2 1017 451 0 0 0 0 0.000000 0
2 1048 818 1 1 1644504569 529301 0.000000 3
2 1491 683 0 0 0 0 0.000000 0
0 1 10 -1 -1 1
0 1 10 -1 -1 1
0 1 10 2 7 1
0 1 0 -1 -1 1
0 1 10 -1 -1 1
0
