arya                            
8 50 20 10 0 1
7 11 148 88 4 1 13
269 158 1 9 1 1
512 158 1 0 0 0
755 158 0 0 0 0
998 158 1 12 1 1
1241 158 1 8 1 1
1484 158 1 2 1 1
1727 158 0 0 0 0
148 228 0 0 0 0
391 228 0 7 0 0
634 228 1 0 0 0
877 228 0 0 0 0
1120 228 0 4 1 0
1363 228 1 2 0 1
1606 228 1 1 0 1
269 298 1 9 1 1
512 298 1 0 1 1
755 298 1 0 0 0
998 298 0 0 0 0
1241 298 1 8 0 1
1484 298 0 0 0 0
1727 298 1 1 0 1
148 368 0 0 0 0
391 368 1 0 0 1
634 368 1 0 0 1
877 368 0 5 0 0
1120 368 0 4 0 0
1363 368 0 10 1 0
1606 368 1 1 1 1
269 438 1 7 0 1
512 438 1 0 1 1
755 438 1 10 0 1
998 438 0 0 0 0
1241 438 0 0 0 0
1484 438 1 1 0 1
1727 438 1 1 0 1
148 508 1 7 1 1
391 508 0 1 1 0
634 508 0 0 0 0
877 508 1 10 1 1
1120 508 0 0 0 0
1363 508 1 0 0 0
1606 508 0 3 0 0
269 578 0 0 0 0
512 578 0 1 0 0
755 578 1 3 0 1
998 578 0 0 0 0
1241 578 0 0 0 0
1484 578 0 0 0 0
1727 578 0 0 0 0
148 648 1 7 1 1
391 648 0 0 0 0
634 648 1 3 0 1
877 648 1 3 0 1
1120 648 1 4 1 1
1363 648 1 11 1 0
1606 648 0 6 1 0
269 718 1 0 0 0
512 718 1 5 0 1
755 718 1 3 1 1
998 718 0 0 0 0
1241 718 0 0 0 0
1484 718 0 0 0 0
1727 718 0 6 0 0
148 788 0 0 0 0
391 788 1 5 0 1
634 788 0 0 0 0
877 788 1 3 0 1
1120 788 0 0 0 0
1363 788 0 0 0 0
1606 788 1 11 0 1
269 858 0 0 0 0
512 858 1 5 1 1
755 858 1 3 0 1
998 858 1 6 1 1
1241 858 0 8 1 0
1484 858 0 0 0 0
1727 858 1 11 1 1
0 4 41 0 0 0 0
1 4
1 3
1 2
2 3
1 5 0 0 41 0 1
6 3
6 4
6 2
6 1
5 4
1584 381 1505 243 1 1 1 1644504469 691009 0.000000 1 2
1624 346 1545 208 1 1 1 1644504469 691009 0.000000 1 2
1664 311 1585 173 1 1 1 1644504469 691009 0.000000 1 2
1590 390 1505 243 1 1 1 1644504469 691009 180000.000000 1 2
1630 355 1545 208 1 1 1 1644504469 691009 180000.000000 1 2
1670 320 1585 173 1 1 1 1644504469 691009 180000.000000 1 2
1584 381 1505 243 1 1 1 1644504469 691010 360000.000000 1 2
1624 346 1545 208 1 1 1 1644504469 691010 360000.000000 1 2
1664 311 1585 173 1 1 1 1644504469 691010 360000.000000 1 2
1590 390 1505 243 1 1 1 1644504469 691010 540000.000000 1 2
1661 409 1545 208 1 1 1 1644504473 58818 0.000000 1 2
1654 293 1585 173 1 1 1 1644504473 58818 0.000000 1 2
1574 363 1505 243 1 1 1 1644504473 58818 0.000000 1 2
1614 328 1545 208 1 1 1 1644504473 58818 180000.000000 1 2
1690 356 1585 173 1 0 1 1644504477 102930 0.000000 1 2
1627 453 1505 243 1 1 1 1644504477 102930 0.000000 1 2
1650 391 1545 208 1 0 1 1644504477 102930 0.000000 1 2
1707 383 1585 173 1 0 1 1644504477 102930 180000.000000 1 2
1627 453 1505 243 1 0 1 1644504481 45895 0.000000 1 2
1667 418 1545 208 1 0 1 1644504481 45895 0.000000 1 2
1707 383 1585 173 1 0 1 1644504481 45895 0.000000 1 2
1627 453 1505 243 1 0 1 1644504481 45895 180000.000000 1 2
1667 418 1545 208 1 0 1 1644504485 57299 0.000000 1 2
1707 383 1585 173 1 0 1 1644504485 57299 0.000000 1 2
1627 453 1505 243 1 0 1 1644504485 57299 0.000000 1 2
1667 418 1545 208 1 0 1 1644504485 57299 180000.000000 1 2
1707 383 1585 173 1 0 1 1644504489 71596 0.000000 1 2
1627 453 1505 243 1 0 1 1644504489 71596 0.000000 1 2
1667 418 1545 208 1 0 1 1644504489 71596 0.000000 1 2
1707 383 1585 173 1 0 1 1644504489 71596 180000.000000 1 2
1627 453 1505 243 1 0 1 1644504493 48534 0.000000 1 2
1667 418 1545 208 1 0 1 1644504493 48534 0.000000 1 2
1707 383 1585 173 1 0 1 1644504493 48535 0.000000 1 2
1627 453 1505 243 1 0 1 1644504493 48535 180000.000000 1 2
1667 418 1545 208 1 0 1 1644504497 63154 0.000000 1 2
1707 383 1585 173 1 0 1 1644504497 63154 0.000000 1 2
1627 453 1505 243 1 0 1 1644504497 63154 0.000000 1 2
1667 418 1545 208 1 0 1 1644504497 63154 180000.000000 1 2
1653 383 802 733 1 0 1 1644504498 930881 0.000000 1 3
1681 453 830 803 1 0 1 1644504499 33047 0.000000 1 3
1667 418 816 768 1 0 1 1644504500 20807 0.000000 1 3
4 2 1 0 46 0 1
5 0
5 1
1541 351 1748 943 2 1 1 1644504469 507994 0.000000 2 11
1581 316 1788 908 2 1 1 1644504469 507994 0.000000 2 11
1621 281 1828 873 2 1 1 1644504469 507994 0.000000 2 11
1544 360 1748 943 2 1 1 1644504469 507995 180000.000000 2 11
1584 325 1788 908 2 1 1 1644504469 508025 180000.000000 2 11
1624 290 1828 873 2 1 1 1644504469 508025 180000.000000 2 11
1541 351 1748 943 2 1 1 1644504469 508026 360000.000000 2 11
1581 316 1788 908 2 1 1 1644504469 508026 360000.000000 2 11
1621 281 1828 873 2 1 1 1644504469 508026 360000.000000 2 11
1544 360 1748 943 2 1 1 1644504469 508026 540000.000000 2 11
1605 388 1788 908 2 1 1 1644504470 32998 0.000000 2 11
1612 254 1828 873 2 1 1 1644504471 18792 0.000000 2 11
1532 324 1748 943 2 1 1 1644504472 36825 0.000000 2 11
1572 289 1788 908 2 1 1 1644504473 23428 0.000000 2 11
1817 848 1828 873 2 1 1 1644504474 42801 0.000000 2 11
1737 918 1748 943 2 1 1 1644504475 29179 0.000000 2 11
1641 496 1788 908 2 1 1 1644504476 14762 0.000000 2 11
1624 290 1828 873 4 0 1 1644504476 727650 0.000000 2 11
1544 360 1748 943 4 0 1 1644504476 727650 0.000000 2 11
1584 325 1788 908 4 0 1 1644504476 727650 0.000000 2 11
1609 245 1828 873 4 0 1 1644504476 897441 0.000000 2 11
1529 315 1748 943 4 0 1 1644504476 897442 0.000000 2 11
1557 244 1788 908 4 0 1 1644504477 34655 0.000000 2 11
1594 200 1828 873 4 0 1 1644504477 70265 0.000000 2 11
1570 243 598 943 4 0 1 1644504478 21832 0.000000 2 5
1545 208 573 908 4 0 1 1644504479 40189 0.000000 2 5
1520 173 548 873 4 0 1 1644504480 25803 0.000000 2 5
1570 243 598 943 4 0 1 1644504481 12937 0.000000 2 5
1545 208 573 908 4 0 1 1644504482 34193 0.000000 2 5
1520 173 548 873 4 0 1 1644504483 20302 0.000000 2 5
1570 243 598 943 4 0 1 1644504484 38484 0.000000 2 5
1545 208 573 908 4 0 1 1644504485 24376 0.000000 2 5
1520 173 548 873 4 0 1 1644504486 15086 0.000000 2 5
1570 243 598 943 4 0 1 1644504487 30494 0.000000 2 5
1545 208 573 908 4 0 1 1644504488 17367 0.000000 2 5
1520 173 548 873 4 0 1 1644504489 37382 0.000000 2 5
1570 243 598 943 4 0 1 1644504490 23190 0.000000 2 5
1545 208 573 908 4 0 1 1644504491 42536 0.000000 2 5
1520 173 548 873 4 0 1 1644504492 30306 0.000000 2 5
1570 243 598 943 4 0 1 1644504493 13722 0.000000 2 5
1545 208 573 908 4 0 1 1644504494 35492 0.000000 2 5
1520 173 548 873 4 0 1 1644504495 21828 0.000000 2 5
1570 243 598 943 4 0 1 1644504496 40760 0.000000 2 5
1545 208 573 908 4 0 1 1644504497 26599 0.000000 2 5
1585 173 1707 383 4 0 1 1644504499 68002 0.000000 2 1
1505 243 1627 453 4 1 1 1644504499 68003 0.000000 2 1
3 6 0 0 41 0 1
2 8
2 7
2 10
2 6
3 9
3 7
308 267 290 243 3 1 1 1644504469 609515 0.000000 3 9
348 232 330 208 3 1 1 1644504469 609515 0.000000 3 9
388 197 370 173 3 1 1 1644504469 609515 0.000000 3 9
308 267 290 243 3 1 1 1644504469 609515 180000.000000 3 9
348 232 330 208 3 1 1 1644504469 609515 180000.000000 3 9
388 197 370 173 3 1 1 1644504469 609515 180000.000000 3 9
308 267 290 243 3 1 1 1644504469 609515 360000.000000 3 9
348 232 330 208 3 1 1 1644504469 609515 360000.000000 3 9
388 197 370 173 3 1 1 1644504469 609515 360000.000000 3 9
308 267 290 243 3 1 1 1644504469 609515 540000.000000 3 9
348 232 330 208 3 1 1 1644504470 32998 0.000000 3 9
1470 209 1519 173 3 1 1 1644504474 75798 0.000000 3 2
1194 525 1571 243 3 1 1 1644504474 75798 0.000000 3 2
1272 412 1545 208 3 1 1 1644504474 75798 0.000000 3 2
1470 209 1519 173 3 1 1 1644504474 75798 180000.000000 3 2
842 803 1571 243 3 0 1 1644504478 54865 0.000000 3 2
816 768 1545 208 3 0 1 1644504478 54865 0.000000 3 2
790 733 1519 173 3 0 1 1644504478 54865 0.000000 3 2
842 803 1571 243 3 0 1 1644504478 54865 180000.000000 3 2
816 768 1545 208 3 0 1 1644504481 114836 0.000000 3 2
790 733 1519 173 3 0 1 1644504481 114836 0.000000 3 2
842 803 1571 243 3 0 1 1644504481 114836 0.000000 3 2
816 768 1545 208 3 0 1 1644504482 34193 0.000000 3 2
790 733 1519 173 3 0 1 1644504483 20302 0.000000 3 2
842 803 1571 243 3 0 1 1644504484 38484 0.000000 3 2
816 768 1545 208 3 0 1 1644504485 24376 0.000000 3 2
790 733 1519 173 3 0 1 1644504486 15087 0.000000 3 2
842 803 1571 243 3 0 1 1644504487 30495 0.000000 3 2
816 768 1545 208 3 0 1 1644504488 17368 0.000000 3 2
790 733 1519 173 3 0 1 1644504489 37383 0.000000 3 2
842 803 1571 243 3 0 1 1644504490 23191 0.000000 3 2
816 768 1545 208 3 0 1 1644504491 42537 0.000000 3 2
790 733 1519 173 3 0 1 1644504492 30306 0.000000 3 2
842 803 1571 243 3 0 1 1644504493 13722 0.000000 3 2
816 768 1545 208 3 0 1 1644504494 35492 0.000000 3 2
790 733 1519 173 3 0 1 1644504495 21829 0.000000 3 2
842 803 1571 243 3 0 1 1644504496 40760 0.000000 3 2
816 768 1545 208 3 0 1 1644504497 26600 0.000000 3 2
790 733 1519 173 3 0 1 1644504498 14530 0.000000 3 2
842 803 1571 243 3 0 1 1644504499 33047 0.000000 3 2
816 768 1545 208 3 0 1 1644504500 20807 0.000000 3 2
4 1 1 0 40 0 0
4 7
1567 267 1585 243 4 1 1 1644504469 691010 0.000000 4 2
1527 232 1545 208 4 1 1 1644504469 691010 0.000000 4 2
1487 197 1505 173 4 1 1 1644504469 691010 0.000000 4 2
1567 267 1585 243 4 1 1 1644504469 691010 180000.000000 4 2
1527 232 1545 208 4 1 1 1644504469 691011 180000.000000 4 2
1331 405 1505 173 4 1 1 1644504469 691011 180000.000000 4 2
1567 267 1585 243 4 1 1 1644504469 691011 360000.000000 4 2
1515 248 1545 208 4 1 1 1644504469 691011 360000.000000 4 2
1247 517 1505 173 4 1 1 1644504469 691011 360000.000000 4 2
1549 291 1585 243 4 0 1 1644504469 691011 540000.000000 4 2
1437 352 1545 208 4 0 1 1644504473 58818 0.000000 4 2
1397 317 1505 173 4 0 1 1644504473 58818 0.000000 4 2
1477 387 1585 243 4 0 1 1644504473 58819 0.000000 4 2
1437 352 1545 208 4 0 1 1644504473 58819 180000.000000 4 2
1161 663 1647 383 4 0 1 1644504477 304359 0.000000 4 1
1201 733 1687 453 4 0 1 1644504477 304359 0.000000 4 1
1181 698 1667 418 4 0 1 1644504477 304359 0.000000 4 1
1161 663 1647 383 4 0 1 1644504477 304359 180000.000000 4 1
1187 733 822 803 4 0 1 1644504481 148047 0.000000 4 3
1181 698 816 768 4 0 1 1644504481 148048 0.000000 4 3
1175 663 810 733 4 0 1 1644504481 148048 0.000000 4 3
1187 733 822 803 4 0 1 1644504481 148048 180000.000000 4 3
1181 698 816 768 4 0 1 1644504485 57298 0.000000 4 3
1175 663 810 733 4 0 1 1644504485 57298 0.000000 4 3
1187 733 822 803 4 0 1 1644504485 57298 0.000000 4 3
1181 698 816 768 4 0 1 1644504485 57298 180000.000000 4 3
1175 663 810 733 4 0 1 1644504489 71595 0.000000 4 3
1187 733 822 803 4 0 1 1644504489 71595 0.000000 4 3
1181 698 816 768 4 0 1 1644504489 71595 0.000000 4 3
1175 663 810 733 4 0 1 1644504489 71595 180000.000000 4 3
1187 733 822 803 4 0 1 1644504493 48533 0.000000 4 3
1181 698 816 768 4 0 1 1644504493 48533 0.000000 4 3
1175 663 810 733 4 0 1 1644504493 48534 0.000000 4 3
1187 733 822 803 4 0 1 1644504493 48534 180000.000000 4 3
1181 698 816 768 4 0 1 1644504497 63153 0.000000 4 3
1175 663 810 733 4 0 1 1644504497 63153 0.000000 4 3
1187 733 822 803 4 0 1 1644504497 63153 0.000000 4 3
1181 698 816 768 4 0 1 1644504497 63153 180000.000000 4 3
1161 663 1647 383 4 0 1 1644504499 68003 0.000000 4 1
1201 733 1687 453 4 0 1 1644504499 68003 0.000000 4 1
10 3 20 0 0 0 1
1 10
1 9
1 8
10 1 20 0 0 0 0
3 10
10 3 20 0 0 0 0
0 5
0 4
0 7
10 2 20 0 0 0 0
4 0
4 2
10 2 9 0 0 0 0
0 0
0 2
10 2 20 0 0 0 0
3 5
2 4
10 2 18 0 0 0 1
6 10
6 9
10 1 20 0 0 0 0
3 0
10
2 1700 640 1 1 1644504477 202912 0.000000 2
2 563 460 1 1 1644504470 687197 0.000000 3
2 996 374 0 0 0 0 0.000000 0
2 903 654 0 0 0 0 0.000000 0
2 1195 444 0 0 0 0 0.000000 0
2 1093 539 0 0 0 0 0.000000 0
2 1533 787 0 0 0 0 0.000000 0
2 1158 192 0 0 0 0 0.000000 0
2 1204 774 1 0 1644504497 228916 0.000000 4
2 1437 496 0 0 0 0 0.000000 0
0 1 0 -1 -1 1
0 1 0 -1 -1 1
0 1 10 2 0 1
0 1 0 -1 -1 1
0 1 0 2 8 1
0
