arya                            
8 50 20 10
7 9 17 189 1 1 10
138 259 0 0 1 0
381 259 0 0 0 0
624 259 0 0 0 0
867 259 0 0 0 0
1110 259 1 1 1 1
1353 259 1 3 0 1
1596 259 0 0 0 0
17 329 1 2 1 1
260 329 0 0 0 0
503 329 0 0 0 0
746 329 0 0 0 0
989 329 0 1 0 0
1232 329 0 1 0 0
1475 329 1 3 1 1
138 399 1 2 0 1
381 399 0 5 1 0
624 399 0 0 0 0
867 399 1 8 0 1
1110 399 0 1 0 0
1353 399 0 3 0 0
1596 399 1 3 0 1
17 469 1 0 0 1
260 469 0 5 0 0
503 469 1 4 0 1
746 469 0 0 0 0
989 469 1 8 1 1
1232 469 0 0 0 0
1475 469 1 3 0 1
138 539 0 0 0 0
381 539 1 4 1 1
624 539 0 0 0 0
867 539 0 0 0 0
1110 539 0 0 0 0
1353 539 0 4 1 0
1596 539 1 5 0 1
17 609 1 0 1 1
260 609 0 0 0 0
503 609 1 4 0 1
746 609 0 0 0 0
989 609 0 0 0 0
1232 609 1 9 1 1
1475 609 1 5 1 1
138 679 0 6 1 0
381 679 1 4 0 1
624 679 0 0 0 0
867 679 1 0 0 0
1110 679 0 2 0 0
1353 679 0 4 0 0
1596 679 0 0 0 0
17 749 0 0 0 0
260 749 0 0 0 0
503 749 1 7 1 1
746 749 0 0 0 0
989 749 0 2 1 0
1232 749 0 0 0 0
1475 749 0 0 0 0
138 819 1 0 0 0
381 819 1 7 0 1
624 819 1 7 0 1
867 819 0 0 0 0
1110 819 0 0 0 0
1353 819 1 6 1 1
1596 819 0 0 0 0
0 2 10 0 0 0
0 5
0 3
2 1 10 0 0 0
4 0
10 2 20 0 0 0
0 1
0 2
10 4 20 0 0 0
6 1
6 2
6 3
5 0
10 4 20 0 0 0
1 4
1 6
2 5
2 3
10 2 20 0 0 0
6 5
6 4
10 1 20 0 0 0
5 8
10 3 20 0 0 0
2 7
2 8
1 8
10 2 20 0 0 0
4 3
3 2
10 1 20 0 0 0
5 5
0
0 10 -1 1
0 10 -1 1
0
