arya                            
8 50 20 10
7 10 124 137 4 1 13
245 207 1 1 1 1
488 207 1 1 0 1
731 207 0 0 0 0
974 207 1 10 0 1
1217 207 0 5 0 0
1460 207 1 12 1 1
1703 207 0 4 0 0
124 277 1 11 1 1
367 277 1 1 1 1
610 277 0 0 0 0
853 277 0 0 0 0
1096 277 0 0 0 0
1339 277 1 5 1 1
1582 277 1 12 0 1
245 347 0 0 0 0
488 347 0 0 0 0
731 347 0 0 0 0
974 347 1 10 1 1
1217 347 0 0 0 0
1460 347 0 1 0 0
1703 347 0 4 1 0
124 417 0 0 0 0
367 417 0 0 0 0
610 417 1 4 0 1
853 417 0 0 0 0
1096 417 1 0 0 1
1339 417 1 5 1 1
1582 417 0 1 0 0
245 487 1 7 0 1
488 487 0 0 0 0
731 487 1 4 1 1
974 487 0 0 0 0
1217 487 1 0 0 1
1460 487 1 5 1 1
1703 487 1 8 0 1
124 557 1 7 1 1
367 557 0 0 0 0
610 557 0 0 0 0
853 557 0 0 0 0
1096 557 1 0 1 1
1339 557 0 1 0 0
1582 557 1 8 0 1
245 627 0 0 0 0
488 627 0 0 0 0
731 627 0 0 0 0
974 627 0 0 0 0
1217 627 0 0 0 0
1460 627 0 0 0 0
1703 627 1 8 1 1
124 697 0 0 0 0
367 697 0 0 0 0
610 697 1 6 1 1
853 697 1 9 0 1
1096 697 0 0 0 0
1339 697 0 7 0 0
1582 697 1 2 0 1
245 767 1 3 1 1
488 767 1 6 0 1
731 767 0 0 0 0
974 767 0 0 0 0
1217 767 0 0 0 0
1460 767 1 2 1 1
1703 767 1 8 0 1
124 837 1 3 0 1
367 837 0 0 0 0
610 837 0 3 0 0
853 837 1 9 1 1
1096 837 0 0 0 0
1339 837 0 7 1 0
1582 837 1 2 0 1
0 3 10 0 0 0
4 5
4 4
4 3
2 3 10 0 0 0
1 1
1 0
0 0
3 3 10 0 0 0
5 8
6 9
6 7
1 2 10 0 0 0
0 8
0 9
4 2 10 0 0 0
2 4
2 3
10 3 20 0 0 0
5 3
5 4
5 1
10 2 20 0 0 0
2 7
1 8
10 2 20 0 0 0
0 5
0 4
10 4 20 0 0 0
6 6
6 5
6 8
6 4
10 2 20 0 0 0
3 9
3 7
10 2 20 0 0 0
3 2
3 0
10 1 20 0 0 0
0 1
10 2 20 0 0 0
5 0
6 1
0
0 10 -1 1
0 10 -1 1
0 10 -1 1
0 10 -1 1
0 10 -1 1
0
