arya                            
8 50 20 10
7 11 141 75 1 1 10
262 145 1 7 0 1
505 145 0 0 0 0
748 145 0 0 0 0
991 145 1 3 0 1
1234 145 0 0 0 0
1477 145 0 0 0 0
1720 145 1 8 0 1
141 215 0 0 0 0
384 215 1 7 0 1
627 215 1 0 1 1
870 215 0 0 0 0
1113 215 1 3 1 1
1356 215 0 0 0 0
1599 215 1 8 1 1
262 285 1 7 1 1
505 285 0 0 0 0
748 285 0 0 0 0
991 285 1 3 0 1
1234 285 1 2 0 1
1477 285 1 2 0 1
1720 285 0 0 0 0
141 355 0 0 0 0
384 355 0 0 0 0
627 355 0 0 0 0
870 355 0 0 0 0
1113 355 1 3 0 1
1356 355 1 2 1 1
1599 355 1 8 0 1
262 425 0 0 0 0
505 425 0 0 0 0
748 425 1 1 0 1
991 425 1 0 0 0
1234 425 0 0 0 0
1477 425 1 2 0 1
1720 425 1 0 0 0
141 495 1 0 0 0
384 495 1 6 0 1
627 495 0 0 0 0
870 495 1 1 0 1
1113 495 0 0 0 0
1356 495 0 0 0 0
1599 495 0 0 0 0
262 565 1 6 0 1
505 565 0 0 0 0
748 565 1 1 1 1
991 565 0 0 0 0
1234 565 1 0 0 0
1477 565 0 0 0 0
1720 565 0 0 0 0
141 635 0 0 0 0
384 635 1 6 1 1
627 635 0 0 0 0
870 635 0 0 0 0
1113 635 1 4 0 1
1356 635 0 0 0 0
1599 635 0 0 0 0
262 705 0 0 0 0
505 705 1 5 0 1
748 705 0 0 0 0
991 705 1 4 1 1
1234 705 0 0 0 0
1477 705 1 9 0 1
1720 705 0 0 0 0
141 775 0 0 0 0
384 775 0 0 0 0
627 775 1 5 1 1
870 775 1 4 0 1
1113 775 1 4 0 1
1356 775 0 0 0 0
1599 775 1 9 1 1
262 845 0 0 0 0
505 845 0 0 0 0
748 845 1 5 0 1
991 845 1 4 0 1
1234 845 0 0 0 0
1477 845 0 0 0 0
1720 845 0 0 0 0
0 1 10 0 0 0
2 1
2 3 10 0 0 0
2 6
2 4
3 5
10 4 20 0 0 0
5 3
5 4
5 2
4 2
10 4 20 0 0 0
4 1
4 3
3 2
3 0
10 5 20 0 0 0
3 8
3 9
3 10
4 9
4 7
10 3 20 0 0 0
2 9
2 10
1 8
10 3 20 0 0 0
1 7
1 5
0 6
10 3 20 0 0 0
0 2
0 0
1 1
10 3 20 0 0 0
6 1
6 0
6 3
10 2 20 0 0 0
6 9
5 8
0
0 10 -1 1
0 10 -1 1
0
