arya                            
8 50 20 10 0 1
7 11 75 105 4 1 13
196 175 0 0 0 0
439 175 1 0 0 0
682 175 0 0 0 0
925 175 0 0 0 0
1168 175 1 4 0 1
1411 175 0 0 0 0
1654 175 0 0 0 0
75 245 1 2 1 1
318 245 0 0 0 0
561 245 1 0 0 0
804 245 1 0 0 0
1047 245 1 0 0 0
1290 245 1 4 1 1
1533 245 1 0 1 1
196 315 1 2 0 1
439 315 0 0 0 0
682 315 1 0 0 0
925 315 1 0 0 0
1168 315 1 4 0 1
1411 315 0 0 0 0
1654 315 0 0 0 0
75 385 1 2 0 1
318 385 1 3 1 1
561 385 0 0 0 0
804 385 0 0 0 0
1047 385 0 0 0 0
1290 385 0 0 0 0
1533 385 0 0 0 0
196 455 0 0 0 0
439 455 0 0 0 0
682 455 1 0 0 0
925 455 0 0 0 0
1168 455 1 10 1 1
1411 455 1 11 1 1
1654 455 0 0 0 0
75 525 1 12 0 1
318 525 0 0 0 0
561 525 1 0 0 0
804 525 0 0 0 0
1047 525 0 0 0 0
1290 525 0 0 0 0
1533 525 1 11 0 1
196 595 1 12 0 1
439 595 1 0 0 0
682 595 0 0 0 0
925 595 1 6 0 1
1168 595 0 0 0 0
1411 595 0 0 0 0
1654 595 0 0 0 0
75 665 1 12 1 1
318 665 0 0 0 0
561 665 0 0 0 0
804 665 0 0 0 0
1047 665 1 6 1 1
1290 665 0 0 0 0
1533 665 0 0 0 0
196 735 1 12 0 1
439 735 1 8 0 1
682 735 0 0 0 0
925 735 0 0 0 0
1168 735 1 5 0 1
1411 735 1 1 1 1
1654 735 0 0 0 0
75 805 0 0 0 0
318 805 0 0 0 0
561 805 1 8 1 1
804 805 1 7 1 1
1047 805 0 0 0 0
1290 805 0 0 0 0
1533 805 0 0 0 0
196 875 0 0 0 0
439 875 0 0 0 0
682 875 1 7 0 1
925 875 0 0 0 0
1168 875 1 5 1 1
1411 875 0 0 0 0
1654 875 1 9 1 1
0 1 37 0 0 0 0
6 1
4 1 1 0 54 0 0
5 8
1126 752 1102 750 1 1 1 1644505802 19630 0.000000 1 6
1132 717 1108 715 1 1 1 1644505802 19631 0.000000 1 6
1138 682 1114 680 1 1 1 1644505802 19631 0.000000 1 6
1126 752 1102 750 1 1 1 1644505802 19631 180000.000000 1 6
1132 717 1108 715 1 1 1 1644505802 19631 180000.000000 1 6
1138 682 1114 680 1 1 1 1644505802 19631 180000.000000 1 6
1126 752 1102 750 1 1 1 1644505802 19631 360000.000000 1 6
1132 717 1108 715 1 1 1 1644505802 19631 360000.000000 1 6
1138 682 1114 680 1 1 1 1644505802 19631 360000.000000 1 6
1126 752 1102 750 1 1 1 1644505802 19631 540000.000000 1 6
1132 717 1108 715 1 1 1 1644505802 19631 540000.000000 1 6
1138 682 1114 680 1 1 1 1644505802 19631 540000.000000 1 6
1126 752 1102 750 1 1 1 1644505802 19631 720000.000000 1 6
1132 717 1108 715 1 1 1 1644505802 19631 720000.000000 1 6
1138 682 1114 680 1 1 1 1644505802 19631 720000.000000 1 6
1126 752 1102 750 1 1 1 1644505802 19632 900000.000000 1 6
1132 717 1108 715 1 1 1 1644505802 19632 900000.000000 1 6
1138 682 1114 680 1 1 1 1644505802 19632 900000.000000 1 6
1126 752 1102 750 1 1 1 1644505802 19632 1080000.000000 1 6
1132 717 1108 715 1 1 1 1644505802 19632 1080000.000000 1 6
1138 682 1114 680 1 1 1 1644505802 19632 1080000.000000 1 6
1126 752 1102 750 1 1 1 1644505802 19632 1260000.000000 1 6
1132 717 1108 715 1 1 1 1644505802 19632 1260000.000000 1 6
1138 682 1114 680 1 1 1 1644505802 19632 1260000.000000 1 6
1090 672 124 330 1 1 1 1644505804 433240 0.000000 1 2
1132 649 136 295 1 1 1 1644505804 433241 0.000000 1 2
1138 683 1114 680 4 1 1 1644505806 644434 0.000000 1 6
1126 753 1102 750 4 1 1 1644505806 644434 0.000000 1 6
1132 718 1108 715 4 1 1 1644505806 644434 0.000000 1 6
1138 683 1114 680 4 1 1 1644505806 644434 180000.000000 1 6
1126 753 1102 750 4 1 1 1644505806 644435 180000.000000 1 6
1132 718 1108 715 4 1 1 1644505806 644435 180000.000000 1 6
1138 683 1114 680 4 1 1 1644505806 644435 360000.000000 1 6
1126 753 1102 750 4 1 1 1644505806 644435 360000.000000 1 6
1132 718 1108 715 4 1 1 1644505807 17662 0.000000 1 6
1138 683 1114 680 4 1 1 1644505807 17662 0.000000 1 6
1126 753 1102 750 4 1 1 1644505807 17663 0.000000 1 6
1132 718 1108 715 4 1 1 1644505807 17663 180000.000000 1 6
1138 683 1114 680 4 1 1 1644505807 221142 0.000000 1 6
1126 753 1102 750 4 1 1 1644505807 221143 0.000000 1 6
1132 718 1108 715 4 1 1 1644505807 221143 0.000000 1 6
1138 682 1114 680 4 1 1 1644505807 221143 180000.000000 1 6
1126 752 1102 750 4 1 1 1644505807 492920 0.000000 1 6
1248 910 1229 925 4 1 1 1644505809 23971 0.000000 1 5
1228 875 1209 890 4 1 1 1644505809 23972 0.000000 1 5
1268 945 1249 960 4 1 1 1644505809 23972 0.000000 1 5
1248 910 1229 925 4 1 1 1644505810 314578 0.000000 1 5
1228 875 1209 890 4 1 1 1644505810 314579 0.000000 1 5
1268 945 1249 960 4 1 1 1644505810 314579 0.000000 1 5
1248 910 1229 925 4 1 1 1644505810 314579 180000.000000 1 5
888 814 861 820 4 1 1 1644505812 592238 0.000000 1 7
896 884 869 890 4 1 1 1644505812 592238 0.000000 1 7
1092 823 865 855 4 0 1 1644505814 89139 0.000000 1 7
1088 788 861 820 4 0 1 1644505814 89139 0.000000 1 7
4 3 1 0 38 0 0
0 1
0 2
0 3
223 363 1460 820 2 1 1 1644505802 19632 0.000000 2 1
244 331 1472 785 2 1 1 1644505802 19632 0.000000 2 1
283 305 1484 750 2 1 1 1644505802 19632 0.000000 2 1
205 357 1460 820 2 1 1 1644505802 19633 180000.000000 2 1
244 331 1472 785 2 1 1 1644505802 19640 180000.000000 2 1
283 305 1484 750 2 1 1 1644505802 19640 180000.000000 2 1
205 357 1460 820 2 1 1 1644505802 19640 360000.000000 2 1
244 331 1472 785 2 1 1 1644505802 19640 360000.000000 2 1
283 305 1484 750 2 1 1 1644505802 19640 360000.000000 2 1
205 357 1460 820 2 1 1 1644505802 19640 540000.000000 2 1
244 331 1472 785 2 1 1 1644505802 19640 540000.000000 2 1
292 308 1484 750 2 1 1 1644505802 19640 540000.000000 2 1
196 354 1460 820 2 1 1 1644505802 19640 720000.000000 2 1
244 331 1472 785 2 1 1 1644505802 19640 720000.000000 2 1
292 308 1484 750 2 1 1 1644505802 19640 720000.000000 2 1
196 354 1460 820 2 1 1 1644505802 19640 900000.000000 2 1
244 331 1472 785 2 1 1 1644505802 19640 900000.000000 2 1
310 314 1484 750 2 1 1 1644505802 19640 900000.000000 2 1
178 348 1460 820 2 1 1 1644505802 19641 1080000.000000 2 1
244 331 1472 785 2 1 1 1644505802 19641 1080000.000000 2 1
328 320 1484 750 2 1 1 1644505802 19641 1080000.000000 2 1
178 348 1460 820 2 1 1 1644505802 19641 1260000.000000 2 1
244 331 1472 785 2 1 1 1644505802 19641 1260000.000000 2 1
472 372 1484 750 2 1 1 1644505802 19641 1260000.000000 2 1
1438 812 1460 820 4 1 1 1644505804 705777 0.000000 2 1
1450 777 1472 785 4 1 1 1644505804 705777 0.000000 2 1
1462 742 1484 750 4 1 1 1644505805 11971 0.000000 2 1
1438 810 1460 820 4 1 1 1644505806 201321 0.000000 2 1
1450 775 1472 785 4 1 1 1644505806 201322 0.000000 2 1
1462 740 1484 750 4 1 1 1644505806 201322 0.000000 2 1
1066 738 1093 750 4 1 1 1644505807 17663 0.000000 2 6
1208 913 1229 925 4 1 1 1644505809 23978 0.000000 2 5
1228 878 1249 890 4 1 1 1644505809 23978 0.000000 2 5
1188 948 1209 960 4 1 1 1644505810 314579 0.000000 2 5
773 786 865 855 4 0 1 1644505812 592238 0.000000 2 7
799 751 891 820 4 0 1 1644505812 592238 0.000000 2 7
395 557 839 890 4 0 1 1644505814 89139 0.000000 2 7
421 522 865 855 4 0 1 1644505814 89140 0.000000 2 7
4 1 1 0 55 0 0
1 3
242 402 116 330 3 1 1 1644505802 19641 0.000000 3 2
280 378 136 295 3 1 1 1644505802 19641 0.000000 3 2
300 343 156 260 3 1 1 1644505802 19641 0.000000 3 2
242 402 116 330 3 1 1 1644505802 19641 180000.000000 3 2
280 378 136 295 3 1 1 1644505802 19641 180000.000000 3 2
318 353 156 260 3 1 1 1644505802 19641 180000.000000 3 2
242 402 116 330 3 1 1 1644505802 19642 360000.000000 3 2
280 378 136 295 3 1 1 1644505802 19642 360000.000000 3 2
318 353 156 260 3 1 1 1644505802 19642 360000.000000 3 2
233 397 116 330 3 1 1 1644505802 19642 540000.000000 3 2
271 373 136 295 3 1 1 1644505802 19642 540000.000000 3 2
318 353 156 260 3 1 1 1644505802 19642 540000.000000 3 2
233 397 116 330 3 1 1 1644505802 19642 720000.000000 3 2
271 373 136 295 3 1 1 1644505802 19642 720000.000000 3 2
309 348 156 260 3 1 1 1644505802 19642 720000.000000 3 2
215 387 116 330 3 1 1 1644505802 19642 900000.000000 3 2
271 373 136 295 3 1 1 1644505802 19642 900000.000000 3 2
309 348 156 260 3 1 1 1644505802 19642 900000.000000 3 2
215 387 116 330 3 1 1 1644505802 19642 1080000.000000 3 2
271 373 136 295 3 1 1 1644505802 19642 1080000.000000 3 2
327 359 156 260 3 1 1 1644505802 19642 1080000.000000 3 2
143 345 116 330 3 1 1 1644505802 19642 1260000.000000 3 2
271 373 136 295 3 1 1 1644505802 19642 1260000.000000 3 2
345 369 156 260 3 1 1 1644505802 19642 1260000.000000 3 2
143 345 116 330 4 1 1 1644505804 160979 0.000000 3 2
163 310 136 295 4 1 1 1644505804 160980 0.000000 3 2
183 275 156 260 4 1 1 1644505804 160980 0.000000 3 2
843 620 1461 820 4 1 1 1644505804 330435 0.000000 3 1
854 585 1472 785 4 1 1 1644505804 330436 0.000000 3 1
1093 622 1483 750 4 1 1 1644505804 330436 0.000000 3 1
805 608 1461 820 4 1 1 1644505804 330436 180000.000000 3 1
1044 645 1472 785 4 1 1 1644505804 330436 180000.000000 3 1
1459 742 1483 750 4 1 1 1644505804 330436 180000.000000 3 1
843 620 1461 820 4 1 1 1644505804 533487 0.000000 3 1
1448 777 1472 785 4 1 1 1644505804 533487 0.000000 3 1
1459 742 1483 750 4 1 1 1644505804 533488 0.000000 3 1
1437 812 1461 820 4 1 1 1644505804 533488 180000.000000 3 1
1448 777 1472 785 4 1 1 1644505804 533488 180000.000000 3 1
1459 742 1483 750 4 1 1 1644505804 533488 180000.000000 3 1
1437 812 1461 820 4 1 1 1644505804 705777 0.000000 3 1
1448 777 1472 785 4 1 1 1644505804 705777 0.000000 3 1
1459 742 1483 750 4 1 1 1644505804 705777 0.000000 3 1
1437 812 1461 820 4 1 1 1644505805 11971 0.000000 3 1
1448 777 1472 785 4 1 1 1644505805 11972 0.000000 3 1
1459 742 1483 750 4 1 1 1644505805 11972 0.000000 3 1
1437 812 1461 820 4 1 1 1644505805 11972 180000.000000 3 1
1446 776 1472 785 4 1 1 1644505806 201322 0.000000 3 1
1094 668 1121 680 4 1 1 1644505807 17663 0.000000 3 6
1183 945 1209 960 4 1 1 1644505809 23978 0.000000 3 5
1203 910 1229 925 4 1 1 1644505809 23978 0.000000 3 5
1223 875 1249 890 4 1 1 1644505810 314579 0.000000 3 5
818 873 835 890 4 1 1 1644505812 592238 0.000000 3 7
848 838 865 855 4 1 1 1644505812 592238 0.000000 3 7
675 628 895 820 4 0 1 1644505814 89140 0.000000 3 7
615 698 835 890 4 0 1 1644505814 89140 0.000000 3 7
4 3 1 0 36 0 0
5 1
4 2
4 0
406 465 384 470 4 1 1 1644505802 19643 0.000000 4 3
401 430 379 435 4 1 1 1644505802 19643 0.000000 4 3
516 372 374 400 4 1 1 1644505802 19643 0.000000 4 3
396 467 384 470 4 1 1 1644505802 19643 180000.000000 4 3
391 432 379 435 4 1 1 1644505802 19643 180000.000000 4 3
386 397 374 400 4 1 1 1644505802 19643 180000.000000 4 3
406 465 384 470 4 1 1 1644505802 19643 360000.000000 4 3
401 430 379 435 4 1 1 1644505802 19643 360000.000000 4 3
396 395 374 400 4 1 1 1644505802 19643 360000.000000 4 3
396 467 384 470 4 1 1 1644505802 19643 540000.000000 4 3
391 432 379 435 4 1 1 1644505802 19643 540000.000000 4 3
386 397 374 400 4 1 1 1644505802 19643 540000.000000 4 3
396 467 384 470 4 1 1 1644505802 19643 720000.000000 4 3
391 432 379 435 4 1 1 1644505802 19644 720000.000000 4 3
386 397 374 400 4 1 1 1644505802 19644 720000.000000 4 3
396 467 384 470 4 1 1 1644505802 19644 900000.000000 4 3
391 432 379 435 4 1 1 1644505802 19644 900000.000000 4 3
386 397 374 400 4 1 1 1644505802 19644 900000.000000 4 3
396 467 384 470 4 1 1 1644505802 19644 1080000.000000 4 3
391 432 379 435 4 1 1 1644505802 19644 1080000.000000 4 3
386 397 374 400 4 1 1 1644505802 19644 1080000.000000 4 3
396 467 384 470 4 1 1 1644505802 19644 1260000.000000 4 3
391 432 379 435 4 1 1 1644505802 19644 1260000.000000 4 3
386 397 374 400 4 1 1 1644505802 19644 1260000.000000 4 3
151 330 136 330 4 1 1 1644505804 160987 0.000000 4 2
151 295 136 295 4 1 1 1644505804 160987 0.000000 4 2
1508 735 1512 750 4 1 1 1644505805 11972 0.000000 4 1
1428 805 1432 820 4 1 1 1644505806 201322 0.000000 4 1
1121 687 1108 715 4 1 1 1644505807 17663 0.000000 4 6
1190 863 1189 890 4 1 1 1644505809 23978 0.000000 4 5
1270 933 1269 960 4 1 1 1644505809 23978 0.000000 4 5
1230 898 1229 925 4 1 1 1644505810 314579 0.000000 4 5
841 798 825 820 4 1 1 1644505812 592238 0.000000 4 7
921 868 905 890 4 1 1 1644505812 592238 0.000000 4 7
1085 561 865 855 4 0 1 1644505814 89140 0.000000 4 7
1045 526 825 820 4 0 1 1644505814 89140 0.000000 4 7
4 2 2 0 19 0 0
4 10
4 8
883 892 859 890 4 1 1 1644505812 592238 0.000000 5 7
889 857 865 855 4 1 1 1644505812 592238 0.000000 5 7
895 822 871 820 4 1 1 1644505812 592238 0.000000 5 7
883 892 859 890 4 1 1 1644505812 592239 180000.000000 5 7
889 857 865 855 4 1 1 1644505812 592239 180000.000000 5 7
895 822 871 820 4 1 1 1644505812 592239 180000.000000 5 7
883 892 859 890 4 1 1 1644505812 592239 360000.000000 5 7
889 857 865 855 4 1 1 1644505812 592239 360000.000000 5 7
895 822 871 820 4 1 1 1644505812 592243 360000.000000 5 7
883 892 859 890 4 1 1 1644505812 592244 540000.000000 5 7
889 857 865 855 4 1 1 1644505812 592244 540000.000000 5 7
895 822 871 820 4 1 1 1644505812 592244 540000.000000 5 7
883 892 859 890 4 1 1 1644505812 592244 720000.000000 5 7
889 857 865 855 4 1 1 1644505812 592244 720000.000000 5 7
895 822 871 820 4 1 1 1644505814 89140 0.000000 5 7
883 892 859 890 4 1 1 1644505814 89140 0.000000 5 7
889 857 865 855 4 1 1 1644505814 89140 0.000000 5 7
905 824 871 820 4 0 1 1644505814 89140 180000.000000 5 7
893 894 859 890 4 0 1 1644505814 89140 180000.000000 5 7
4 2 1 0 28 0 0
4 7
3 6
883 662 121 330 1 1 1 1644505804 433241 0.000000 6 2
858 610 136 295 1 1 1 1644505804 433241 0.000000 6 2
913 592 151 260 1 1 1 1644505804 433241 0.000000 6 2
873 658 121 330 1 1 1 1644505804 433241 180000.000000 6 2
1214 899 1229 925 4 1 1 1644505809 23978 0.000000 6 5
1254 864 1269 890 4 1 1 1644505809 23978 0.000000 6 5
1174 934 1189 960 4 1 1 1644505809 23978 0.000000 6 5
1214 899 1229 925 4 1 1 1644505809 23978 180000.000000 6 5
1254 864 1269 890 4 1 1 1644505809 23979 180000.000000 6 5
1174 934 1189 960 4 1 1 1644505809 23979 180000.000000 6 5
1214 899 1229 925 4 1 1 1644505809 23979 360000.000000 6 5
1254 864 1269 890 4 1 1 1644505809 23979 360000.000000 6 5
1174 934 1189 960 4 1 1 1644505809 23979 360000.000000 6 5
1214 899 1229 925 4 1 1 1644505809 23979 540000.000000 6 5
1254 864 1269 890 4 1 1 1644505809 23979 540000.000000 6 5
1174 934 1189 960 4 1 1 1644505809 23979 540000.000000 6 5
1214 899 1229 925 4 1 1 1644505809 23979 720000.000000 6 5
1254 864 1269 890 4 1 1 1644505809 23979 720000.000000 6 5
1174 934 1189 960 4 1 1 1644505809 23979 720000.000000 6 5
1214 899 1229 925 4 1 1 1644505809 23979 900000.000000 6 5
1254 864 1269 890 4 1 1 1644505809 23979 900000.000000 6 5
1174 934 1189 960 4 1 1 1644505809 23979 900000.000000 6 5
1214 899 1229 925 4 1 1 1644505810 314579 0.000000 6 5
1254 864 1269 890 4 1 1 1644505810 314579 0.000000 6 5
904 875 885 890 4 1 1 1644505812 592244 0.000000 6 7
884 840 865 855 4 1 1 1644505812 592244 0.000000 6 7
864 805 845 820 4 1 1 1644505814 89140 0.000000 6 7
904 875 885 890 4 1 1 1644505814 89140 0.000000 6 7
4 2 8 0 0 0 0
3 9
2 10
10 2 20 0 0 0 0
2 9
1 8
10 1 20 0 0 0 0
6 10
10 1 20 0 0 0 0
4 4
10 2 20 0 0 0 0
5 4
6 5
10 4 20 0 0 0 0
0 7
0 8
0 6
0 5
5
1 1008 781 1 0 1644505811 605464 0.000000 4
1 245 573 0 0 0 0 0.000000 0
1 1190 627 1 1 1644505802 903930 0.000000 1
1 1316 564 1 1 1644505806 573886 0.000000 4
1 379 384 0 0 0 0 0.000000 0
0 1 20 -1 -1 1
0 1 20 -1 -1 1
0 1 20 -1 -1 1
0 1 20 -1 -1 1
0 1 10 1 0 1
0
