arya                            
8 50 20 10
7 10 111 163 4 1 13
232 233 1 6 1 1
475 233 0 0 0 0
718 233 0 0 0 0
961 233 1 4 0 1
1204 233 1 1 0 1
1447 233 0 0 0 0
1690 233 1 11 1 1
111 303 0 0 0 0
354 303 1 6 0 1
597 303 1 0 0 0
840 303 0 0 0 0
1083 303 1 4 1 1
1326 303 1 1 1 1
1569 303 0 0 0 0
232 373 0 0 0 0
475 373 0 0 0 0
718 373 0 0 0 0
961 373 0 0 0 0
1204 373 1 1 0 1
1447 373 1 1 0 1
1690 373 1 7 0 1
111 443 0 0 0 0
354 443 0 0 0 0
597 443 0 0 0 0
840 443 0 0 0 0
1083 443 0 0 0 0
1326 443 1 1 0 1
1569 443 0 0 0 0
232 513 0 0 0 0
475 513 1 8 1 1
718 513 1 0 0 1
961 513 0 0 0 0
1204 513 1 2 0 1
1447 513 0 0 0 0
1690 513 1 7 1 1
111 583 1 10 1 1
354 583 0 0 0 0
597 583 0 0 0 0
840 583 1 0 0 1
1083 583 1 2 0 1
1326 583 1 2 0 1
1569 583 1 7 0 1
232 653 0 0 0 0
475 653 0 0 0 0
718 653 1 0 1 1
961 653 0 0 0 0
1204 653 1 2 1 1
1447 653 1 0 0 0
1690 653 0 0 0 0
111 723 0 0 0 0
354 723 1 5 0 1
597 723 0 0 0 0
840 723 1 0 0 1
1083 723 1 2 0 1
1326 723 0 0 0 0
1569 723 1 0 0 0
232 793 0 0 0 0
475 793 0 0 0 0
718 793 0 0 0 0
961 793 0 0 0 0
1204 793 1 2 0 1
1447 793 1 3 0 1
1690 793 0 0 0 0
111 863 0 0 0 0
354 863 1 5 1 1
597 863 1 9 1 1
840 863 1 0 0 0
1083 863 1 12 1 1
1326 863 1 3 1 1
1569 863 0 0 0 0
0 4 10 0 0 0 0
2 6
2 4
3 7
3 5
2 5 10 0 0 0 0
5 1
5 2
5 3
4 2
4 0
1 6 10 0 0 0 0
4 6
4 7
4 5
4 8
4 4
5 5
4 2 10 0 0 0 0
5 9
5 8
3 2 10 0 0 0 0
4 1
3 0
10 2 20 0 0 0 0
1 9
1 7
10 2 20 0 0 0 0
0 0
1 1
10 3 20 0 0 0 0
6 4
6 5
6 2
10 1 20 0 0 0 0
1 4
10 1 20 0 0 0 0
2 9
10 1 20 0 0 0 0
0 5
10 1 20 0 0 0 0
6 0
10 1 20 0 0 0 0
4 9
0
0 0 10 -1 1
0 1 10 -1 1
0 1 10 -1 1
0 1 10 -1 1
0 1 10 -1 1
0
