arya                            
8 50 20 10 0 1
7 11 96 48 4 1 13
181 97 1 2 0 1
352 97 0 0 0 0
523 97 1 8 1 1
694 97 0 0 0 0
865 97 0 0 0 0
1036 97 0 0 0 0
1207 97 0 0 0 0
96 147 1 2 1 1
267 147 0 0 0 0
438 147 1 8 0 1
609 147 0 0 0 0
780 147 1 0 0 1
951 147 1 0 0 0
1122 147 1 6 0 1
181 196 1 2 0 1
352 196 0 0 0 0
523 196 0 0 0 0
694 196 1 0 0 1
865 196 0 0 0 0
1036 196 0 0 0 0
1207 196 0 0 0 0
96 246 0 0 0 0
267 246 1 10 0 1
438 246 1 10 0 1
609 246 0 0 0 0
780 246 1 0 1 1
951 246 0 0 0 0
1122 246 1 6 1 1
181 295 0 0 0 0
352 295 1 10 1 1
523 295 0 0 0 0
694 295 1 0 0 1
865 295 0 0 0 0
1036 295 1 6 0 1
1207 295 1 6 0 1
96 345 0 0 0 0
267 345 1 10 0 1
438 345 0 0 0 0
609 345 1 3 0 1
780 345 1 0 0 1
951 345 1 12 1 1
1122 345 0 0 0 0
181 394 0 0 0 0
352 394 0 0 0 0
523 394 1 11 1 1
694 394 1 3 1 1
865 394 0 0 0 0
1036 394 1 12 0 1
1207 394 0 0 0 0
96 444 0 0 0 0
267 444 0 0 0 0
438 444 1 1 0 1
609 444 1 3 0 1
780 444 1 3 0 1
951 444 0 0 0 0
1122 444 1 7 0 1
181 493 0 0 0 0
352 493 0 0 0 0
523 493 0 0 0 0
694 493 0 0 0 0
865 493 1 5 0 1
1036 493 0 0 0 0
1207 493 1 7 0 1
96 543 1 4 1 1
267 543 1 0 0 0
438 543 1 1 1 1
609 543 0 0 0 0
780 543 1 9 1 1
951 543 1 5 1 1
1122 543 1 7 1 1
181 592 0 0 0 0
352 592 0 0 0 0
523 592 1 1 0 1
694 592 1 9 0 1
865 592 0 0 0 0
1036 592 1 5 0 1
1207 592 0 0 0 0
0 5 10 0 0 0 0
4 3
4 5
4 1
3 4
3 2
1 3 10 0 0 0 0
2 9
2 10
2 7
2 3 10 0 0 0 0
0 1
0 2
0 0
3 4 10 0 0 0 0
3 6
3 7
3 5
4 7
4 1 10 0 0 0 0
0 9
10 3 20 0 0 0 0
5 9
5 10
4 8
10 4 20 0 0 0 0
6 3
6 4
6 1
5 4
10 3 20 0 0 0 0
6 9
6 8
6 7
10 2 20 0 0 0 0
2 0
2 1
10 2 20 0 0 0 0
4 9
3 10
10 4 20 0 0 0 0
1 4
1 5
1 3
2 3
10 1 20 0 0 0 0
2 6
10 2 20 0 0 0 0
5 5
5 6
0
0 1 10 -1 -1 1
0 1 10 -1 -1 1
0 1 10 -1 -1 1
0 1 10 -1 -1 1
0 1 10 -1 -1 1
0
