arya                            
8 50 20 10
7 10 62 143 5 1 14
183 213 1 1 1 1
426 213 1 7 0 1
669 213 0 0 0 0
912 213 1 9 0 1
1155 213 1 2 1 1
1398 213 1 0 0 1
1641 213 0 0 0 0
62 283 1 1 1 1
305 283 1 7 1 1
548 283 0 0 0 0
791 283 0 5 0 0
1034 283 0 5 0 0
1277 283 1 2 0 1
1520 283 1 0 1 1
183 353 1 1 0 1
426 353 1 7 0 1
669 353 1 13 1 1
912 353 1 9 1 1
1155 353 1 2 0 1
1398 353 0 0 0 0
1641 353 0 7 1 0
62 423 1 1 0 1
305 423 0 6 0 0
548 423 0 0 0 0
791 423 1 3 0 1
1034 423 0 5 1 0
1277 423 1 4 1 1
1520 423 0 0 0 0
183 493 0 0 0 0
426 493 1 4 1 0
669 493 0 0 1 0
912 493 1 3 0 1
1155 493 0 5 0 0
1398 493 0 0 0 0
1641 493 0 0 0 0
62 563 1 10 0 1
305 563 1 10 0 1
548 563 0 0 0 0
791 563 1 3 1 1
1034 563 1 0 0 0
1277 563 0 6 0 0
1520 563 1 6 1 1
183 633 1 10 1 1
426 633 1 0 0 0
669 633 1 3 1 1
912 633 0 0 0 0
1155 633 0 5 1 0
1398 633 0 3 0 0
1641 633 0 3 0 0
62 703 0 1 0 0
305 703 0 1 1 0
548 703 0 2 0 0
791 703 1 3 0 1
1034 703 0 0 0 0
1277 703 0 5 0 0
1520 703 0 4 0 0
183 773 0 1 1 0
426 773 0 0 0 0
669 773 0 2 1 0
912 773 1 5 1 1
1155 773 1 12 1 1
1398 773 0 4 0 0
1641 773 0 4 0 0
62 843 1 11 1 1
305 843 0 1 0 0
548 843 1 8 1 1
791 843 1 5 0 1
1034 843 1 5 0 1
1277 843 1 12 0 1
1520 843 0 4 1 0
0 2 10 0 0 0
6 1
5 0
2 4 10 0 0 0
0 1
0 2
0 0
0 3
4 3 10 0 0 0
4 0
4 2
5 1
5 5 10 0 0 0
3 5
3 4
3 7
3 3
2 6
1 1 10 0 0 0
5 3
3 3 10 0 0 0
3 8
3 9
4 9
10 1 20 0 0 0
6 5
10 3 20 0 0 0
1 1
1 2
1 0
10 1 20 0 0 0
2 9
10 2 20 0 0 0
3 2
3 0
10 3 20 0 0 0
0 6
0 5
1 5
10 1 20 0 0 0
0 9
10 2 20 0 0 0
4 8
5 9
10 1 20 0 0 0
2 2
0
0 10 -1 1
0 10 -1 1
0 10 -1 1
0 10 -1 1
0 10 -1 1
0 10 -1 1
0
