arya                            
8 50 20 10 0 1
7 11 89 102 4 1 13
210 172 0 0 0 0
453 172 1 0 0 0
696 172 1 8 1 1
939 172 0 0 0 0
1182 172 1 0 0 1
1425 172 1 0 0 0
1668 172 1 0 0 0
89 242 1 4 1 1
332 242 0 0 0 0
575 242 0 0 0 0
818 242 1 8 0 1
1061 242 1 0 1 1
1304 242 1 0 0 0
1547 242 1 0 0 0
210 312 0 0 0 0
453 312 0 0 0 0
696 312 0 0 0 0
939 312 0 0 0 0
1182 312 0 0 0 0
1425 312 0 0 0 0
1668 312 1 0 0 0
89 382 1 4 0 1
332 382 1 10 1 1
575 382 1 5 1 1
818 382 0 0 0 0
1061 382 1 0 0 1
1304 382 0 0 0 0
1547 382 1 1 0 1
210 452 0 0 0 0
453 452 1 5 0 1
696 452 0 0 0 0
939 452 0 0 0 0
1182 452 0 0 0 0
1425 452 1 1 1 1
1668 452 0 0 0 0
89 522 1 12 1 1
332 522 0 0 0 0
575 522 0 0 0 0
818 522 1 0 0 0
1061 522 0 0 0 0
1304 522 0 0 0 0
1547 522 0 0 0 0
210 592 0 0 0 0
453 592 0 0 0 0
696 592 1 0 0 0
939 592 0 0 0 0
1182 592 0 0 0 0
1425 592 1 1 0 1
1668 592 0 0 0 0
89 662 0 0 0 0
332 662 1 3 1 1
575 662 1 9 0 1
818 662 1 0 0 0
1061 662 0 0 0 0
1304 662 0 0 0 0
1547 662 1 7 1 1
210 732 1 3 0 1
453 732 1 3 0 1
696 732 0 0 0 0
939 732 0 0 0 0
1182 732 0 0 0 0
1425 732 0 0 0 0
1668 732 0 0 0 0
89 802 0 0 0 0
332 802 0 0 0 0
575 802 1 9 1 1
818 802 1 2 0 1
1061 802 0 0 0 0
1304 802 1 11 1 1
1547 802 0 0 0 0
210 872 1 0 0 0
453 872 1 9 0 1
696 872 0 0 0 0
939 872 1 2 1 1
1182 872 1 11 0 1
1425 872 1 11 0 1
1668 872 1 6 1 1
0 3 10 0 0 0 0
4 1
4 0
4 3
2 3 10 0 0 0 0
5 4
5 6
6 3
4 2 10 0 0 0 0
3 10
3 9
1 3 10 0 0 0 0
1 7
1 8
0 8
3 2 10 0 0 0 0
0 1
0 3
10 2 20 0 0 0 0
2 3
1 4
10 1 20 0 0 0 0
6 10
10 1 20 0 0 0 0
6 7
10 2 20 0 0 0 0
2 0
3 1
10 3 20 0 0 0 0
2 9
2 7
1 10
10 1 20 0 0 0 0
1 3
10 3 20 0 0 0 0
5 9
5 10
4 10
10 1 20 0 0 0 0
0 5
0
0 1 10 -1 1
0 1 10 -1 1
0 1 10 -1 1
0 1 10 -1 1
0 1 10 -1 1
0
