arya                            
8 50 20 10 0 1
7 10 68 130 4 1 13
189 200 1 2 1 1
432 200 0 0 0 0
675 200 0 0 0 0
918 200 1 5 0 1
1161 200 0 0 0 0
1404 200 1 12 1 1
1647 200 1 7 1 1
68 270 1 2 0 1
311 270 1 2 0 1
554 270 0 0 0 0
797 270 1 5 1 1
1040 270 0 0 0 0
1283 270 1 3 0 1
1526 270 0 0 0 0
189 340 0 0 0 0
432 340 1 11 1 1
675 340 0 0 0 0
918 340 0 0 0 0
1161 340 1 3 1 1
1404 340 0 0 0 0
1647 340 0 0 0 0
68 410 0 0 0 0
311 410 0 0 0 0
554 410 0 0 0 0
797 410 0 0 0 0
1040 410 0 0 0 0
1283 410 0 0 0 0
1526 410 0 0 0 0
189 480 1 0 0 0
432 480 0 0 0 0
675 480 0 0 0 0
918 480 0 0 0 0
1161 480 1 3 0 1
1404 480 1 0 1 1
1647 480 1 0 0 0
68 550 1 8 0 1
311 550 0 0 0 0
554 550 0 0 0 0
797 550 0 0 0 0
1040 550 1 6 0 1
1283 550 0 0 0 0
1526 550 1 0 0 1
189 620 1 8 0 1
432 620 0 0 0 0
675 620 1 0 0 0
918 620 0 0 0 0
1161 620 1 6 1 1
1404 620 1 0 0 1
1647 620 0 0 0 0
68 690 1 8 1 1
311 690 0 0 0 0
554 690 0 0 0 0
797 690 1 10 0 1
1040 690 0 0 0 0
1283 690 0 0 0 0
1526 690 1 4 0 1
189 760 0 0 0 0
432 760 0 0 0 0
675 760 1 1 0 1
918 760 1 10 1 1
1161 760 1 6 0 1
1404 760 0 0 0 0
1647 760 0 0 0 0
68 830 0 0 0 0
311 830 1 9 1 1
554 830 1 1 1 1
797 830 1 10 0 1
1040 830 1 10 0 1
1283 830 0 0 0 0
1526 830 1 4 1 1
0 3 35 0 0 0 0
5 4
5 6
6 5
4 2 0 0 98 0 1
2 9
2 8
1231 439 1250 425 1 1 1 1644506641 468440 0.000000 1 3
1067 506 1222 390 1 1 1 1644506641 468440 0.000000 1 3
879 591 1194 355 1 1 1 1644506641 468440 0.000000 1 3
1231 439 1250 425 1 1 1 1644506641 468440 180000.000000 1 3
1203 404 1222 390 1 1 1 1644506641 468441 180000.000000 1 3
879 591 1194 355 1 1 1 1644506641 468441 180000.000000 1 3
1231 439 1250 425 1 1 1 1644506641 468441 360000.000000 1 3
1203 404 1222 390 1 1 1 1644506641 468441 360000.000000 1 3
879 591 1194 355 1 1 1 1644506641 468441 360000.000000 1 3
1231 439 1250 425 1 1 1 1644506641 468441 540000.000000 1 3
1203 404 1222 390 1 1 1 1644506641 468441 540000.000000 1 3
975 519 1194 355 1 1 1 1644506644 394796 0.000000 1 3
657 901 1250 425 1 1 1 1644506644 394796 0.000000 1 3
643 852 1222 390 1 1 1 1644506644 394796 0.000000 1 3
305 242 290 215 4 1 1 1644506644 834743 0.000000 1 2
225 312 210 285 4 1 1 1644506644 834743 0.000000 1 2
276 295 250 250 4 1 1 1644506644 834743 0.000000 1 2
305 242 290 215 4 1 1 1644506644 834743 180000.000000 1 2
1555 915 1587 915 4 1 1 1644506645 5311 0.000000 1 4
1555 880 1587 880 4 1 1 1644506645 5311 0.000000 1 4
1555 845 1587 845 4 1 1 1644506645 5311 0.000000 1 4
1555 915 1587 915 4 1 1 1644506645 39146 0.000000 1 4
1555 880 1587 880 4 1 1 1644506645 176155 0.000000 1 4
1555 845 1587 845 4 1 1 1644506645 176155 0.000000 1 4
1555 915 1587 915 4 1 1 1644506646 25313 0.000000 1 4
685 810 1222 390 4 1 1 1644506647 216214 0.000000 1 3
1175 369 1194 355 2 1 1 1644506647 928886 0.000000 1 3
1231 439 1250 425 2 1 1 1644506648 31371 0.000000 1 3
1203 404 1222 390 2 1 1 1644506648 100627 0.000000 1 3
1079 441 1194 355 2 1 1 1644506648 100628 0.000000 1 3
1231 439 1250 425 2 1 1 1644506649 17207 0.000000 1 3
1146 686 1222 670 2 1 1 1644506649 560926 0.000000 1 6
1044 681 1210 635 2 1 1 1644506649 560926 0.000000 1 6
1203 710 1234 705 2 1 1 1644506649 560926 0.000000 1 6
1191 675 1222 670 2 1 1 1644506649 730993 0.000000 1 6
1179 640 1210 635 2 1 1 1644506650 37059 0.000000 1 6
1203 710 1234 705 2 1 1 1644506650 37059 0.000000 1 6
1191 675 1222 670 2 1 1 1644506650 37059 0.000000 1 6
1179 640 1210 635 2 1 1 1644506651 23241 0.000000 1 6
933 796 1234 705 2 1 1 1644506651 23242 0.000000 1 6
1191 675 1222 670 2 1 1 1644506651 23242 0.000000 1 6
1179 640 1210 635 2 1 1 1644506652 43378 0.000000 1 6
789 844 1234 705 2 1 1 1644506652 43379 0.000000 1 6
1191 675 1222 670 2 1 1 1644506652 43379 0.000000 1 6
1179 640 1210 635 4 1 1 1644506652 654980 0.000000 1 6
1203 710 1234 705 4 1 1 1644506652 654981 0.000000 1 6
1191 675 1222 670 4 1 1 1644506652 654986 0.000000 1 6
1179 640 1210 635 4 1 1 1644506653 28791 0.000000 1 6
1203 710 1234 705 4 1 1 1644506653 28791 0.000000 1 6
1191 675 1222 670 4 1 1 1644506653 28791 0.000000 1 6
1179 640 1210 635 4 1 1 1644506654 15027 0.000000 1 6
1203 710 1234 705 4 1 1 1644506654 15027 0.000000 1 6
1191 675 1222 670 4 1 1 1644506654 15027 0.000000 1 6
1179 640 1210 635 4 1 1 1644506654 627634 0.000000 1 6
1203 710 1234 705 4 1 1 1644506654 797149 0.000000 1 6
1191 675 1222 670 4 1 1 1644506655 35195 0.000000 1 6
1179 640 1210 635 4 1 1 1644506655 35196 0.000000 1 6
1203 710 1234 705 4 1 1 1644506655 35196 0.000000 1 6
1191 675 1222 670 4 1 1 1644506655 240012 0.000000 1 6
1179 640 1210 635 4 1 1 1644506655 240013 0.000000 1 6
1203 710 1234 705 4 1 1 1644506655 240013 0.000000 1 6
1191 675 1222 670 4 1 1 1644506656 21277 0.000000 1 6
819 756 1210 635 4 1 1 1644506656 21277 0.000000 1 6
1203 710 1234 705 4 1 1 1644506656 21277 0.000000 1 6
1191 675 1222 670 4 1 1 1644506657 41409 0.000000 1 6
1179 640 1210 635 4 1 1 1644506657 41409 0.000000 1 6
1203 710 1234 705 4 1 1 1644506657 41410 0.000000 1 6
1191 675 1222 670 2 1 1 1644506657 653332 0.000000 1 6
1179 640 1210 635 2 1 1 1644506657 653333 0.000000 1 6
1203 710 1234 705 2 1 1 1644506657 653333 0.000000 1 6
1191 675 1222 670 2 1 1 1644506657 822747 0.000000 1 6
1179 640 1210 635 2 1 1 1644506658 28001 0.000000 1 6
1203 710 1234 705 2 1 1 1644506658 28001 0.000000 1 6
1191 675 1222 670 2 1 1 1644506658 28001 0.000000 1 6
954 711 1210 635 2 1 1 1644506659 13139 0.000000 1 6
1203 710 1234 705 2 1 1 1644506659 13140 0.000000 1 6
1191 675 1222 670 2 1 1 1644506659 13140 0.000000 1 6
810 759 1210 635 2 1 1 1644506660 35291 0.000000 1 6
924 799 1234 705 2 1 1 1644506660 35292 0.000000 1 6
1191 675 1222 670 2 1 1 1644506660 35292 0.000000 1 6
810 759 1210 635 2 1 1 1644506661 19058 0.000000 1 6
780 847 1234 705 2 1 1 1644506661 19058 0.000000 1 6
804 800 1222 670 2 1 1 1644506661 19058 0.000000 1 6
666 817 1210 635 2 1 1 1644506662 39795 0.000000 1 6
636 911 1234 705 2 1 1 1644506662 39795 0.000000 1 6
651 864 1222 670 2 1 1 1644506662 39795 0.000000 1 6
630 833 1210 635 2 1 1 1644506663 24655 0.000000 1 6
645 907 1234 705 2 1 1 1644506663 24655 0.000000 1 6
642 868 1222 670 2 1 1 1644506663 24655 0.000000 1 6
1026 687 1210 635 4 1 1 1644506663 399934 0.000000 1 6
1050 757 1234 705 4 1 1 1644506663 399934 0.000000 1 6
1038 722 1222 670 4 1 1 1644506663 399934 0.000000 1 6
990 699 1210 635 4 1 1 1644506664 44768 0.000000 1 6
1014 769 1234 705 4 1 1 1644506664 44769 0.000000 1 6
1002 734 1222 670 4 1 1 1644506664 44769 0.000000 1 6
837 750 1210 635 4 0 1 1644506665 31275 0.000000 1 6
861 820 1234 705 4 0 1 1644506665 31275 0.000000 1 6
849 785 1222 670 4 0 1 1644506665 31275 0.000000 1 6
2 3 0 0 65 0 1
0 0
0 1
1 1
1154 412 1217 425 2 1 1 1644506641 468441 0.000000 2 3
1195 384 1222 390 2 1 1 1644506641 468441 0.000000 2 3
1200 349 1227 355 2 1 1 1644506641 468441 0.000000 2 3
1181 417 1217 425 2 1 1 1644506641 468441 180000.000000 2 3
1195 384 1222 390 2 1 1 1644506641 468446 180000.000000 2 3
1200 349 1227 355 2 1 1 1644506641 468446 180000.000000 2 3
1190 419 1217 425 2 1 1 1644506641 468446 360000.000000 2 3
1195 384 1222 390 2 1 1 1644506641 468446 360000.000000 2 3
1200 349 1227 355 2 1 1 1644506641 468446 360000.000000 2 3
1190 419 1217 425 2 1 1 1644506641 468446 540000.000000 2 3
1195 384 1222 390 2 1 1 1644506641 468446 540000.000000 2 3
1200 349 1227 355 2 1 1 1644506645 39147 0.000000 2 3
1190 419 1217 425 2 1 1 1644506645 39147 0.000000 2 3
1195 384 1222 390 2 1 1 1644506645 39147 0.000000 2 3
1200 349 1227 355 2 1 1 1644506645 39147 180000.000000 2 3
1190 419 1217 425 2 1 1 1644506646 25312 0.000000 2 3
250 250 1222 390 2 1 1 1644506647 11621 0.000000 2 3
1155 340 1227 355 4 1 1 1644506647 216215 0.000000 2 3
1055 392 1217 425 4 1 1 1644506647 216215 0.000000 2 3
1071 630 1587 880 4 1 1 1644506647 962814 0.000000 2 4
1153 627 1603 845 4 1 1 1644506648 31371 0.000000 2 4
1418 841 1571 915 4 1 1 1644506649 17208 0.000000 2 4
602 858 615 880 4 1 1 1644506650 71332 0.000000 2 1
642 823 655 845 4 1 1 1644506650 71333 0.000000 2 1
562 893 575 915 4 1 1 1644506650 71333 0.000000 2 1
602 858 615 880 4 1 1 1644506652 43380 0.000000 2 1
642 823 655 845 4 1 1 1644506652 43380 0.000000 2 1
562 893 575 915 4 1 1 1644506652 43380 0.000000 2 1
602 858 615 880 4 1 1 1644506652 43380 180000.000000 2 1
347 251 1603 845 4 1 1 1644506653 28792 0.000000 2 4
351 337 1571 915 4 1 1 1644506653 28792 0.000000 2 4
331 286 1587 880 4 1 1 1644506653 28792 0.000000 2 4
284 223 1603 845 4 1 1 1644506654 15028 0.000000 2 4
1542 901 1571 915 4 1 1 1644506654 15028 0.000000 2 4
268 258 1587 880 4 1 1 1644506654 15028 0.000000 2 4
642 823 655 845 2 1 1 1644506655 69332 0.000000 2 1
562 893 575 915 2 1 1 1644506655 69333 0.000000 2 1
602 858 615 880 2 1 1 1644506655 69333 0.000000 2 1
642 823 655 845 2 1 1 1644506655 69333 180000.000000 2 1
1091 399 1217 425 2 1 1 1644506656 21278 0.000000 2 3
1195 384 1222 390 2 1 1 1644506658 61294 0.000000 2 3
1200 349 1227 355 2 1 1 1644506658 61294 0.000000 2 3
614 326 1217 425 2 1 1 1644506658 61295 0.000000 2 3
1195 384 1222 390 2 1 1 1644506658 61295 180000.000000 2 3
391 265 1237 635 2 1 1 1644506659 828694 0.000000 2 6
334 324 1207 705 2 1 1 1644506659 828694 0.000000 2 6
349 289 1222 670 2 1 1 1644506659 828695 0.000000 2 6
454 293 1237 635 2 1 1 1644506660 35293 0.000000 2 6
334 324 1207 705 2 1 1 1644506660 35293 0.000000 2 6
349 289 1222 670 2 1 1 1644506660 35293 0.000000 2 6
1210 623 1237 635 2 1 1 1644506661 190212 0.000000 2 6
262 294 1207 705 2 1 1 1644506661 190212 0.000000 2 6
277 259 1222 670 2 1 1 1644506661 190212 0.000000 2 6
1210 623 1237 635 2 1 1 1644506662 39796 0.000000 2 6
1180 693 1207 705 2 1 1 1644506662 39796 0.000000 2 6
1195 658 1222 670 2 1 1 1644506662 39796 0.000000 2 6
1100 215 1708 215 2 0 1 1644506663 24657 0.000000 2 7
1100 285 1708 285 2 0 1 1644506663 24657 0.000000 2 7
1100 250 1708 250 2 0 1 1644506663 24657 0.000000 2 7
800 215 1465 215 2 0 1 1644506664 44769 0.000000 2 12
800 285 1465 285 2 0 1 1644506664 44769 0.000000 2 12
800 250 1465 250 2 0 1 1644506664 44769 0.000000 2 12
510 215 1465 215 2 0 1 1644506665 31275 0.000000 2 12
510 285 1465 285 2 0 1 1644506665 31275 0.000000 2 12
510 250 1465 250 2 0 1 1644506665 31276 0.000000 2 12
2 3 0 0 84 0 0
4 2
4 4
5 1
853 539 140 775 3 1 1 1644506641 468439 0.000000 3 8
157 724 129 740 3 1 1 1644506641 468439 0.000000 3 8
146 689 118 705 3 1 1 1644506641 468439 0.000000 3 8
853 539 140 775 3 1 1 1644506641 468439 180000.000000 3 8
157 724 129 740 3 1 1 1644506641 468439 180000.000000 3 8
146 689 118 705 3 1 1 1644506641 468439 180000.000000 3 8
853 539 140 775 3 1 1 1644506641 468439 360000.000000 3 8
157 724 129 740 3 1 1 1644506641 468439 360000.000000 3 8
146 689 118 705 3 1 1 1644506641 468439 360000.000000 3 8
168 759 140 775 3 1 1 1644506641 468439 540000.000000 3 8
157 724 129 740 3 1 1 1644506641 468439 540000.000000 3 8
146 689 118 705 3 1 1 1644506642 12938 0.000000 3 8
1103 464 140 775 3 1 1 1644506643 33585 0.000000 3 8
1572 860 1587 880 1 1 1 1644506644 869066 0.000000 3 4
1450 609 1627 845 1 1 1 1644506644 869066 0.000000 3 4
1182 425 1547 915 1 1 1 1644506644 869066 0.000000 3 4
1237 414 1587 880 1 1 1 1644506644 869066 180000.000000 3 4
1018 487 587 845 2 1 1 1644506645 380071 0.000000 3 1
663 892 643 915 2 1 1 1644506645 380071 0.000000 3 1
719 773 615 880 2 1 1 1644506645 380071 0.000000 3 1
607 822 587 845 2 1 1 1644506645 380071 180000.000000 3 1
994 617 643 915 2 1 1 1644506645 380071 180000.000000 3 1
635 857 615 880 2 1 1 1644506645 380071 180000.000000 3 1
607 822 587 845 2 1 1 1644506647 11621 0.000000 3 1
663 892 643 915 2 1 1 1644506647 11621 0.000000 3 1
635 857 615 880 2 1 1 1644506647 11621 0.000000 3 1
607 822 587 845 2 1 1 1644506647 11621 180000.000000 3 1
387 299 245 285 2 1 1 1644506650 513320 0.000000 3 2
402 265 250 250 2 1 1 1644506650 513320 0.000000 3 2
1207 351 255 215 2 1 1 1644506650 513320 0.000000 3 2
397 300 245 285 2 1 1 1644506650 513320 180000.000000 3 2
332 258 250 250 2 1 1 1644506651 23243 0.000000 3 2
287 218 255 215 2 1 1 1644506651 23243 0.000000 3 2
317 292 245 285 2 1 1 1644506651 23243 0.000000 3 2
282 253 250 250 2 1 1 1644506651 23243 180000.000000 3 2
287 218 255 215 2 1 1 1644506651 23243 180000.000000 3 2
1466 807 1547 915 2 1 1 1644506652 77168 0.000000 3 4
1572 860 1587 880 2 1 1 1644506652 77168 0.000000 3 4
1612 825 1627 845 2 1 1 1644506652 77168 0.000000 3 4
1532 895 1547 915 2 1 1 1644506652 77169 180000.000000 3 4
282 253 250 250 2 1 1 1644506654 48897 0.000000 3 2
287 218 255 215 2 1 1 1644506654 48897 0.000000 3 2
277 288 245 285 2 1 1 1644506654 48897 0.000000 3 2
282 253 250 250 2 1 1 1644506654 48897 180000.000000 3 2
287 218 255 215 2 1 1 1644506654 48897 180000.000000 3 2
277 288 245 285 2 1 1 1644506654 48897 180000.000000 3 2
806 702 615 880 2 1 1 1644506655 69333 0.000000 3 1
1612 825 1627 845 4 1 1 1644506657 7449 0.000000 3 4
1532 895 1547 915 4 1 1 1644506657 7449 0.000000 3 4
1572 860 1587 880 4 1 1 1644506657 41411 0.000000 3 4
1612 825 1627 845 4 1 1 1644506657 41411 0.000000 3 4
1532 895 1547 915 4 1 1 1644506657 41411 0.000000 3 4
1572 860 1587 880 4 1 1 1644506657 177707 0.000000 3 4
1612 825 1627 845 4 1 1 1644506657 177708 0.000000 3 4
1532 895 1547 915 4 1 1 1644506657 177708 0.000000 3 4
1572 860 1587 880 4 1 1 1644506658 28003 0.000000 3 4
1612 825 1627 845 4 1 1 1644506658 28004 0.000000 3 4
1532 895 1547 915 4 1 1 1644506658 28004 0.000000 3 4
806 702 615 880 4 1 1 1644506659 13142 0.000000 3 1
1146 391 587 845 4 1 1 1644506659 13142 0.000000 3 1
946 653 643 915 4 1 1 1644506659 13142 0.000000 3 1
806 702 615 880 4 1 1 1644506660 35294 0.000000 3 1
670 759 587 845 4 1 1 1644506660 35294 0.000000 3 1
1186 473 643 915 4 1 1 1644506660 35294 0.000000 3 1
1222 410 1222 670 4 1 1 1644506660 679118 0.000000 3 6
1182 410 1182 670 4 1 1 1644506660 679118 0.000000 3 6
1262 640 1262 670 4 1 1 1644506661 19065 0.000000 3 6
1222 640 1222 670 4 1 1 1644506661 19065 0.000000 3 6
1182 530 1182 670 4 1 1 1644506661 19065 0.000000 3 6
1262 640 1262 670 2 1 1 1644506661 631652 0.000000 3 6
1222 640 1222 670 2 1 1 1644506661 631653 0.000000 3 6
1182 640 1182 670 2 1 1 1644506661 800732 0.000000 3 6
1262 640 1262 670 2 1 1 1644506662 39796 0.000000 3 6
1222 640 1222 670 2 1 1 1644506662 39796 0.000000 3 6
1182 640 1182 670 2 1 1 1644506662 39796 0.000000 3 6
1691 287 1718 285 2 1 1 1644506663 24657 0.000000 3 7
1681 252 1708 250 2 1 1 1644506663 24657 0.000000 3 7
1671 217 1698 215 2 1 1 1644506663 24657 0.000000 3 7
1262 640 1262 670 2 1 1 1644506664 44770 0.000000 3 6
1222 640 1222 670 2 1 1 1644506664 44770 0.000000 3 6
1182 640 1182 670 2 1 1 1644506664 44770 0.000000 3 6
1466 347 1718 285 2 0 1 1644506665 31276 0.000000 3 7
1456 312 1708 250 2 0 1 1644506665 31277 0.000000 3 7
1446 277 1698 215 2 0 1 1644506665 31277 0.000000 3 7
2 2 0 0 70 0 0
6 9
6 7
707 915 615 915 4 1 1 1644506641 468447 0.000000 4 1
647 880 615 880 4 1 1 1644506641 468447 0.000000 4 1
697 845 615 845 4 1 1 1644506641 468447 0.000000 4 1
647 915 615 915 4 1 1 1644506641 468447 180000.000000 4 1
647 880 615 880 4 1 1 1644506641 468447 180000.000000 4 1
647 845 615 845 4 1 1 1644506641 468447 180000.000000 4 1
647 915 615 915 4 1 1 1644506641 468447 360000.000000 4 1
647 880 615 880 4 1 1 1644506641 468447 360000.000000 4 1
647 845 615 845 4 1 1 1644506641 468447 360000.000000 4 1
647 915 615 915 4 1 1 1644506641 468447 540000.000000 4 1
647 880 615 880 4 1 1 1644506641 468447 540000.000000 4 1
293 227 266 215 4 1 1 1644506644 834743 0.000000 4 2
1041 650 234 285 4 1 1 1644506644 834743 0.000000 4 2
277 262 250 250 4 1 1 1644506644 834744 0.000000 4 2
1487 655 1262 355 4 1 1 1644506645 176156 0.000000 4 3
1197 445 1182 425 4 1 1 1644506647 216215 0.000000 4 3
827 880 615 880 4 1 1 1644506650 71333 0.000000 4 1
967 845 615 845 4 1 1 1644506650 71333 0.000000 4 1
154 775 126 775 4 1 1 1644506651 23242 0.000000 4 8
647 880 615 880 4 1 1 1644506652 43380 0.000000 4 1
647 845 615 845 4 1 1 1644506652 43380 0.000000 4 1
647 915 615 915 4 1 1 1644506652 43380 0.000000 4 1
1237 410 1222 390 4 1 1 1644506655 35197 0.000000 4 3
1277 375 1262 355 4 1 1 1644506655 35197 0.000000 4 3
1197 445 1182 425 4 1 1 1644506655 35197 0.000000 4 3
1237 410 1222 390 4 1 1 1644506655 35197 180000.000000 4 3
1277 375 1262 355 4 1 1 1644506655 35197 180000.000000 4 3
1197 445 1182 425 4 1 1 1644506655 35197 180000.000000 4 3
327 283 250 250 4 1 1 1644506657 7449 0.000000 4 2
503 318 266 215 4 1 1 1644506657 7449 0.000000 4 2
311 318 234 285 4 1 1 1644506657 7449 0.000000 4 2
1245 683 1222 670 4 1 1 1644506657 41411 0.000000 4 6
1265 648 1242 635 4 1 1 1644506657 41411 0.000000 4 6
1225 718 1202 705 4 1 1 1644506657 41411 0.000000 4 6
1245 683 1222 670 4 1 1 1644506658 28004 0.000000 4 6
1265 648 1242 635 4 1 1 1644506658 28004 0.000000 4 6
1225 718 1202 705 4 1 1 1644506658 28004 0.000000 4 6
827 880 615 880 4 1 1 1644506659 13142 0.000000 4 1
957 845 615 845 4 1 1 1644506659 13142 0.000000 4 1
687 915 615 915 4 1 1 1644506659 13142 0.000000 4 1
707 880 615 880 4 1 1 1644506659 13142 180000.000000 4 1
837 845 615 845 4 1 1 1644506659 13142 180000.000000 4 1
1225 718 1202 705 4 1 1 1644506659 47343 0.000000 4 6
1272 699 1222 670 4 1 1 1644506659 47343 0.000000 4 6
1310 674 1242 635 4 1 1 1644506659 47343 0.000000 4 6
1225 718 1202 705 4 1 1 1644506659 184565 0.000000 4 6
1245 683 1222 670 4 1 1 1644506659 184565 0.000000 4 6
1265 648 1242 635 4 1 1 1644506659 184565 0.000000 4 6
1225 718 1202 705 4 1 1 1644506659 252890 0.000000 4 6
697 880 615 880 4 1 1 1644506660 35294 0.000000 4 1
687 845 615 845 4 1 1 1644506660 35300 0.000000 4 1
677 915 615 915 4 1 1 1644506660 35300 0.000000 4 1
647 880 615 880 4 1 1 1644506660 35300 180000.000000 4 1
647 845 615 845 4 1 1 1644506660 35300 180000.000000 4 1
647 915 615 915 4 1 1 1644506660 35300 180000.000000 4 1
1290 709 1222 670 4 1 1 1644506661 19065 0.000000 4 6
1310 674 1242 635 4 1 1 1644506661 19065 0.000000 4 6
1270 744 1202 705 4 1 1 1644506661 19065 0.000000 4 6
1507 880 615 880 4 1 1 1644506663 58760 0.000000 4 1
1517 845 615 845 4 1 1 1644506663 58760 0.000000 4 1
747 915 615 915 4 0 1 1644506663 58760 0.000000 4 1
797 880 615 880 4 0 1 1644506663 58760 180000.000000 4 1
1437 845 615 845 4 1 1 1644506663 58760 180000.000000 4 1
797 915 615 915 4 0 1 1644506663 58760 180000.000000 4 1
1245 683 1222 670 2 1 1 1644506664 520497 0.000000 4 6
1265 648 1242 635 2 1 1 1644506664 520497 0.000000 4 6
1243 728 1202 705 2 0 1 1644506664 690873 0.000000 4 6
1631 620 1708 250 2 0 1 1644506665 31277 0.000000 4 7
1591 585 1668 215 2 0 1 1644506665 31277 0.000000 4 7
1671 655 1748 285 2 0 1 1644506665 31277 0.000000 4 7
10 2 20 0 0 0 0
3 1
3 0
2 3 2 0 61 0 1
4 6
4 5
4 8
387 351 235 285 4 1 1 1644506657 416531 0.000000 6 2
402 316 250 250 4 1 1 1644506657 416532 0.000000 6 2
637 377 265 215 4 1 1 1644506657 416532 0.000000 6 2
387 351 235 285 4 1 1 1644506657 416532 180000.000000 6 2
402 316 250 250 4 1 1 1644506657 416532 180000.000000 6 2
437 290 265 215 4 1 1 1644506657 416532 180000.000000 6 2
1716 301 1738 285 4 1 1 1644506658 28002 0.000000 6 7
1686 266 1708 250 4 1 1 1644506658 28002 0.000000 6 7
1656 231 1678 215 4 1 1 1644506658 28002 0.000000 6 7
1716 301 1738 285 4 1 1 1644506658 333951 0.000000 6 7
1686 266 1708 250 4 1 1 1644506658 333952 0.000000 6 7
1656 231 1678 215 4 1 1 1644506658 333952 0.000000 6 7
1716 301 1738 285 4 1 1 1644506659 13140 0.000000 6 7
1686 266 1708 250 4 1 1 1644506659 13140 0.000000 6 7
1656 231 1678 215 4 1 1 1644506659 13140 0.000000 6 7
1716 301 1738 285 4 1 1 1644506659 218068 0.000000 6 7
1686 266 1708 250 4 1 1 1644506659 319782 0.000000 6 7
1656 231 1678 215 4 1 1 1644506659 319782 0.000000 6 7
1716 301 1738 285 4 1 1 1644506659 319783 0.000000 6 7
1222 420 1222 390 2 1 1 1644506659 828695 0.000000 6 3
1182 530 1182 390 2 1 1 1644506659 828695 0.000000 6 3
1262 420 1262 390 2 1 1 1644506659 828695 0.000000 6 3
1222 460 1222 390 2 1 1 1644506660 35293 0.000000 6 3
1182 460 1182 390 2 1 1 1644506660 35293 0.000000 6 3
1262 640 1262 390 2 1 1 1644506660 35293 0.000000 6 3
1222 670 1222 390 2 1 1 1644506660 35293 180000.000000 6 3
1656 231 1678 215 4 1 1 1644506660 475144 0.000000 6 7
1716 301 1738 285 4 1 1 1644506660 542847 0.000000 6 7
1264 628 1708 250 4 1 1 1644506661 19058 0.000000 6 7
1656 231 1678 215 4 1 1 1644506661 19059 0.000000 6 7
1716 301 1738 285 4 1 1 1644506661 19059 0.000000 6 7
1222 670 1222 390 2 1 1 1644506661 190212 0.000000 6 3
1182 580 1182 390 2 1 1 1644506661 190212 0.000000 6 3
1226 718 1567 915 2 1 1 1644506662 39797 0.000000 6 4
1246 683 1587 880 2 1 1 1644506662 39797 0.000000 6 4
1266 648 1607 845 2 1 1 1644506662 39797 0.000000 6 4
1458 852 1567 915 2 1 1 1644506662 39797 180000.000000 6 4
1470 812 1587 880 2 1 1 1644506662 39797 180000.000000 6 4
1586 833 1607 845 2 1 1 1644506662 888716 0.000000 6 4
1394 815 1567 915 2 1 1 1644506662 888717 0.000000 6 4
1566 868 1587 880 2 1 1 1644506662 888717 0.000000 6 4
1586 833 1607 845 2 1 1 1644506662 888717 180000.000000 6 4
1546 903 1567 915 2 1 1 1644506662 888717 180000.000000 6 4
1566 868 1587 880 2 1 1 1644506662 888717 180000.000000 6 4
1586 833 1607 845 2 1 1 1644506662 888717 360000.000000 6 4
1716 301 1738 285 2 1 1 1644506663 24657 0.000000 6 7
1686 266 1708 250 2 1 1 1644506663 24657 0.000000 6 7
1656 231 1678 215 2 1 1 1644506663 24657 0.000000 6 7
1104 744 627 915 2 1 1 1644506664 520497 0.000000 6 1
1092 709 615 880 2 1 1 1644506664 520497 0.000000 6 1
1080 674 603 845 2 1 1 1644506664 520497 0.000000 6 1
1064 756 627 915 2 1 1 1644506664 894745 0.000000 6 1
1052 721 615 880 2 1 1 1644506664 894746 0.000000 6 1
1040 686 603 845 2 1 1 1644506664 894746 0.000000 6 1
984 780 627 915 2 0 1 1644506664 894746 180000.000000 6 1
962 748 615 880 2 0 1 1644506665 31277 0.000000 6 1
950 713 603 845 2 0 1 1644506665 31277 0.000000 6 1
974 783 627 915 2 0 1 1644506665 31277 0.000000 6 1
1132 697 615 880 2 0 1 1644506665 609352 0.000000 6 1
1120 662 603 845 2 0 1 1644506665 609352 0.000000 6 1
1144 732 627 915 2 0 1 1644506665 609352 0.000000 6 1
2 1 0 0 3 0 0
6 0
1647 329 635 915 2 0 1 1644506665 609352 0.000000 7 1
1627 294 615 880 2 0 1 1644506665 609352 0.000000 7 1
1607 259 595 845 2 0 1 1644506665 609353 0.000000 7 1
10 3 10 0 0 0 0
0 7
0 6
0 5
10 1 20 0 0 0 0
1 9
10 4 20 0 0 0 0
3 8
3 9
3 7
4 9
10 1 20 0 0 0 0
1 2
10 1 20 0 0 0 1
5 0
15
3 1620 309 0 0 0 0 0.000000 0
3 1068 742 1 0 1644506661 596530 0.000000 2
3 642 559 1 1 1644506643 271820 0.000000 3
3 1082 702 0 0 0 0 0.000000 0
3 778 731 1 1 1644506649 764847 0.000000 2
3 1105 721 0 0 0 0 0.000000 0
3 1003 808 1 1 1644506651 873185 0.000000 4
3 420 668 1 1 1644506656 530667 0.000000 2
3 1630 301 0 0 0 0 0.000000 0
3 736 822 1 0 1644506662 5109 0.000000 4
3 1168 648 1 1 1644506656 938899 0.000000 4
3 550 819 0 0 0 0 0.000000 0
3 1185 234 0 0 0 0 0.000000 0
3 1404 339 0 0 0 0 0.000000 0
3 522 598 0 0 0 0 0.000000 0
0 1 10 -1 -1 1
0 1 10 -1 -1 1
0 1 10 -1 1 3
0 1 10 -1 -1 1
0 1 10 -1 9 3
0
