arya                            
8 50 20 10
7 11 130 92 1 1 10
251 162 0 0 0 0
494 162 1 3 0 1
737 162 1 0 0 0
980 162 1 4 1 1
1223 162 0 0 0 0
1466 162 0 0 0 0
1709 162 1 5 0 1
130 232 1 6 0 1
373 232 1 3 0 1
616 232 1 3 0 1
859 232 0 0 0 0
1102 232 1 4 0 1
1345 232 0 0 0 0
1588 232 1 5 1 1
251 302 1 6 1 1
494 302 1 3 1 1
737 302 1 0 0 0
980 302 1 4 0 1
1223 302 0 0 0 0
1466 302 0 0 0 0
1709 302 0 0 0 0
130 372 0 0 0 0
373 372 1 3 0 1
616 372 1 3 0 1
859 372 1 2 0 1
1102 372 1 1 0 1
1345 372 0 0 0 0
1588 372 0 0 0 0
251 442 0 0 0 0
494 442 0 0 0 0
737 442 0 0 0 0
980 442 0 0 0 0
1223 442 1 1 0 1
1466 442 0 0 0 0
1709 442 0 0 0 0
130 512 0 0 0 0
373 512 0 0 0 0
616 512 1 0 0 0
859 512 1 2 1 1
1102 512 1 1 1 1
1345 512 0 0 0 0
1588 512 1 7 1 1
251 582 0 0 0 0
494 582 0 0 0 0
737 582 0 0 0 0
980 582 0 0 0 0
1223 582 0 0 0 0
1466 582 0 0 0 0
1709 582 1 7 0 1
130 652 0 0 0 0
373 652 0 0 0 0
616 652 1 0 0 0
859 652 1 2 0 1
1102 652 1 0 0 1
1345 652 0 0 0 0
1588 652 0 0 0 0
251 722 0 0 0 0
494 722 0 0 0 0
737 722 0 0 0 0
980 722 0 0 0 0
1223 722 1 0 0 1
1466 722 1 9 1 1
1709 722 0 0 0 0
130 792 0 0 0 0
373 792 1 0 0 0
616 792 0 0 0 0
859 792 0 0 0 0
1102 792 1 0 1 1
1345 792 0 0 0 0
1588 792 0 0 0 0
251 862 1 0 0 0
494 862 0 0 0 0
737 862 1 8 1 1
980 862 1 0 0 1
1223 862 1 0 0 1
1466 862 0 0 0 0
1709 862 1 0 0 0
0 5 10 0 0 0
4 9
4 10
4 8
4 7
3 10
2 3 10 0 0 0
4 5
4 4
4 3
10 3 20 0 0 0
3 5
3 7
3 3
10 6 20 0 0 0
1 2
1 3
1 1
1 0
2 3
2 1
10 3 20 0 0 0
3 0
3 2
4 1
10 2 20 0 0 0
6 1
6 0
10 2 20 0 0 0
0 2
0 1
10 2 20 0 0 0
6 5
6 6
10 1 20 0 0 0
2 10
10 1 20 0 0 0
5 8
0
0 10 -1 1
0 10 -1 1
0
