arya                            
8 50 20 10
7 10 27 125 4 1 13
148 195 0 0 0 0
391 195 1 2 0 1
634 195 1 7 0 1
877 195 1 12 1 1
1120 195 1 9 0 1
1363 195 0 0 0 0
1606 195 0 0 0 0
27 265 0 0 0 0
270 265 1 2 1 1
513 265 1 7 1 1
756 265 0 0 0 0
999 265 0 0 0 0
1242 265 1 9 1 1
1485 265 0 0 0 0
148 335 0 0 0 0
391 335 1 2 0 1
634 335 0 0 0 0
877 335 1 12 0 1
1120 335 1 8 0 1
1363 335 1 9 0 1
1606 335 0 0 0 0
27 405 0 0 0 0
270 405 0 0 0 0
513 405 1 7 0 1
756 405 0 0 0 0
999 405 0 0 0 0
1242 405 0 0 0 0
1485 405 0 0 0 0
148 475 1 0 1 1
391 475 0 0 0 0
634 475 1 0 0 0
877 475 0 0 0 0
1120 475 1 8 1 1
1363 475 0 0 0 0
1606 475 1 6 0 1
27 545 1 0 0 1
270 545 0 0 0 0
513 545 1 11 0 1
756 545 1 0 0 0
999 545 1 8 0 1
1242 545 0 0 0 0
1485 545 1 6 0 1
148 615 1 0 0 1
391 615 1 4 0 1
634 615 0 0 0 0
877 615 0 0 0 0
1120 615 0 0 0 0
1363 615 0 0 0 0
1606 615 1 6 1 1
27 685 1 3 1 1
270 685 1 4 1 1
513 685 1 11 1 1
756 685 0 0 0 0
999 685 1 10 1 1
1242 685 1 1 0 1
1485 685 0 0 0 0
148 755 1 3 0 1
391 755 1 4 0 1
634 755 0 0 0 0
877 755 1 10 0 1
1120 755 1 1 0 1
1363 755 1 1 0 1
1606 755 1 5 0 1
27 825 1 3 0 1
270 825 0 0 0 0
513 825 0 0 0 0
756 825 0 0 0 0
999 825 0 0 0 0
1242 825 1 1 1 1
1485 825 1 5 1 1
0 3 10 0 0 0 0
0 4
0 5
0 6
2 4 10 0 0 0 0
5 9
5 8
5 7
4 8
3 3 10 0 0 0 0
1 1
1 2
1 0
1 3 10 0 0 0 0
0 7
0 8
0 9
4 3 10 0 0 0 0
1 7
1 8
1 6
10 2 20 0 0 0 0
6 9
6 8
10 3 20 0 0 0 0
6 6
6 5
6 4
10 3 20 0 0 0 0
2 1
2 0
2 3
10 3 20 0 0 0 0
4 4
4 5
4 2
10 3 20 0 0 0 0
5 1
5 2
4 0
10 2 20 0 0 0 0
4 7
3 8
10 2 20 0 0 0 0
2 7
2 5
10 2 20 0 0 0 0
3 0
3 2
0
0 0 10 -1 1
0 1 10 -1 1
0 1 10 -1 1
0 1 10 -1 1
0 1 10 -1 1
0
