arya                            
8 50 20 10
7 11 142 97 4 1 13
263 167 0 3 0 0
506 167 0 0 0 0
749 167 0 0 0 0
992 167 0 0 0 0
1235 167 0 0 0 0
1478 167 0 0 0 0
1721 167 1 5 1 1
142 237 1 0 0 0
385 237 1 7 1 1
628 237 0 0 1 0
871 237 0 0 0 0
1114 237 0 6 1 0
1357 237 1 0 0 0
1600 237 0 0 0 0
263 307 0 0 0 0
506 307 0 0 0 0
749 307 0 0 0 0
992 307 1 3 0 1
1235 307 0 0 0 0
1478 307 0 0 0 0
1721 307 1 5 0 1
142 377 0 2 1 0
385 377 1 6 0 1
628 377 0 0 0 0
871 377 0 10 1 0
1114 377 1 3 1 1
1357 377 1 0 0 0
1600 377 0 0 0 0
263 447 1 6 1 1
506 447 0 0 0 0
749 447 1 2 1 1
992 447 1 3 0 1
1235 447 0 0 0 0
1478 447 1 9 0 1
1721 447 1 9 0 1
142 517 0 2 0 0
385 517 1 6 0 1
628 517 1 2 0 1
871 517 1 2 0 1
1114 517 0 0 0 0
1357 517 1 1 0 1
1600 517 1 9 1 1
263 587 1 6 0 1
506 587 0 1 0 0
749 587 0 0 0 0
992 587 1 7 1 0
1235 587 1 1 0 1
1478 587 0 8 1 0
1721 587 0 0 0 0
142 657 1 12 1 1
385 657 0 0 0 0
628 657 1 4 1 1
871 657 1 0 0 0
1114 657 1 8 0 1
1357 657 1 1 1 1
1600 657 1 0 0 1
263 727 1 12 0 1
506 727 0 1 0 0
749 727 0 0 0 0
992 727 0 0 0 0
1235 727 0 9 1 0
1478 727 1 0 0 1
1721 727 0 0 0 0
142 797 0 4 0 0
385 797 0 0 0 0
628 797 1 4 0 1
871 797 0 0 0 0
1114 797 1 8 1 1
1357 797 0 9 0 0
1600 797 1 0 1 1
263 867 0 0 0 0
506 867 1 11 1 1
749 867 1 10 1 1
992 867 1 8 0 1
1235 867 0 0 0 0
1478 867 1 0 0 1
1721 867 0 0 0 0
0 4 10 0 0 0 0
6 9
6 7
5 10
5 8
2 3 10 0 0 0 0
5 7
5 5
4 6
1 3 10 0 0 0 0
2 4
2 5
3 5
4 3 10 0 0 0 0
4 3
3 4
3 2
3 2 10 0 0 0 0
2 7
2 9
10 2 20 0 0 0 0
6 0
6 2
10 4 20 0 0 0 0
0 4
0 6
1 5
1 3
10 1 20 0 0 0 0
1 1
10 3 20 0 0 0 0
4 9
4 7
3 10
10 3 20 0 0 0 0
6 5
6 4
5 4
10 1 20 0 0 0 0
2 10
10 1 20 0 0 0 0
1 10
10 2 20 0 0 0 0
0 7
0 8
0
0 0 10 -1 1
0 1 10 -1 1
0 1 10 -1 1
0 1 10 -1 1
0 1 10 -1 1
0
