arya                            
8 50 20 10
7 10 8 175 4 1 13
129 245 0 0 0 0
372 245 0 0 0 0
615 245 1 11 1 1
858 245 0 0 0 0
1101 245 1 10 0 1
1344 245 0 0 0 0
1587 245 0 0 0 0
8 315 1 1 1 1
251 315 1 4 0 1
494 315 1 8 0 1
737 315 0 0 0 0
980 315 0 0 0 0
1223 315 1 10 1 1
1466 315 1 2 1 1
129 385 0 0 0 0
372 385 0 0 0 0
615 385 1 6 0 1
858 385 1 6 0 1
1101 385 0 0 0 0
1344 385 0 0 0 0
1587 385 0 0 0 0
8 455 0 0 0 0
251 455 1 4 1 1
494 455 1 8 1 1
737 455 1 6 1 1
980 455 1 0 0 0
1223 455 0 0 0 0
1466 455 0 0 0 0
129 525 1 4 0 1
372 525 1 4 0 1
615 525 0 0 0 0
858 525 0 0 0 0
1101 525 0 0 0 0
1344 525 1 0 0 1
1587 525 0 0 0 0
8 595 1 9 1 1
251 595 1 4 0 1
494 595 0 0 0 0
737 595 1 6 0 1
980 595 1 0 0 0
1223 595 1 0 1 1
1466 595 1 12 1 1
129 665 1 7 0 1
372 665 0 0 0 0
615 665 0 0 0 0
858 665 1 0 0 0
1101 665 0 0 0 0
1344 665 1 0 0 1
1587 665 0 0 0 0
8 735 0 0 0 0
251 735 1 7 1 1
494 735 0 0 0 0
737 735 0 0 0 0
980 735 1 5 0 1
1223 735 1 0 0 1
1466 735 1 3 0 1
129 805 0 0 0 0
372 805 1 7 0 1
615 805 1 0 0 0
858 805 0 0 0 0
1101 805 1 5 1 1
1344 805 1 3 0 1
1587 805 0 0 0 0
8 875 1 0 0 0
251 875 1 7 0 1
494 875 0 0 0 0
737 875 0 0 0 0
980 875 0 0 0 0
1223 875 0 0 0 0
1466 875 1 3 1 1
0 4 10 0 0 0
5 5
5 6
5 4
5 7
2 1 10 0 0 0
0 1
1 1 10 0 0 0
6 1
4 3 10 0 0 0
6 9
6 7
5 8
3 5 10 0 0 0
1 3
1 4
1 5
1 1
0 4
10 2 20 0 0 0
4 8
4 7
10 4 20 0 0 0
3 3
3 2
3 5
2 2
10 4 20 0 0 0
1 7
1 8
1 9
0 6
10 2 20 0 0 0
2 3
2 1
10 1 20 0 0 0
0 5
10 2 20 0 0 0
5 1
4 0
10 1 20 0 0 0
2 0
10 1 20 0 0 0
6 5
0
0 10 -1 1
0 10 -1 1
0 10 -1 1
0 10 -1 1
0 10 -1 1
0
