arya                            
8 50 20 10 0 1
7 11 20 74 4 1 13
141 144 1 0 0 0
384 144 1 1 0 1
627 144 1 1 0 1
870 144 1 11 1 1
1113 144 1 9 1 1
1356 144 0 0 0 0
1599 144 0 0 0 0
20 214 0 0 0 0
263 214 0 0 0 0
506 214 1 1 1 1
749 214 1 11 0 1
992 214 0 0 0 0
1235 214 0 0 0 0
1478 214 1 5 1 1
141 284 1 0 0 1
384 284 1 1 0 1
627 284 0 0 0 0
870 284 0 0 0 0
1113 284 1 2 0 1
1356 284 1 2 0 1
1599 284 1 5 0 1
20 354 1 0 0 1
263 354 1 0 0 1
506 354 0 0 0 0
749 354 0 0 0 0
992 354 0 0 0 0
1235 354 1 2 1 1
1478 354 1 5 0 1
141 424 1 0 1 1
384 424 0 0 0 0
627 424 1 6 1 1
870 424 0 0 0 0
1113 424 1 2 0 1
1356 424 1 2 0 1
1599 424 0 0 0 0
20 494 1 0 0 1
263 494 1 0 0 1
506 494 0 0 0 0
749 494 1 6 0 1
992 494 1 10 1 1
1235 494 1 2 0 1
1478 494 0 0 0 0
141 564 0 0 0 0
384 564 1 8 1 1
627 564 0 0 0 0
870 564 1 10 0 1
1113 564 1 10 0 1
1356 564 0 0 0 0
1599 564 1 0 0 0
20 634 0 0 0 0
263 634 1 8 0 1
506 634 0 0 0 0
749 634 0 0 0 0
992 634 0 0 0 0
1235 634 1 0 0 0
1478 634 0 0 0 0
141 704 0 0 0 0
384 704 0 0 0 0
627 704 1 7 0 1
870 704 1 4 0 1
1113 704 0 0 0 0
1356 704 1 0 0 0
1599 704 0 0 0 0
20 774 0 0 0 0
263 774 0 0 0 0
506 774 0 0 0 0
749 774 1 7 1 1
992 774 1 4 1 1
1235 774 0 0 0 0
1478 774 0 0 0 0
141 844 0 0 0 0
384 844 1 3 1 1
627 844 0 0 0 0
870 844 0 0 0 0
1113 844 1 4 0 1
1356 844 0 0 0 0
1599 844 1 12 1 1
0 6 10 0 0 0 0
0 4
0 5
0 3
0 2
1 5
1 3
1 4 10 0 0 0 0
2 1
2 0
1 2
1 0
2 6 10 0 0 0 0
5 3
5 4
5 2
5 5
4 4
4 2
3 1 10 0 0 0 0
1 10
4 3 10 0 0 0 0
4 9
4 10
3 8
10 3 20 0 0 0 0
6 1
6 2
6 3
10 2 20 0 0 0 0
2 4
3 5
10 2 20 0 0 0 0
3 9
2 8
10 2 20 0 0 0 0
1 6
1 7
10 1 20 0 0 0 0
4 0
10 3 20 0 0 0 0
4 5
4 6
3 6
10 2 20 0 0 0 0
3 0
3 1
10 1 20 0 0 0 0
6 10
0
0 1 10 -1 -1 1
0 1 10 -1 -1 1
0 1 10 -1 -1 1
0 1 10 -1 -1 1
0 1 10 -1 -1 1
0
