4
1
13
0 35 1 0 0 0
121 35 0 0 0 0
243 35 0 0 0 0
364 35 1 0 0 0
486 35 0 0 0 0
607 35 1 0 0 0
729 35 1 0 0 0
850 35 1 0 0 0
972 35 1 10 0 1
1093 35 0 0 0 0
1215 35 1 0 0 0
1336 35 1 0 0 0
1458 35 1 0 0 0
1579 35 1 0 0 0
1701 35 0 0 0 0
1822 35 0 0 0 0
-61 70 0 0 0 0
60 70 1 0 0 0
181 70 0 0 0 0
303 70 0 0 0 0
424 70 0 0 0 0
546 70 0 0 0 0
667 70 0 0 0 0
789 70 1 0 0 0
910 70 0 0 0 0
1032 70 1 10 0 1
1153 70 1 0 0 0
1275 70 0 0 0 0
1396 70 0 0 0 0
1518 70 0 0 0 0
1639 70 1 0 0 0
1761 70 0 0 0 0
0 105 1 0 0 0
121 105 0 0 0 0
243 105 1 0 0 0
364 105 1 0 0 0
486 105 1 4 0 1
607 105 1 0 0 0
729 105 0 0 0 0
850 105 0 0 0 0
972 105 0 0 0 0
1093 105 1 0 0 0
1215 105 0 0 0 0
1336 105 0 0 0 0
1458 105 1 0 0 0
1579 105 1 0 0 0
1701 105 1 0 0 0
1822 105 0 0 0 0
-61 140 0 0 0 0
60 140 1 0 0 0
181 140 0 0 0 0
303 140 1 2 0 1
424 140 1 4 0 1
546 140 1 0 0 0
667 140 1 0 0 0
789 140 1 0 0 0
910 140 0 0 0 0
1032 140 1 0 0 0
1153 140 1 0 0 0
1275 140 1 0 0 0
1396 140 0 0 0 0
1518 140 1 0 0 0
1639 140 1 0 0 0
1761 140 1 0 0 0
0 175 0 0 0 0
121 175 0 0 0 0
243 175 1 0 0 0
364 175 1 2 0 1
486 175 0 0 0 0
607 175 0 0 0 0
729 175 0 0 0 0
850 175 0 0 0 0
972 175 0 0 0 0
1093 175 1 0 0 0
1215 175 0 0 0 0
1336 175 1 0 0 0
1458 175 1 9 0 1
1579 175 1 0 0 0
1701 175 0 0 0 0
1822 175 0 0 0 0
-61 210 0 0 0 0
60 210 0 0 0 0
181 210 0 0 0 0
303 210 1 2 0 1
424 210 1 4 0 1
546 210 0 0 0 0
667 210 0 0 0 0
789 210 0 0 0 0
910 210 1 0 0 0
1032 210 0 0 0 0
1153 210 0 0 0 0
1275 210 0 0 0 0
1396 210 1 9 0 1
1518 210 0 0 0 0
1639 210 0 0 0 0
1761 210 0 0 0 0
0 245 1 0 0 0
121 245 0 0 0 0
243 245 1 2 0 1
364 245 0 0 0 0
486 245 1 0 0 0
607 245 1 0 0 0
729 245 0 0 0 0
850 245 1 0 0 0
972 245 1 0 0 0
1093 245 0 0 0 0
1215 245 0 0 0 0
1336 245 1 0 0 0
1458 245 1 9 0 1
1579 245 1 0 0 0
1701 245 0 0 0 0
1822 245 0 0 0 0
-61 280 0 0 0 0
60 280 0 0 0 0
181 280 1 0 0 0
303 280 1 2 0 1
424 280 1 0 0 0
546 280 0 0 0 0
667 280 1 0 0 0
789 280 1 0 0 0
910 280 1 0 0 0
1032 280 0 0 0 0
1153 280 1 0 0 0
1275 280 1 0 0 0
1396 280 1 9 0 1
1518 280 0 0 0 0
1639 280 1 11 0 1
1761 280 1 0 0 0
0 315 0 0 0 0
121 315 0 0 0 0
243 315 1 0 0 0
364 315 1 0 0 0
486 315 0 0 0 0
607 315 0 0 0 0
729 315 0 0 0 0
850 315 0 0 0 0
972 315 1 0 0 0
1093 315 0 0 0 0
1215 315 0 0 0 0
1336 315 0 0 0 0
1458 315 1 9 0 1
1579 315 0 0 0 0
1701 315 1 11 0 1
1822 315 0 0 0 0
-61 350 0 0 0 0
60 350 0 0 0 0
181 350 0 0 0 0
303 350 1 0 0 0
424 350 1 0 0 0
546 350 1 0 0 0
667 350 1 0 0 0
789 350 0 0 0 0
910 350 0 0 0 0
1032 350 0 0 0 0
1153 350 0 0 0 0
1275 350 1 0 0 0
1396 350 1 0 0 0
1518 350 1 0 0 0
1639 350 1 11 0 1
1761 350 0 0 0 0
0 385 0 0 0 0
121 385 1 0 0 0
243 385 0 0 0 0
364 385 1 0 0 0
486 385 1 0 0 0
607 385 0 0 0 0
729 385 1 0 0 0
850 385 1 1 0 1
972 385 0 0 0 0
1093 385 1 0 0 0
1215 385 1 0 0 0
1336 385 1 0 0 0
1458 385 1 0 0 0
1579 385 1 0 0 0
1701 385 1 11 0 1
1822 385 0 0 0 0
-61 420 0 0 0 0
60 420 0 0 0 0
181 420 1 0 0 0
303 420 1 0 0 0
424 420 1 0 0 0
546 420 0 0 0 0
667 420 0 0 0 0
789 420 1 1 0 1
910 420 0 0 0 0
1032 420 0 0 0 0
1153 420 1 0 0 0
1275 420 0 0 0 0
1396 420 1 0 0 0
1518 420 1 0 0 0
1639 420 0 0 0 0
1761 420 0 0 0 0
0 455 1 0 0 0
121 455 0 0 0 0
243 455 1 0 0 0
364 455 0 0 0 0
486 455 0 0 0 0
607 455 0 0 0 0
729 455 0 0 0 0
850 455 1 1 0 1
972 455 0 0 0 0
1093 455 1 0 0 0
1215 455 0 0 0 0
1336 455 1 0 0 0
1458 455 0 0 0 0
1579 455 1 0 0 0
1701 455 0 0 0 0
1822 455 0 0 0 0
-61 490 0 0 0 0
60 490 1 3 0 1
181 490 0 0 0 0
303 490 1 0 0 0
424 490 0 0 0 0
546 490 1 12 0 1
667 490 1 0 0 0
789 490 0 0 0 0
910 490 0 0 0 0
1032 490 1 0 0 0
1153 490 0 0 0 0
1275 490 0 0 0 0
1396 490 0 0 0 0
1518 490 1 0 0 0
1639 490 1 0 0 0
1761 490 0 0 0 0
0 525 1 3 0 1
121 525 0 0 0 0
243 525 0 0 0 0
364 525 0 0 0 0
486 525 0 0 0 0
607 525 0 0 0 0
729 525 1 0 0 0
850 525 1 0 0 0
972 525 0 0 0 0
1093 525 1 0 0 0
1215 525 0 0 0 0
1336 525 0 0 0 0
1458 525 0 0 0 0
1579 525 0 0 0 0
1701 525 0 0 0 0
1822 525 0 0 0 0
-61 560 0 0 0 0
60 560 1 3 0 1
181 560 1 0 0 0
303 560 0 0 0 0
424 560 0 0 0 0
546 560 1 12 0 1
667 560 1 0 0 0
789 560 0 0 0 0
910 560 1 0 0 0
1032 560 0 0 0 0
1153 560 1 0 0 0
1275 560 1 0 0 0
1396 560 0 0 0 0
1518 560 1 0 0 0
1639 560 0 0 0 0
1761 560 1 0 0 0
0 595 1 0 0 0
121 595 1 0 0 0
243 595 1 0 0 0
364 595 0 0 0 0
486 595 1 0 0 1
607 595 0 0 0 0
729 595 0 0 0 0
850 595 0 0 0 0
972 595 1 0 0 0
1093 595 0 0 0 0
1215 595 1 0 0 0
1336 595 1 0 0 0
1458 595 1 0 0 0
1579 595 0 0 0 0
1701 595 1 0 0 0
1822 595 0 0 0 0
-61 630 0 0 0 0
60 630 1 0 0 0
181 630 1 0 0 0
303 630 0 0 0 0
424 630 1 0 0 1
546 630 1 0 0 1
667 630 1 0 0 0
789 630 0 0 0 0
910 630 1 0 0 0
1032 630 0 0 0 0
1153 630 0 0 0 0
1275 630 1 0 0 0
1396 630 1 0 0 0
1518 630 0 0 0 0
1639 630 0 0 0 0
1761 630 1 0 0 0
0 665 1 7 0 1
121 665 0 0 0 0
243 665 0 0 0 0
364 665 1 0 0 0
486 665 0 0 0 0
607 665 1 0 0 0
729 665 1 0 0 0
850 665 0 0 0 0
972 665 0 0 0 0
1093 665 0 0 0 0
1215 665 1 0 0 0
1336 665 1 0 0 0
1458 665 1 0 0 0
1579 665 0 0 0 0
1701 665 1 0 0 0
1822 665 0 0 0 0
-61 700 0 0 0 0
60 700 0 0 0 0
181 700 1 0 0 0
303 700 0 0 0 0
424 700 0 0 0 0
546 700 0 0 0 0
667 700 0 0 0 0
789 700 1 0 0 0
910 700 0 0 0 0
1032 700 1 0 0 0
1153 700 1 0 0 0
1275 700 1 0 0 0
1396 700 0 0 0 0
1518 700 0 0 0 0
1639 700 1 0 0 0
1761 700 1 0 0 0
0 735 1 7 0 1
121 735 1 0 0 0
243 735 1 0 0 0
364 735 1 0 0 0
486 735 0 0 0 0
607 735 1 0 0 0
729 735 0 0 0 0
850 735 1 0 0 0
972 735 1 0 0 0
1093 735 0 0 0 0
1215 735 1 0 0 0
1336 735 0 0 0 0
1458 735 0 0 0 0
1579 735 0 0 0 0
1701 735 0 0 0 0
1822 735 0 0 0 0
-61 770 0 0 0 0
60 770 1 7 0 1
181 770 0 0 0 0
303 770 1 0 0 0
424 770 0 0 0 0
546 770 0 0 0 0
667 770 1 5 0 1
789 770 0 0 0 0
910 770 1 0 0 0
1032 770 0 0 0 0
1153 770 1 0 0 0
1275 770 0 0 0 0
1396 770 1 0 0 0
1518 770 0 0 0 0
1639 770 0 0 0 0
1761 770 0 0 0 0
0 805 1 7 0 1
121 805 1 8 0 1
243 805 1 0 0 0
364 805 0 0 0 0
486 805 0 0 0 0
607 805 1 0 0 0
729 805 1 5 0 1
850 805 0 0 0 0
972 805 0 0 0 0
1093 805 0 0 0 0
1215 805 1 0 0 0
1336 805 1 0 0 0
1458 805 1 6 0 1
1579 805 1 0 0 0
1701 805 1 0 0 0
1822 805 0 0 0 0
-61 840 0 0 0 0
60 840 1 8 0 1
181 840 0 0 0 0
303 840 1 0 0 0
424 840 1 0 0 0
546 840 0 0 0 0
667 840 1 5 0 1
789 840 0 0 0 0
910 840 0 0 0 0
1032 840 0 0 0 0
1153 840 0 0 0 0
1275 840 0 0 0 0
1396 840 0 0 0 0
1518 840 1 0 0 0
1639 840 0 0 0 0
1761 840 0 0 0 0
0 875 0 0 0 0
121 875 1 8 0 1
243 875 1 0 0 0
364 875 1 0 0 0
486 875 1 0 0 0
607 875 1 0 0 0
729 875 1 5 0 1
850 875 0 0 0 0
972 875 0 0 0 0
1093 875 1 0 0 0
1215 875 0 0 0 0
1336 875 1 0 0 0
1458 875 1 6 0 1
1579 875 1 0 0 0
1701 875 0 0 0 0
1822 875 0 0 0 0
-61 910 0 0 0 0
60 910 0 0 0 0
181 910 1 8 0 1
303 910 0 0 0 0
424 910 0 0 0 0
546 910 0 0 0 0
667 910 1 0 0 0
789 910 1 0 0 0
910 910 0 0 0 0
1032 910 1 0 0 0
1153 910 0 0 0 0
1275 910 1 0 0 0
1396 910 1 6 0 1
1518 910 0 0 0 0
1639 910 0 0 0 0
1761 910 1 0 0 0
0 945 1 0 0 0
121 945 0 0 0 0
243 945 0 0 0 0
364 945 0 0 0 0
486 945 0 0 0 0
607 945 1 0 0 0
729 945 0 0 0 0
850 945 1 0 0 0
972 945 1 0 0 0
1093 945 0 0 0 0
1215 945 0 0 0 0
1336 945 0 0 0 0
1458 945 1 6 0 1
1579 945 1 0 0 0
1701 945 1 0 0 0
1822 945 0 0 0 0

0 3 10
4 16
4 17
5 17

3 3 10
7 10
7 11
7 12

1 5 10
3 5
3 4
3 7
3 3
2 6

2 3 10
1 13
1 15
0 14

4 3 10
4 3
4 2
4 5

10 4 10
6 22
6 23
6 21
6 24

10 4 10
12 24
12 25
12 26
12 22

10 4 10
0 20
0 22
0 18
1 21

10 4 10
1 24
1 23
1 22
2 25

10 5 10
12 6
12 7
12 5
12 8
12 4

10 2 10
8 0
9 1

10 4 10
14 8
14 9
14 7
14 10

10 2 10
5 13
5 15

0 0 0

