arya                            
8 50 20 10
7 10 121 124 4 1 13
242 194 1 7 0 1
485 194 1 5 0 0
728 194 0 3 1 0
971 194 0 6 0 0
1214 194 0 3 0 0
1457 194 1 12 1 1
1700 194 0 7 0 0
121 264 1 7 1 1
364 264 0 5 1 0
607 264 0 3 0 0
850 264 0 3 0 0
1093 264 0 0 0 0
1336 264 0 0 0 0
1579 264 0 0 0 0
242 334 1 0 0 1
485 334 0 5 1 0
728 334 1 10 1 1
971 334 1 6 1 1
1214 334 0 3 1 0
1457 334 1 4 1 1
1700 334 0 7 1 0
121 404 0 7 1 0
364 404 1 0 1 1
607 404 1 5 0 1
850 404 1 6 0 1
1093 404 0 0 0 0
1336 404 1 9 1 1
1579 404 1 4 1 1
242 474 1 0 1 1
485 474 1 0 1 1
728 474 0 0 0 0
971 474 1 6 0 1
1214 474 0 3 1 0
1457 474 0 1 1 0
1700 474 1 4 0 1
121 544 0 0 0 0
364 544 0 0 0 0
607 544 1 5 1 1
850 544 0 8 1 0
1093 544 0 0 1 0
1336 544 1 9 0 1
1579 544 0 1 1 0
242 614 1 2 1 1
485 614 0 5 0 0
728 614 0 4 0 0
971 614 0 0 0 0
1214 614 0 0 0 0
1457 614 1 8 0 1
1700 614 1 11 0 1
121 684 0 2 1 0
364 684 0 2 0 0
607 684 0 4 0 0
850 684 0 0 0 0
1093 684 1 1 1 1
1336 684 1 8 1 1
1579 684 1 8 0 1
242 754 1 2 1 1
485 754 0 5 1 0
728 754 1 3 1 1
971 754 0 0 1 0
1214 754 0 0 0 0
1457 754 1 8 1 1
1700 754 1 11 1 1
121 824 0 0 0 0
364 824 0 9 1 0
607 824 0 0 0 0
850 824 1 3 1 1
1093 824 0 0 0 0
1336 824 1 8 1 1
1579 824 1 8 1 1
0 4 10 0 0 0 0
1 3
1 4
0 4
0 2
2 1 10 0 0 0 0
4 7
3 2 10 0 0 0 0
0 6
0 8
1 2 10 0 0 0 0
3 9
2 8
4 3 10 0 0 0 0
6 3
6 4
5 2
10 2 20 0 0 0 0
2 5
2 3
10 3 20 0 0 0 0
3 2
3 3
3 4
10 2 20 0 0 0 0
0 1
0 0
10 6 20 0 0 0 0
5 8
5 9
5 7
5 6
6 9
6 7
10 2 20 0 0 0 0
5 3
5 5
10 1 20 0 0 0 0
2 2
10 2 20 0 0 0 0
6 8
6 6
10 1 20 0 0 0 0
5 0
0
0 0 10 -1 1
0 1 10 -1 1
0 1 10 -1 1
0 1 10 -1 1
0 1 10 -1 1
0
