arya                            
8 50 20 10
7 10 123 118 5 1 14
244 188 1 4 1 1
487 188 0 1 0 0
730 188 0 11 1 0
973 188 0 9 1 0
1216 188 0 4 1 0
1459 188 1 7 1 1
1702 188 0 0 0 0
123 258 1 4 0 1
366 258 1 4 1 1
609 258 1 0 1 1
852 258 1 10 1 1
1095 258 1 1 0 1
1338 258 1 1 0 1
1581 258 0 3 0 0
244 328 1 4 0 1
487 328 0 0 0 0
730 328 0 2 0 0
973 328 0 0 0 0
1216 328 1 1 1 1
1459 328 0 0 0 0
1702 328 0 3 1 0
123 398 0 0 0 0
366 398 0 0 0 0
609 398 0 0 0 0
852 398 0 2 0 0
1095 398 1 1 0 1
1338 398 1 1 1 1
1581 398 1 6 0 1
244 468 1 9 0 1
487 468 1 8 1 1
730 468 0 2 1 0
973 468 1 5 1 1
1216 468 1 1 0 1
1459 468 1 6 1 1
1702 468 1 0 0 0
123 538 1 9 1 1
366 538 0 0 0 0
609 538 1 8 0 1
852 538 0 0 0 0
1095 538 1 2 0 1
1338 538 1 6 0 1
1581 538 0 0 0 0
244 608 1 9 0 1
487 608 0 0 0 0
730 608 0 0 0 0
973 608 0 5 0 0
1216 608 0 0 0 0
1459 608 0 7 1 0
1702 608 0 0 0 0
123 678 1 9 1 1
366 678 1 13 1 1
609 678 1 0 0 0
852 678 1 11 1 1
1095 678 1 2 1 1
1338 678 1 12 1 1
1581 678 1 3 1 1
244 748 0 0 0 0
487 748 0 0 0 0
730 748 0 0 0 0
973 748 0 5 0 0
1216 748 1 2 0 1
1459 748 1 3 0 1
1702 748 1 3 0 1
123 818 0 6 0 0
366 818 0 0 0 0
609 818 0 0 0 0
852 818 1 11 0 1
1095 818 0 5 0 0
1338 818 0 0 0 0
1581 818 0 0 0 0
0 1 10 0 0 0
2 1
2 6 10 0 0 0
4 2
4 3
4 1
4 4
5 3
5 1
3 3 10 0 0 0
4 7
4 8
4 5
5 3 10 0 0 0
6 7
6 8
5 8
1 4 10 0 0 0
0 0
0 1
0 2
1 1
4 1 10 0 0 0
3 4
10 3 20 0 0 0
5 4
5 5
6 3
10 1 20 0 0 0
5 0
10 2 20 0 0 0
1 4
2 5
10 4 20 0 0 0
0 5
0 6
0 4
0 7
10 1 20 0 0 0
3 1
10 2 20 0 0 0
3 7
3 9
10 1 20 0 0 0
5 7
10 1 20 0 0 0
1 7
0
0 10 -1 1
0 10 -1 1
0 10 -1 1
0 10 -1 1
0 10 -1 1
0 10 -1 1
0
