arya                            
8 50 20 10 0
7 10 130 167 4 1 13
251 237 1 0 0 1
494 237 1 0 0 1
737 237 0 0 0 0
980 237 0 0 0 0
1223 237 0 0 0 0
1466 237 1 0 0 0
1709 237 1 12 0 1
130 307 1 5 1 1
373 307 1 0 1 1
616 307 0 0 0 0
859 307 0 0 0 0
1102 307 0 0 0 0
1345 307 1 1 0 1
1588 307 1 12 0 1
251 377 0 0 0 0
494 377 1 0 0 1
737 377 1 6 1 1
980 377 0 0 0 0
1223 377 0 0 0 0
1466 377 0 0 0 0
1709 377 1 12 1 1
130 447 0 0 0 0
373 447 0 0 0 0
616 447 1 6 0 1
859 447 1 6 0 1
1102 447 0 0 0 0
1345 447 1 1 1 1
1588 447 0 0 0 0
251 517 1 3 0 1
494 517 0 0 0 0
737 517 0 0 0 0
980 517 0 0 0 0
1223 517 1 1 0 1
1466 517 0 0 0 0
1709 517 0 0 0 0
130 587 0 0 0 0
373 587 0 0 0 0
616 587 1 11 1 1
859 587 1 9 1 1
1102 587 1 0 0 0
1345 587 1 1 0 1
1588 587 1 7 1 1
251 657 1 3 1 1
494 657 1 11 0 1
737 657 0 0 0 0
980 657 0 0 0 0
1223 657 0 0 0 0
1466 657 1 7 0 1
1709 657 0 0 0 0
130 727 1 3 0 1
373 727 1 3 0 1
616 727 1 10 0 1
859 727 1 8 0 1
1102 727 0 0 0 0
1345 727 0 0 0 0
1588 727 1 2 0 1
251 797 0 0 0 0
494 797 1 10 0 1
737 797 1 8 0 1
980 797 1 8 0 1
1223 797 1 4 1 1
1466 797 0 0 0 0
1709 797 1 2 1 1
130 867 1 0 0 0
373 867 0 0 0 0
616 867 1 10 1 1
859 867 1 8 1 1
1102 867 0 0 0 0
1345 867 0 0 0 0
1588 867 0 0 0 0
0 4 10 0 0 0 0
1 1
1 2
1 0
0 0
2 4 10 0 0 0 0
5 3
5 5
5 1
4 4
4 2 10 0 0 0 0
6 8
6 7
3 4 10 0 0 0 0
0 6
0 7
0 4
1 7
1 1 10 0 0 0 0
4 8
10 1 20 0 0 0 0
0 1
10 3 20 0 0 0 0
2 2
2 3
3 3
10 2 20 0 0 0 0
6 5
5 6
10 4 20 0 0 0 0
3 9
3 8
3 7
2 8
10 1 20 0 0 0 0
3 5
10 3 20 0 0 0 0
2 9
2 7
1 8
10 2 20 0 0 0 0
2 5
1 6
10 3 20 0 0 0 0
6 2
6 1
6 0
0
0 1 10 -1 1
0 1 10 -1 1
0 1 10 -1 1
0 1 10 -1 1
0 1 10 -1 1
0
