arya                            
8 50 20 10 0 1
7 9 87 185 4 1 13
208 255 0 0 0 0
451 255 1 8 1 1
694 255 1 4 1 1
937 255 1 0 0 1
1180 255 0 0 0 0
1423 255 1 11 1 1
1666 255 0 0 0 0
87 325 1 2 0 1
330 325 1 2 1 1
573 325 1 4 0 1
816 325 1 0 0 1
1059 325 1 0 0 1
1302 325 0 8 1 0
1545 325 0 0 0 0
208 395 1 2 1 1
451 395 0 5 0 0
694 395 0 9 1 0
937 395 1 0 1 1
1180 395 1 1 0 1
1423 395 1 11 0 1
1666 395 1 12 1 1
87 465 0 2 1 0
330 465 0 0 0 0
573 465 0 4 0 0
816 465 0 0 0 0
1059 465 1 0 0 1
1302 465 1 1 0 1
1545 465 0 6 1 0
208 535 0 0 0 0
451 535 0 4 0 0
694 535 1 10 1 1
937 535 0 0 0 0
1180 535 1 1 1 1
1423 535 1 7 0 1
1666 535 1 7 0 1
87 605 1 6 1 1
330 605 0 0 0 0
573 605 0 4 1 0
816 605 0 10 1 0
1059 605 1 1 1 1
1302 605 1 1 0 1
1545 605 1 7 1 1
208 675 0 3 0 0
451 675 0 4 0 0
694 675 1 9 0 1
937 675 1 3 1 1
1180 675 0 0 0 0
1423 675 1 5 1 1
1666 675 1 7 0 1
87 745 0 0 0 0
330 745 0 0 0 0
573 745 0 0 0 0
816 745 0 10 0 0
1059 745 1 3 0 1
1302 745 1 5 1 1
1545 745 0 0 0 0
208 815 0 3 1 0
451 815 0 0 0 0
694 815 1 9 1 1
937 815 0 0 0 0
1180 815 1 5 0 1
1423 815 0 0 0 0
1666 815 0 0 1 0
0 5 39 0 0 0 0
3 2
3 1
3 0
4 3
4 1
1 5 0 0 39 0 1
4 4
4 5
4 2
5 5
5 3
1063 729 1018 760 1 1 1 1644503621 822512 0.000000 1 3
1043 694 998 725 1 1 1 1644503621 822512 0.000000 1 3
1059 639 978 690 1 1 1 1644503621 822512 0.000000 1 3
1063 729 1018 760 1 1 1 1644503621 822512 180000.000000 1 3
1043 694 998 725 1 1 1 1644503621 822512 180000.000000 1 3
1023 659 978 690 1 1 1 1644503621 822512 180000.000000 1 3
1108 704 1018 760 1 1 1 1644503621 822513 360000.000000 1 3
1088 669 998 725 1 1 1 1644503621 822513 360000.000000 1 3
1068 634 978 690 1 1 1 1644503621 822513 360000.000000 1 3
1153 679 1018 760 1 1 1 1644503621 822513 540000.000000 1 3
1133 644 998 725 1 1 1 1644503621 822513 540000.000000 1 3
1113 609 978 690 1 1 1 1644503621 822513 540000.000000 1 3
1207 649 1018 760 1 1 1 1644503621 822513 720000.000000 1 3
1187 614 998 725 1 1 1 1644503621 822513 720000.000000 1 3
1167 579 978 690 1 1 1 1644503621 822513 720000.000000 1 3
1252 624 1018 760 1 0 1 1644503621 822513 900000.000000 1 3
1232 589 998 725 1 1 1 1644503621 822513 900000.000000 1 3
1212 554 978 690 1 1 1 1644503621 822513 900000.000000 1 3
1235 620 1600 690 1 1 1 1644503624 779921 0.000000 1 7
1241 585 1606 655 1 0 1 1644503624 779921 0.000000 1 7
1247 550 1612 620 1 0 1 1644503624 779921 0.000000 1 7
1235 620 1600 690 1 1 1 1644503625 19722 0.000000 1 7
1241 585 1606 655 1 0 1 1644503626 39665 0.000000 1 7
1247 550 1612 620 1 0 1 1644503627 25429 0.000000 1 7
1235 620 1600 690 1 1 1 1644503628 14742 0.000000 1 7
1241 585 1606 655 1 0 1 1644503629 31597 0.000000 1 7
1247 550 1612 620 1 0 1 1644503630 17602 0.000000 1 7
1235 620 1600 690 1 1 1 1644503631 37179 0.000000 1 7
1241 585 1606 655 1 0 1 1644503632 25505 0.000000 1 7
1247 550 1612 620 1 0 1 1644503633 42848 0.000000 1 7
1235 620 1600 690 1 0 1 1644503634 30082 0.000000 1 7
1241 585 1606 655 1 0 1 1644503635 15489 0.000000 1 7
1247 550 1612 620 1 0 1 1644503636 41598 0.000000 1 7
1235 620 1600 690 1 0 1 1644503637 21621 0.000000 1 7
1241 585 1606 655 1 0 1 1644503638 42161 0.000000 1 7
1247 550 1612 620 1 0 1 1644503639 27358 0.000000 1 7
1235 620 1600 690 1 0 1 1644503640 13472 0.000000 1 7
1241 585 1606 655 1 0 1 1644503641 33675 0.000000 1 7
1247 550 1612 620 1 0 1 1644503642 20408 0.000000 1 7
2 3 0 0 39 0 1
0 2
0 1
1 1
507 507 1236 620 2 0 1 1644503621 822514 0.000000 2 1
512 472 1241 585 2 0 1 1644503621 822514 0.000000 2 1
490 434 1246 550 2 1 1 1644503621 822514 0.000000 2 1
462 502 1236 620 2 0 1 1644503621 822514 180000.000000 2 1
467 467 1241 585 2 0 1 1644503621 822530 180000.000000 2 1
472 432 1246 550 2 0 1 1644503621 822530 180000.000000 2 1
417 497 1236 620 2 0 1 1644503621 822530 360000.000000 2 1
422 462 1241 585 2 0 1 1644503621 822530 360000.000000 2 1
427 427 1246 550 2 0 1 1644503621 822530 360000.000000 2 1
372 492 1236 620 2 0 1 1644503621 822530 540000.000000 2 1
377 457 1241 585 2 0 1 1644503621 822530 540000.000000 2 1
382 422 1246 550 2 0 1 1644503621 822530 540000.000000 2 1
318 486 1236 620 2 0 1 1644503621 822530 720000.000000 2 1
323 451 1241 585 2 0 1 1644503621 822530 720000.000000 2 1
328 416 1246 550 2 0 1 1644503621 822530 720000.000000 2 1
273 481 1236 620 2 0 1 1644503621 822530 900000.000000 2 1
278 446 1241 585 2 0 1 1644503621 822530 900000.000000 2 1
283 411 1246 550 2 0 1 1644503621 822530 900000.000000 2 1
264 480 1236 620 2 0 1 1644503625 53791 0.000000 2 1
269 445 1241 585 2 0 1 1644503625 53792 0.000000 2 1
274 410 1246 550 2 0 1 1644503625 53792 0.000000 2 1
264 480 1236 620 2 0 1 1644503625 53792 180000.000000 2 1
269 445 1727 445 2 0 1 1644503626 39665 0.000000 2 12
269 410 1727 410 2 0 1 1644503627 25430 0.000000 2 12
269 480 1727 480 2 0 1 1644503628 14743 0.000000 2 12
269 445 1727 445 2 0 1 1644503629 31598 0.000000 2 12
269 410 1727 410 2 0 1 1644503630 17602 0.000000 2 12
269 480 1727 480 2 0 1 1644503631 37180 0.000000 2 12
269 445 1727 445 2 0 1 1644503632 25505 0.000000 2 12
269 410 1727 410 2 0 1 1644503633 42849 0.000000 2 12
269 480 1727 480 2 0 1 1644503634 30082 0.000000 2 12
269 445 1727 445 2 0 1 1644503635 15489 0.000000 2 12
269 410 1727 410 2 0 1 1644503636 41599 0.000000 2 12
269 480 1727 480 2 0 1 1644503637 21622 0.000000 2 12
269 445 1727 445 2 0 1 1644503638 42161 0.000000 2 12
269 410 1727 410 2 0 1 1644503639 27359 0.000000 2 12
269 480 1727 480 2 0 1 1644503640 13473 0.000000 2 12
269 445 1727 445 2 0 1 1644503641 33676 0.000000 2 12
269 410 1727 410 2 0 1 1644503642 20409 0.000000 2 12
3 2 0 0 39 0 1
3 6
4 7
592 431 482 340 3 1 1 1644503621 822509 0.000000 3 8
646 417 512 305 3 1 1 1644503621 822509 0.000000 3 8
700 403 542 270 3 1 1 1644503621 822509 0.000000 3 8
568 410 482 340 3 1 1 1644503621 822509 180000.000000 3 8
614 389 512 305 3 1 1 1644503621 822510 180000.000000 3 8
692 396 542 270 3 1 1 1644503621 822510 180000.000000 3 8
528 375 482 340 3 1 1 1644503621 822510 360000.000000 3 8
582 361 512 305 3 1 1 1644503621 822510 360000.000000 3 8
668 375 542 270 3 1 1 1644503621 822510 360000.000000 3 8
503 355 482 340 3 1 1 1644503621 822510 540000.000000 3 8
574 354 512 305 3 1 1 1644503621 822510 540000.000000 3 8
1012 676 542 270 3 1 1 1644503621 822510 540000.000000 3 8
503 355 482 340 3 1 1 1644503621 822510 720000.000000 3 8
998 725 512 305 3 1 1 1644503621 822510 720000.000000 3 8
1028 690 542 270 3 1 1 1644503621 822510 720000.000000 3 8
503 355 482 340 3 1 1 1644503621 822510 900000.000000 3 8
998 725 512 305 3 1 1 1644503621 822510 900000.000000 3 8
1028 690 542 270 3 1 1 1644503621 822511 900000.000000 3 8
544 389 482 340 3 1 1 1644503622 27818 0.000000 3 8
1038 700 1241 585 3 1 1 1644503626 74505 0.000000 3 1
978 690 1221 550 3 1 1 1644503626 74505 0.000000 3 1
1058 735 1261 620 3 1 1 1644503626 74505 0.000000 3 1
1054 690 1241 585 3 1 1 1644503626 74506 180000.000000 3 1
1066 635 1221 550 3 1 1 1644503630 51544 0.000000 3 1
1106 705 1261 620 3 1 1 1644503630 51545 0.000000 3 1
1086 670 1241 585 3 1 1 1644503630 51545 0.000000 3 1
1114 605 1221 550 3 1 1 1644503630 51545 180000.000000 3 1
1154 675 1261 620 3 1 1 1644503634 64288 0.000000 3 1
1134 640 1241 585 3 1 1 1644503634 64288 0.000000 3 1
1165 575 1221 550 3 1 1 1644503634 64288 0.000000 3 1
1187 655 1261 620 3 1 1 1644503634 64288 180000.000000 3 1
1176 615 1241 585 3 1 1 1644503638 75608 0.000000 3 1
1183 566 1221 550 3 1 1 1644503638 75608 0.000000 3 1
1187 655 1261 620 3 1 1 1644503638 75608 0.000000 3 1
1176 615 1241 585 3 1 1 1644503638 75609 180000.000000 3 1
1082 625 1221 550 3 0 1 1644503642 53230 0.000000 3 1
1122 695 1261 620 3 0 1 1644503642 53230 0.000000 3 1
1102 660 1241 585 3 0 1 1644503642 53230 0.000000 3 1
1042 650 1221 550 3 0 1 1644503642 53231 180000.000000 3 1
4 2 1 0 38 0 0
2 0
2 1
535 397 279 480 4 1 1 1644503621 822531 0.000000 4 2
495 371 269 445 4 1 1 1644503621 822531 0.000000 4 2
485 336 259 410 4 1 1 1644503621 822531 0.000000 4 2
555 391 279 480 4 1 1 1644503621 822531 180000.000000 4 2
545 356 269 445 4 1 1 1644503621 822531 180000.000000 4 2
535 321 259 410 4 1 1 1644503621 822531 180000.000000 4 2
605 376 279 480 4 1 1 1644503621 822531 360000.000000 4 2
595 341 269 445 4 1 1 1644503621 822532 360000.000000 4 2
585 306 259 410 4 1 1 1644503621 822532 360000.000000 4 2
655 362 279 480 4 1 1 1644503621 822532 540000.000000 4 2
645 327 269 445 4 1 1 1644503621 822532 540000.000000 4 2
635 292 259 410 4 0 1 1644503621 822532 540000.000000 4 2
715 350 279 480 4 1 1 1644503621 822532 720000.000000 4 2
705 315 269 445 4 0 1 1644503621 822532 720000.000000 4 2
695 280 259 410 4 0 1 1644503621 822532 720000.000000 4 2
765 340 279 480 4 0 1 1644503621 822532 900000.000000 4 2
755 305 269 445 4 0 1 1644503621 822532 900000.000000 4 2
745 270 259 410 4 0 1 1644503621 822532 900000.000000 4 2
735 340 1221 620 4 0 1 1644503625 53792 0.000000 4 1
755 305 1241 585 4 0 1 1644503625 53792 0.000000 4 1
775 270 1261 550 4 0 1 1644503625 53792 0.000000 4 1
735 340 1221 620 4 0 1 1644503625 53793 180000.000000 4 1
755 305 269 445 4 0 1 1644503629 65213 0.000000 4 2
745 270 259 410 4 0 1 1644503629 65213 0.000000 4 2
765 340 279 480 4 0 1 1644503629 65214 0.000000 4 2
755 305 269 445 4 0 1 1644503629 65214 180000.000000 4 2
745 270 259 410 4 0 1 1644503633 77476 0.000000 4 2
765 340 279 480 4 0 1 1644503633 77476 0.000000 4 2
755 305 269 445 4 0 1 1644503633 77476 0.000000 4 2
745 270 259 410 4 0 1 1644503633 77476 180000.000000 4 2
765 340 279 480 4 0 1 1644503637 55294 0.000000 4 2
755 305 269 445 4 0 1 1644503637 55295 0.000000 4 2
745 270 259 410 4 0 1 1644503637 55295 0.000000 4 2
765 340 279 480 4 0 1 1644503637 55295 180000.000000 4 2
755 305 269 445 4 0 1 1644503641 74163 0.000000 4 2
745 270 259 410 4 0 1 1644503641 74163 0.000000 4 2
765 340 279 480 4 0 1 1644503641 74164 0.000000 4 2
755 305 269 445 4 0 1 1644503641 74164 180000.000000 4 2
10 3 20 0 0 0 0
5 7
5 6
4 8
10 1 20 0 0 0 0
0 5
10 4 20 0 0 0 1
6 5
6 6
6 4
5 4
10 1 17 0 0 0 0
1 0
10 2 20 0 0 0 0
2 8
2 6
10 1 20 0 0 0 0
2 4
10 2 20 0 0 0 0
5 0
5 2
10 1 20 0 0 0 1
6 2
9
2 740 486 1 1 1644503622 741000 0.000000 3
2 1372 594 0 0 0 0 0.000000 0
2 1070 429 0 0 0 0 0.000000 0
2 1332 544 0 0 0 0 0.000000 0
2 1581 471 0 0 0 0 0.000000 0
2 1657 495 0 0 0 0 0.000000 0
2 1415 568 0 0 0 0 0.000000 0
2 648 429 0 0 0 0 0.000000 0
2 779 429 0 0 0 0 0.000000 0
0 1 0 -1 -1 1
0 1 0 -1 -1 1
0 1 0 -1 -1 1
0 1 10 -1 -1 1
0 1 0 -1 -1 1
0
