arya                            
8 50 20 10 0 1
7 10 100 172 4 1 13
221 242 1 0 0 1
464 242 0 0 0 0
707 242 0 0 0 0
950 242 1 8 0 1
1193 242 0 0 0 0
1436 242 1 1 0 1
1679 242 0 0 0 0
100 312 1 0 1 1
343 312 1 9 1 1
586 312 1 2 1 1
829 312 1 8 1 1
1072 312 0 0 0 0
1315 312 0 0 0 0
1558 312 1 1 0 1
221 382 1 0 0 1
464 382 1 2 0 1
707 382 0 0 0 0
950 382 1 8 0 1
1193 382 1 0 0 0
1436 382 1 1 1 1
1679 382 1 0 0 0
100 452 0 0 0 0
343 452 0 0 0 0
586 452 1 2 0 1
829 452 0 0 0 0
1072 452 0 0 0 0
1315 452 1 1 0 1
1558 452 1 1 0 1
221 522 1 5 1 1
464 522 1 10 1 1
707 522 1 0 0 0
950 522 0 0 0 0
1193 522 1 0 0 0
1436 522 0 0 0 0
1679 522 0 0 0 0
100 592 0 0 0 0
343 592 1 5 0 1
586 592 0 0 0 0
829 592 1 6 0 1
1072 592 0 0 0 0
1315 592 1 4 0 1
1558 592 0 0 0 0
221 662 0 0 0 0
464 662 1 3 0 1
707 662 0 0 0 0
950 662 1 6 0 1
1193 662 0 0 0 0
1436 662 0 0 0 0
1679 662 0 0 0 0
100 732 1 11 1 1
343 732 0 0 0 0
586 732 1 3 1 1
829 732 1 6 1 1
1072 732 0 0 0 0
1315 732 1 4 1 1
1558 732 0 0 0 0
221 802 0 0 0 0
464 802 0 0 0 0
707 802 1 3 0 1
950 802 0 0 0 0
1193 802 1 4 0 1
1436 802 1 4 0 1
1679 802 0 0 0 0
100 872 0 0 0 0
343 872 1 7 1 1
586 872 0 0 0 0
829 872 0 0 0 0
1072 872 0 0 0 0
1315 872 0 0 0 0
1558 872 1 12 1 1
0 3 10 0 0 0 0
0 1
0 2
0 0
1 5 10 0 0 0 0
5 2
5 3
5 0
6 3
6 1
2 3 10 0 0 0 0
2 1
2 3
1 2
3 3 10 0 0 0 0
2 7
2 8
1 6
4 4 10 0 0 0 0
5 7
5 8
5 5
4 8
10 2 20 0 0 0 0
0 4
1 5
10 3 20 0 0 0 0
3 7
3 6
3 5
10 1 20 0 0 0 0
1 9
10 3 20 0 0 0 0
3 1
3 2
3 0
10 1 20 0 0 0 0
1 1
10 1 20 0 0 0 0
1 4
10 1 20 0 0 0 0
0 7
10 1 20 0 0 0 0
6 9
0
0 1 10 -1 -1 1
0 1 10 -1 -1 1
0 1 10 -1 -1 1
0 1 10 -1 -1 1
0 1 10 -1 -1 1
0
