arya                            
8 50 20 10 0 1
7 11 59 81 4 1 13
180 151 0 0 0 0
423 151 1 11 1 1
666 151 1 0 0 1
909 151 0 0 0 0
1152 151 1 10 1 1
1395 151 1 7 1 1
1638 151 0 0 0 0
59 221 0 0 0 0
302 221 1 11 0 1
545 221 0 0 0 0
788 221 1 0 1 1
1031 221 1 9 0 1
1274 221 0 0 0 0
1517 221 0 0 0 0
180 291 1 2 0 1
423 291 0 0 0 0
666 291 0 0 0 0
909 291 0 0 0 0
1152 291 1 9 0 1
1395 291 0 0 0 0
1638 291 1 0 0 0
59 361 1 2 1 1
302 361 1 0 0 0
545 361 1 0 0 0
788 361 0 0 0 0
1031 361 1 9 1 1
1274 361 1 12 1 1
1517 361 0 0 0 0
180 431 0 0 0 0
423 431 0 0 0 0
666 431 1 1 0 1
909 431 1 9 0 1
1152 431 0 0 0 0
1395 431 1 3 0 1
1638 431 1 3 0 1
59 501 1 2 0 1
302 501 0 0 0 0
545 501 1 1 0 1
788 501 1 1 0 1
1031 501 0 0 0 0
1274 501 1 12 0 1
1517 501 1 3 1 1
180 571 1 0 0 0
423 571 0 0 0 0
666 571 1 1 1 1
909 571 0 0 0 0
1152 571 0 0 0 0
1395 571 0 0 0 0
1638 571 0 0 0 0
59 641 0 0 0 0
302 641 0 0 0 0
545 641 1 1 0 1
788 641 1 1 0 1
1031 641 1 8 1 1
1274 641 0 0 0 0
1517 641 1 3 0 1
180 711 0 0 0 0
423 711 1 5 0 1
666 711 1 1 0 1
909 711 0 0 0 0
1152 711 0 0 0 0
1395 711 1 4 0 1
1638 711 1 4 0 1
59 781 0 0 0 0
302 781 0 0 0 0
545 781 1 5 1 1
788 781 1 6 0 1
1031 781 0 0 0 0
1274 781 0 0 0 0
1517 781 1 4 1 1
180 851 0 0 0 0
423 851 0 0 0 0
666 851 0 0 0 0
909 851 1 6 1 1
1152 851 0 0 0 0
1395 851 1 4 0 1
1638 851 1 4 0 1
0 2 10 0 0 0 0
3 1
2 0
1 7 10 0 0 0 0
2 6
2 7
2 5
2 8
2 4
3 7
3 5
2 3 10 0 0 0 0
0 3
0 2
0 5
3 4 10 0 0 0 0
6 5
6 4
6 7
5 4
4 5 10 0 0 0 0
6 9
6 10
6 8
5 10
5 8
10 2 20 0 0 0 0
2 9
1 8
10 2 20 0 0 0 0
3 10
3 9
10 1 20 0 0 0 0
5 0
10 1 20 0 0 0 0
4 7
10 4 20 0 0 0 0
4 3
4 2
4 1
3 4
10 1 20 0 0 0 0
4 0
10 2 20 0 0 0 0
1 0
1 1
10 2 20 0 0 0 0
5 3
5 5
0
0 1 10 -1 -1 1
0 1 10 -1 -1 1
0 1 10 -1 -1 1
0 1 10 -1 -1 1
0 1 10 -1 -1 1
0
