arya                            
8 50 20 10
7 11 89 101 5 1 14
210 171 0 0 1 0
453 171 1 6 1 1
696 171 0 0 0 0
939 171 1 12 1 1
1182 171 1 3 1 1
1425 171 1 8 1 1
1668 171 1 13 1 1
89 241 0 0 0 0
332 241 0 0 0 0
575 241 0 6 0 0
818 241 0 2 0 0
1061 241 1 3 0 1
1304 241 1 3 1 1
1547 241 1 8 0 1
210 311 1 0 0 0
453 311 0 0 0 0
696 311 1 5 1 1
939 311 0 2 1 0
1182 311 1 3 0 1
1425 311 1 8 1 1
1668 311 1 13 1 1
89 381 0 0 0 0
332 381 0 2 0 0
575 381 0 0 0 0
818 381 0 2 0 0
1061 381 1 10 0 1
1304 381 0 4 1 0
1547 381 1 8 0 1
210 451 0 2 0 0
453 451 0 2 0 0
696 451 0 0 0 0
939 451 0 1 0 0
1182 451 1 10 1 1
1425 451 0 0 0 0
1668 451 1 0 0 0
89 521 0 0 0 0
332 521 0 2 1 0
575 521 0 0 0 0
818 521 1 2 0 1
1061 521 0 1 1 0
1304 521 0 5 0 0
1547 521 1 1 0 1
210 591 1 4 0 1
453 591 0 6 0 0
696 591 0 0 0 0
939 591 0 1 1 0
1182 591 0 5 0 0
1425 591 1 1 1 1
1668 591 0 0 0 0
89 661 1 4 0 1
332 661 1 4 1 1
575 661 1 0 0 0
818 661 1 2 1 1
1061 661 1 9 1 1
1304 661 0 0 0 0
1547 661 0 0 0 0
210 731 1 4 1 1
453 731 0 4 0 0
696 731 1 2 0 1
939 731 1 2 0 1
1182 731 0 3 1 0
1425 731 1 1 0 1
1668 731 1 0 1 1
89 801 1 4 0 1
332 801 1 4 0 1
575 801 0 4 1 0
818 801 0 0 0 0
1061 801 1 7 0 1
1304 801 0 0 0 0
1547 801 1 0 0 1
210 871 1 4 0 1
453 871 1 11 1 1
696 871 0 0 0 0
939 871 1 7 1 1
1182 871 1 3 0 0
1425 871 1 0 0 0
1668 871 1 0 0 1
0 3 10 0 0 0
6 8
6 9
6 10
2 3 10 0 0 0
5 6
5 8
6 5
5 4 10 0 0 0
3 7
3 8
3 5
2 8
1 4 10 0 0 0
4 0
4 1
4 2
5 1
3 7 10 0 0 0
0 8
0 9
0 7
0 10
0 6
1 9
1 7
4 1 10 0 0 0
2 2
10 1 20 0 0 0
1 0
10 2 20 0 0 0
3 10
4 9
10 4 20 0 0 0
5 2
5 0
6 3
6 1
10 1 20 0 0 0
4 7
10 2 20 0 0 0
4 4
4 3
10 1 20 0 0 0
1 10
10 1 20 0 0 0
3 0
10 2 20 0 0 0
6 0
6 2
0
0 10 -1 1
0 10 -1 1
0 10 -1 1
0 10 -1 1
0 10 -1 1
0 10 -1 1
0
