arya                            
8 50 20 10
7 10 28 142 4 1 13
149 212 1 1 1 1
392 212 1 5 0 1
635 212 0 0 0 0
878 212 1 4 1 1
1121 212 1 8 1 1
1364 212 1 10 1 1
1607 212 0 0 0 0
28 282 1 1 0 1
271 282 1 1 0 1
514 282 1 5 1 1
757 282 1 4 0 1
1000 282 0 0 0 0
1243 282 0 0 0 0
1486 282 1 9 0 1
149 352 0 0 0 0
392 352 1 5 0 1
635 352 0 0 0 0
878 352 1 4 0 1
1121 352 0 0 0 0
1364 352 0 0 0 0
1607 352 1 9 1 1
28 422 1 12 0 1
271 422 1 12 0 1
514 422 0 0 0 0
757 422 0 0 0 0
1000 422 1 2 0 1
1243 422 1 2 0 1
1486 422 0 0 0 0
149 492 1 12 1 1
392 492 0 0 0 0
635 492 0 0 0 0
878 492 0 0 0 0
1121 492 1 2 1 1
1364 492 1 0 0 1
1607 492 1 0 0 1
28 562 0 0 0 0
271 562 0 0 0 0
514 562 1 11 1 1
757 562 0 0 0 0
1000 562 0 0 0 0
1243 562 0 0 0 0
1486 562 1 0 1 1
149 632 0 0 0 0
392 632 1 3 0 1
635 632 0 0 0 0
878 632 0 0 0 0
1121 632 0 0 0 0
1364 632 1 0 0 1
1607 632 0 0 0 0
28 702 0 0 0 0
271 702 1 3 1 1
514 702 1 6 0 1
757 702 1 6 0 1
1000 702 0 0 0 0
1243 702 1 7 1 1
1486 702 1 0 0 1
149 772 1 3 0 1
392 772 0 0 0 0
635 772 1 6 1 1
878 772 0 0 0 0
1121 772 0 0 0 0
1364 772 0 0 0 0
1607 772 0 0 0 0
28 842 0 0 0 0
271 842 1 3 0 1
514 842 0 0 0 0
757 842 0 0 0 0
1000 842 1 0 0 0
1243 842 1 7 0 1
1486 842 0 0 0 0
0 5 10 0 0 0
6 5
6 4
6 7
5 6
5 4
2 3 10 0 0 0
0 0
0 1
1 1
1 3 10 0 0 0
4 4
4 3
5 3
4 4 10 0 0 0
1 7
1 6
1 9
0 8
3 3 10 0 0 0
3 0
3 1
3 2
10 3 20 0 0 0
2 1
1 2
1 0
10 3 20 0 0 0
2 8
2 7
3 7
10 2 20 0 0 0
5 7
5 9
10 1 20 0 0 0
4 0
10 2 20 0 0 0
6 2
6 1
10 1 20 0 0 0
5 0
10 1 20 0 0 0
2 5
10 3 20 0 0 0
0 4
0 3
1 3
0
0 10 -1 1
0 10 -1 1
0 10 -1 1
0 10 -1 1
0 10 -1 1
0
