arya                            
8 50 20 10 0 1
7 11 155 78 4 1 13
276 148 1 9 0 1
519 148 1 2 0 1
762 148 0 0 0 0
1005 148 0 0 0 0
1248 148 0 0 0 0
1491 148 0 0 0 0
1734 148 0 0 0 0
155 218 0 0 0 0
398 218 0 0 0 0
641 218 0 0 0 0
884 218 1 8 1 1
1127 218 1 5 1 1
1370 218 0 0 0 0
1613 218 0 0 0 0
276 288 1 9 1 1
519 288 1 2 1 1
762 288 0 0 0 0
1005 288 0 0 0 0
1248 288 0 0 0 0
1491 288 1 3 0 1
1734 288 1 7 0 1
155 358 0 0 0 0
398 358 1 2 0 1
641 358 0 0 0 0
884 358 0 0 0 0
1127 358 1 5 0 1
1370 358 1 3 0 1
1613 358 0 0 0 0
276 428 0 0 0 0
519 428 0 0 0 0
762 428 1 11 0 1
1005 428 1 6 1 1
1248 428 1 12 1 1
1491 428 1 3 1 1
1734 428 1 7 1 1
155 498 0 0 0 0
398 498 1 4 1 1
641 498 1 11 1 1
884 498 0 0 0 0
1127 498 1 6 0 1
1370 498 0 0 0 0
1613 498 1 3 0 1
276 568 0 0 0 0
519 568 0 0 0 0
762 568 0 0 0 0
1005 568 0 0 0 0
1248 568 1 1 0 1
1491 568 0 0 0 0
1734 568 0 0 0 0
155 638 1 0 0 0
398 638 0 0 0 0
641 638 1 10 0 1
884 638 0 0 0 0
1127 638 1 0 0 1
1370 638 0 0 0 0
1613 638 0 0 0 0
276 708 0 0 0 0
519 708 1 10 1 1
762 708 0 0 0 0
1005 708 1 0 1 1
1248 708 1 1 1 1
1491 708 0 0 0 0
1734 708 0 0 0 0
155 778 1 0 0 0
398 778 1 10 0 1
641 778 0 0 0 0
884 778 1 0 0 1
1127 778 1 0 0 1
1370 778 1 1 0 1
1613 778 1 0 0 0
276 848 0 0 0 0
519 848 1 10 0 1
762 848 0 0 0 0
1005 848 1 0 0 1
1248 848 1 1 0 1
1491 848 0 0 0 0
1734 848 1 0 0 0
0 5 17 0 0 0 0
3 8
3 9
3 10
4 9
4 7
3 4 1 0 36 0 1
4 8
4 10
4 6
5 9
881 670 451 583 1 1 1 1644507818 348101 0.000000 1 4
889 635 459 548 1 1 1 1644507818 348101 0.000000 1 4
897 600 467 513 1 1 1 1644507818 348101 0.000000 1 4
881 670 451 583 1 1 1 1644507818 348101 180000.000000 1 4
889 635 459 548 1 1 1 1644507818 348101 180000.000000 1 4
867 594 467 513 1 1 1 1644507818 348101 180000.000000 1 4
881 670 451 583 1 1 1 1644507818 348101 360000.000000 1 4
869 631 459 548 1 1 1 1644507818 348101 360000.000000 1 4
767 574 467 513 1 1 1 1644507818 348101 360000.000000 1 4
881 670 451 583 1 1 1 1644507818 348101 540000.000000 1 4
779 613 459 548 1 1 1 1644507818 348102 540000.000000 1 4
767 574 467 513 1 1 1 1644507818 348102 540000.000000 1 4
801 654 451 583 1 1 1 1644507818 348102 720000.000000 1 4
789 615 459 548 1 1 1 1644507818 348102 720000.000000 1 4
747 570 467 513 1 1 1 1644507819 27521 0.000000 1 4
830 529 560 373 3 1 1 1644507819 537600 0.000000 1 2
832 483 580 338 3 1 1 1644507819 537600 0.000000 1 2
627 318 600 303 3 1 1 1644507819 537600 0.000000 1 2
848 539 560 373 3 1 1 1644507819 877553 0.000000 1 2
607 353 580 338 3 1 1 1644507819 877553 0.000000 1 2
627 318 600 303 3 1 1 1644507819 877553 0.000000 1 2
587 388 560 373 3 1 1 1644507819 877553 180000.000000 1 2
607 353 580 338 3 1 1 1644507819 877553 180000.000000 1 2
627 318 600 303 3 1 1 1644507819 877553 180000.000000 1 2
587 388 560 373 3 1 1 1644507820 48031 0.000000 1 2
607 353 580 338 3 1 1 1644507820 48031 0.000000 1 2
627 318 600 303 3 1 1 1644507820 48031 0.000000 1 2
587 388 560 373 3 1 1 1644507820 48032 180000.000000 1 2
1529 498 1552 478 3 1 1 1644507820 251458 0.000000 1 3
1489 463 1512 443 3 1 1 1644507820 251458 0.000000 1 3
871 668 451 583 3 1 1 1644507825 793349 0.000000 1 4
869 631 459 548 3 1 1 1644507825 793349 0.000000 1 4
857 592 467 513 3 1 1 1644507825 793349 0.000000 1 4
871 668 451 583 3 1 1 1644507825 793349 180000.000000 1 4
1529 498 1552 478 3 1 1 1644507826 31633 0.000000 1 3
1489 463 1512 443 3 1 1 1644507827 17730 0.000000 1 3
3 3 1 0 33 0 0
1 2
1 3
1 0
555 477 499 583 2 1 1 1644507818 348104 0.000000 2 4
500 466 459 548 2 1 1 1644507818 348104 0.000000 2 4
435 474 419 513 2 1 1 1644507818 348104 0.000000 2 4
550 485 499 583 2 1 1 1644507818 348104 180000.000000 2 4
480 500 459 548 2 1 1 1644507818 348109 180000.000000 2 4
431 483 419 513 2 1 1 1644507818 348109 180000.000000 2 4
515 544 499 583 2 1 1 1644507818 348109 360000.000000 2 4
471 518 459 548 2 1 1 1644507818 348110 360000.000000 2 4
431 483 419 513 2 1 1 1644507818 348110 360000.000000 2 4
511 553 499 583 2 1 1 1644507818 348110 540000.000000 2 4
471 518 459 548 2 1 1 1644507818 348110 540000.000000 2 4
431 483 419 513 2 1 1 1644507818 348110 540000.000000 2 4
511 553 499 583 2 1 1 1644507818 348110 720000.000000 2 4
471 518 459 548 2 1 1 1644507818 348110 720000.000000 2 4
431 483 419 513 2 1 1 1644507819 299762 0.000000 2 4
511 553 499 583 2 1 1 1644507820 13558 0.000000 2 4
471 518 459 548 2 1 1 1644507821 33801 0.000000 2 4
431 483 419 513 3 1 1 1644507825 793349 0.000000 2 4
555 477 499 583 3 1 1 1644507825 793349 0.000000 2 4
471 518 459 548 3 1 1 1644507825 793349 0.000000 2 4
431 483 419 513 3 1 1 1644507825 793349 180000.000000 2 4
555 477 499 583 3 1 1 1644507825 793349 180000.000000 2 4
471 518 459 548 3 1 1 1644507825 793349 180000.000000 2 4
431 483 419 513 3 1 1 1644507825 793349 360000.000000 2 4
511 553 499 583 3 1 1 1644507825 793350 360000.000000 2 4
471 518 459 548 3 1 1 1644507825 793350 360000.000000 2 4
431 483 419 513 3 1 1 1644507825 793350 540000.000000 2 4
511 553 499 583 3 1 1 1644507825 793350 540000.000000 2 4
471 518 459 548 3 1 1 1644507825 793350 540000.000000 2 4
431 483 419 513 3 1 1 1644507825 793350 720000.000000 2 4
511 553 499 583 3 1 1 1644507825 793350 720000.000000 2 4
1327 432 1552 478 3 0 1 1644507826 31633 0.000000 2 3
1071 357 1557 443 3 0 1 1644507827 17731 0.000000 2 3
3 4 4 0 24 0 0
5 4
5 3
5 2
6 5
1363 774 1349 793 3 1 1 1644507818 348110 0.000000 3 1
1323 739 1309 758 3 1 1 1644507818 348110 0.000000 3 1
1283 704 1269 723 3 1 1 1644507818 348110 0.000000 3 1
1363 774 1349 793 3 1 1 1644507818 348110 180000.000000 3 1
1323 739 1309 758 3 1 1 1644507818 348110 180000.000000 3 1
1283 704 1269 723 3 1 1 1644507818 348110 180000.000000 3 1
1363 774 1349 793 3 1 1 1644507818 348111 360000.000000 3 1
1323 739 1309 758 3 1 1 1644507818 348111 360000.000000 3 1
1283 704 1269 723 3 1 1 1644507818 348111 360000.000000 3 1
1363 774 1349 793 3 1 1 1644507818 348111 540000.000000 3 1
1323 739 1309 758 3 1 1 1644507818 348111 540000.000000 3 1
1283 704 1269 723 3 1 1 1644507818 348111 540000.000000 3 1
1363 774 1349 793 3 1 1 1644507818 348111 720000.000000 3 1
1323 739 1309 758 3 1 1 1644507818 348111 720000.000000 3 1
617 306 585 303 3 1 1 1644507819 537600 0.000000 3 2
607 376 575 373 3 1 1 1644507820 48032 0.000000 3 2
1088 741 1066 758 3 1 1 1644507825 793350 0.000000 3 0
1068 706 1046 723 3 1 1 1644507825 793350 0.000000 3 0
1108 776 1086 793 3 1 1 1644507825 793350 0.000000 3 0
1088 741 1066 758 3 1 1 1644507825 793350 180000.000000 3 0
1068 706 1046 723 3 1 1 1644507825 793350 180000.000000 3 0
1108 776 1086 793 3 1 1 1644507825 793350 180000.000000 3 0
1088 741 1066 758 3 1 1 1644507825 793350 360000.000000 3 0
870 471 457 513 3 0 1 1644507826 541458 0.000000 3 4
3 1 13 0 32 0 0
1 5
829 667 1301 793 4 1 1 1644507818 348102 0.000000 4 1
837 632 1309 758 4 1 1 1644507818 348102 0.000000 4 1
845 597 1317 723 4 1 1 1644507818 348102 0.000000 4 1
829 667 1301 793 4 1 1 1644507818 348102 180000.000000 4 1
837 632 1309 758 4 1 1 1644507818 348102 180000.000000 4 1
530 527 1317 723 4 1 1 1644507818 348102 180000.000000 4 1
829 667 1301 793 4 1 1 1644507818 348102 360000.000000 4 1
819 628 1309 758 4 1 1 1644507818 348102 360000.000000 4 1
512 523 1317 723 4 1 1 1644507818 348102 360000.000000 4 1
829 667 1301 793 4 1 1 1644507818 348102 540000.000000 4 1
810 626 1309 758 4 1 1 1644507818 348102 540000.000000 4 1
503 521 1317 723 4 1 1 1644507818 348102 540000.000000 4 1
532 601 1301 793 4 1 1 1644507818 348102 720000.000000 4 1
486 554 1309 758 4 1 1 1644507818 348102 720000.000000 4 1
467 513 1317 723 4 1 1 1644507819 27522 0.000000 4 1
748 649 1301 793 2 1 1 1644507819 605582 0.000000 4 1
729 608 1309 758 2 1 1 1644507819 605582 0.000000 4 1
710 567 1317 723 2 1 1 1644507819 605582 0.000000 4 1
1279 786 1301 793 2 1 1 1644507819 605582 180000.000000 4 1
738 610 1309 758 2 1 1 1644507819 605583 180000.000000 4 1
710 567 1317 723 2 1 1 1644507819 605583 180000.000000 4 1
695 557 1554 513 2 1 1 1644507820 81628 0.000000 4 3
774 513 1552 478 2 1 1 1644507820 81629 0.000000 4 3
781 477 1550 443 2 1 1 1644507820 81629 0.000000 4 3
794 546 1554 513 2 1 1 1644507820 81629 180000.000000 4 3
828 630 1309 758 2 1 1 1644507825 829160 0.000000 4 1
566 535 1317 723 2 1 1 1644507825 829161 0.000000 4 1
829 667 1301 793 2 1 1 1644507825 829161 0.000000 4 1
810 626 1309 758 2 1 1 1644507825 829161 180000.000000 4 1
566 535 1317 723 2 1 1 1644507825 829161 180000.000000 4 1
820 665 1301 793 2 1 1 1644507825 829161 180000.000000 4 1
1170 714 1309 758 2 0 1 1644507825 829161 360000.000000 4 1
10 2 20 0 0 0 0
4 1
4 3
10 2 20 0 0 0 0
3 4
4 5
10 2 20 0 0 0 0
6 4
6 2
10 1 20 0 0 0 0
3 1
10 2 20 0 0 0 0
0 2
0 0
10 4 20 0 0 0 0
1 8
1 9
1 10
2 7
10 2 20 0 0 0 0
2 5
2 4
10 1 20 0 0 0 0
4 4
3
4 1291 462 1 1 1644507820 727522 0.000000 3
4 756 605 1 1 1644507819 265623 0.000000 4
4 886 742 0 0 0 0 0.000000 0
0 1 10 -1 -1 1
0 1 10 -1 -1 1
0 1 10 -1 -1 1
0 1 10 -1 -1 1
0 1 10 -1 -1 1
0
