arya                            
8 50 20 10 0
7 9 92 194 4 1 13
213 264 0 0 0 0
456 264 1 4 1 1
699 264 1 3 0 1
942 264 0 0 0 0
1185 264 1 0 0 0
1428 264 0 0 0 0
1671 264 1 0 0 0
92 334 1 2 1 1
335 334 1 4 0 1
578 334 1 0 0 1
821 334 1 3 1 1
1064 334 0 0 0 0
1307 334 1 0 0 0
1550 334 0 0 0 0
213 404 1 2 0 1
456 404 0 0 0 0
699 404 1 0 0 1
942 404 0 0 0 0
1185 404 0 0 0 0
1428 404 0 0 0 0
1671 404 1 0 0 0
92 474 0 0 0 0
335 474 1 0 0 0
578 474 1 0 1 1
821 474 1 3 0 1
1064 474 0 0 0 0
1307 474 1 11 0 1
1550 474 1 1 0 1
213 544 1 7 0 1
456 544 0 0 0 0
699 544 0 0 0 0
942 544 1 8 1 1
1185 544 1 11 1 1
1428 544 1 1 0 1
1671 544 1 1 0 1
92 614 1 7 1 1
335 614 1 5 0 1
578 614 1 0 0 1
821 614 0 0 0 0
1064 614 1 8 0 1
1307 614 0 0 0 0
1550 614 1 1 1 1
213 684 1 7 0 1
456 684 1 5 1 1
699 684 1 12 1 1
942 684 0 0 0 0
1185 684 0 0 0 0
1428 684 0 0 0 0
1671 684 0 0 0 0
92 754 0 0 0 0
335 754 0 0 0 0
578 754 0 0 0 0
821 754 0 0 0 0
1064 754 1 10 0 1
1307 754 1 9 1 1
1550 754 1 1 0 1
213 824 0 0 0 0
456 824 0 0 0 0
699 824 0 0 0 0
942 824 1 10 1 1
1185 824 0 0 0 0
1428 824 0 0 0 0
1671 824 1 6 1 1
0 4 10 0 0 0 0
2 3
2 2
2 5
2 1
2 5 10 0 0 0 0
6 5
6 4
6 7
6 3
5 4
3 2 10 0 0 0 0
0 1
0 2
4 3 10 0 0 0 0
3 1
3 3
2 0
1 2 10 0 0 0 0
1 0
1 1
10 2 20 0 0 0 0
1 6
1 5
10 1 20 0 0 0 0
6 8
10 3 20 0 0 0 0
0 5
0 6
0 4
10 2 20 0 0 0 0
3 4
4 5
10 1 20 0 0 0 0
5 7
10 2 20 0 0 0 0
3 8
4 7
10 2 20 0 0 0 0
4 4
5 3
10 1 20 0 0 0 0
2 6
0
0 1 10 -1 1
0 1 10 -1 1
0 1 10 -1 1
0 1 10 -1 1
0 1 10 -1 1
0
