arya                            
8 50 20 10
7 11 120 91 6 1 15
241 161 0 0 0 0
484 161 1 7 0 1
727 161 1 11 1 1
970 161 0 0 0 0
1213 161 1 1 0 1
1456 161 0 0 0 0
1699 161 0 0 0 0
120 231 1 0 0 0
363 231 1 7 1 1
606 231 0 0 0 0
849 231 0 0 0 0
1092 231 1 13 1 1
1335 231 1 1 1 1
1578 231 1 0 1 1
241 301 0 0 0 0
484 301 0 0 0 0
727 301 0 0 0 0
970 301 0 0 0 0
1213 301 0 0 0 0
1456 301 1 0 0 1
1699 301 0 0 0 0
120 371 1 0 0 0
363 371 0 0 0 0
606 371 1 4 0 1
849 371 0 0 0 0
1092 371 1 8 0 1
1335 371 0 0 0 0
1578 371 1 0 0 1
241 441 0 0 0 0
484 441 0 0 0 0
727 441 1 4 0 1
970 441 1 9 1 1
1213 441 1 8 1 1
1456 441 1 2 1 1
1699 441 1 14 1 1
120 511 0 0 0 0
363 511 1 6 1 1
606 511 1 4 1 1
849 511 1 9 0 1
1092 511 0 0 0 0
1335 511 1 2 0 1
1578 511 0 0 0 0
241 581 0 0 0 0
484 581 0 0 0 0
727 581 1 4 0 1
970 581 0 0 0 0
1213 581 1 8 0 1
1456 581 1 2 0 1
1699 581 0 0 0 0
120 651 1 3 1 1
363 651 0 0 0 0
606 651 1 4 0 1
849 651 0 0 0 0
1092 651 0 0 0 0
1335 651 0 0 0 0
1578 651 1 10 0 1
241 721 0 0 0 0
484 721 0 0 0 0
727 721 0 0 0 0
970 721 0 0 0 0
1213 721 0 0 0 0
1456 721 1 0 0 0
1699 721 1 10 1 1
120 791 1 3 0 1
363 791 0 0 0 0
606 791 0 0 0 0
849 791 0 0 0 0
1092 791 1 5 0 1
1335 791 1 5 0 1
1578 791 1 10 0 1
241 861 0 0 0 0
484 861 1 0 0 0
727 861 1 12 1 1
970 861 0 0 0 0
1213 861 1 5 1 1
1456 861 0 0 0 0
1699 861 0 0 0 0
0 3 10 0 0 0 0
6 1
6 3
5 2
2 2 10 0 0 0 0
5 1
4 0
4 3 10 0 0 0 0
5 4
5 5
5 6
6 2 10 0 0 0 0
0 7
0 9
1 5 10 0 0 0 0
2 5
2 6
2 4
2 7
2 3
5 3 10 0 0 0 0
4 10
4 9
5 9
3 1 10 0 0 0 0
1 5
10 2 20 0 0 0 0
1 1
1 0
10 3 20 0 0 0 0
4 4
4 3
4 6
10 2 20 0 0 0 0
3 4
3 5
10 3 20 0 0 0 0
6 8
6 9
6 7
10 1 20 0 0 0 0
2 0
10 1 20 0 0 0 0
2 10
10 1 20 0 0 0 0
4 1
10 1 20 0 0 0 0
6 4
0
0 0 10 -1 1
0 1 10 -1 1
0 1 10 -1 1
0 1 10 -1 1
0 1 10 -1 1
0 1 10 -1 1
0 1 10 -1 1
0
