arya                            
8 50 20 10 0 1
7 11 75 105 4 1 13
196 175 0 0 0 0
439 175 1 0 0 0
682 175 0 0 0 0
925 175 0 0 0 0
1168 175 1 4 0 1
1411 175 0 0 0 0
1654 175 0 0 0 0
75 245 1 2 1 1
318 245 0 0 0 0
561 245 1 0 0 0
804 245 1 0 0 0
1047 245 1 0 0 0
1290 245 1 4 1 1
1533 245 1 0 1 1
196 315 1 2 0 1
439 315 0 0 0 0
682 315 1 0 0 0
925 315 1 0 0 0
1168 315 1 4 0 1
1411 315 0 0 0 0
1654 315 0 0 0 0
75 385 1 2 0 1
318 385 1 3 1 1
561 385 0 0 0 0
804 385 0 0 0 0
1047 385 0 0 0 0
1290 385 0 0 0 0
1533 385 0 0 0 0
196 455 0 0 0 0
439 455 0 0 0 0
682 455 1 0 0 0
925 455 0 0 0 0
1168 455 1 10 1 1
1411 455 1 11 1 1
1654 455 0 0 0 0
75 525 1 12 0 1
318 525 0 0 0 0
561 525 1 0 0 0
804 525 0 0 0 0
1047 525 0 0 0 0
1290 525 0 0 0 0
1533 525 1 11 0 1
196 595 1 12 0 1
439 595 1 0 0 0
682 595 0 0 0 0
925 595 1 6 0 1
1168 595 0 0 0 0
1411 595 0 0 0 0
1654 595 0 0 0 0
75 665 1 12 1 1
318 665 0 0 0 0
561 665 0 0 0 0
804 665 0 0 0 0
1047 665 1 6 1 1
1290 665 0 0 0 0
1533 665 0 0 0 0
196 735 1 12 0 1
439 735 1 8 0 1
682 735 0 0 0 0
925 735 0 0 0 0
1168 735 1 5 0 1
1411 735 1 1 1 1
1654 735 0 0 0 0
75 805 0 0 0 0
318 805 0 0 0 0
561 805 1 8 1 1
804 805 1 7 1 1
1047 805 0 0 0 0
1290 805 0 0 0 0
1533 805 0 0 0 0
196 875 0 0 0 0
439 875 0 0 0 0
682 875 1 7 0 1
925 875 0 0 0 0
1168 875 1 5 1 1
1411 875 0 0 0 0
1654 875 1 9 1 1
0 1 10 0 0 0 0
6 1
1 1 10 0 0 0 0
5 8
2 3 10 0 0 0 0
0 1
0 2
0 3
3 1 10 0 0 0 0
1 3
4 3 10 0 0 0 0
5 1
4 2
4 0
10 2 20 0 0 0 0
4 10
4 8
10 2 20 0 0 0 0
4 7
3 6
10 2 20 0 0 0 0
3 9
2 10
10 2 20 0 0 0 0
2 9
1 8
10 1 20 0 0 0 0
6 10
10 1 20 0 0 0 0
4 4
10 2 20 0 0 0 0
5 4
6 5
10 4 20 0 0 0 0
0 7
0 8
0 6
0 5
0
0 1 10 -1 -1 1
0 1 10 -1 -1 1
0 1 10 -1 -1 1
0 1 10 -1 -1 1
0 1 10 -1 -1 1
0
