arya                            
8 50 20 10 0 1
7 11 151 80 4 1 13
272 150 1 7 0 1
515 150 0 0 0 0
758 150 1 0 0 0
1001 150 1 8 1 1
1244 150 0 0 0 0
1487 150 1 3 1 1
1730 150 0 0 0 0
151 220 0 0 0 0
394 220 1 1 0 1
637 220 1 1 0 1
880 220 1 8 0 1
1123 220 0 0 0 0
1366 220 1 3 0 1
1609 220 1 3 0 1
272 290 1 7 1 1
515 290 1 1 1 1
758 290 0 0 0 0
1001 290 1 8 0 1
1244 290 0 0 0 0
1487 290 0 0 0 0
1730 290 0 0 0 0
151 360 1 7 0 1
394 360 0 0 0 0
637 360 0 0 0 0
880 360 0 0 0 0
1123 360 1 2 0 1
1366 360 0 0 0 0
1609 360 1 0 0 0
272 430 0 0 0 0
515 430 0 0 0 0
758 430 0 0 0 0
1001 430 0 0 0 0
1244 430 1 2 1 1
1487 430 0 0 0 0
1730 430 1 4 0 1
151 500 1 9 0 1
394 500 1 5 0 1
637 500 1 5 0 1
880 500 1 11 0 1
1123 500 0 0 0 0
1366 500 0 0 0 0
1609 500 1 4 0 1
272 570 1 9 1 1
515 570 1 5 1 1
758 570 0 0 0 0
1001 570 0 0 0 0
1244 570 1 2 0 1
1487 570 1 10 1 1
1730 570 1 4 1 1
151 640 1 9 0 1
394 640 1 5 0 1
637 640 0 0 0 0
880 640 1 11 1 1
1123 640 1 0 0 0
1366 640 0 0 0 0
1609 640 1 4 0 1
272 710 0 0 0 0
515 710 0 0 0 0
758 710 0 0 0 0
1001 710 0 0 0 0
1244 710 0 0 0 0
1487 710 1 0 0 1
1730 710 0 0 0 0
151 780 1 0 0 0
394 780 1 0 0 0
637 780 0 0 0 0
880 780 0 0 0 0
1123 780 0 0 0 0
1366 780 1 0 1 1
1609 780 0 0 0 0
272 850 0 0 0 0
515 850 0 0 0 0
758 850 1 12 1 1
1001 850 1 6 1 1
1244 850 1 0 0 1
1487 850 1 0 0 1
1730 850 0 0 0 0
0 4 50 0 0 0 0
5 9
5 10
5 8
4 10
2 3 0 0 58 0 0
1 2
1 1
2 1
687 390 1299 515 1 1 1 1644503475 854303 0.000000 1 2
693 355 1305 480 1 1 1 1644503475 854303 0.000000 1 2
699 320 1311 445 1 1 1 1644503475 854303 0.000000 1 2
651 384 1299 515 1 1 1 1644503480 854303 180000.000000 1 2
657 349 1305 480 1 1 1 1644503480 854303 180000.000000 1 2
663 314 1311 445 1 1 1 1644503480 854303 180000.000000 1 2
606 379 1299 515 1 1 1 1644503480 854303 360000.000000 1 2
612 344 1305 480 1 1 1 1644503480 854303 360000.000000 1 2
618 309 1311 445 1 1 1 1644503480 854303 360000.000000 1 2
570 375 1299 515 1 1 1 1644503485 854303 540000.000000 1 2
576 340 1305 480 1 1 1 1644503485 854303 540000.000000 1 2
582 305 1311 445 1 1 1 1644503485 854303 540000.000000 1 2
570 375 1299 515 1 1 1 1644503485 854303 720000.000000 1 2
576 340 1305 480 1 1 1 1644503485 854303 720000.000000 1 2
582 305 1311 445 1 1 1 1644503485 854304 720000.000000 1 2
570 375 1299 515 1 1 1 1644503485 854304 900000.000000 1 2
576 340 1305 480 1 1 1 1644503485 854304 900000.000000 1 2
582 305 1311 445 1 1 1 1644503485 854304 900000.000000 1 2
570 375 1299 515 1 1 1 1644503485 854304 1080000.000000 1 2
576 340 1305 480 1 1 1 1644503485 854304 1080000.000000 1 2
529 312 293 585 1 1 1 1644503484 591793 0.000000 1 9
616 375 373 655 1 1 1 1644503484 591794 0.000000 1 9
576 340 333 620 1 1 1 1644503484 591794 0.000000 1 9
307 566 293 585 1 1 1 1644503484 591794 180000.000000 1 9
616 375 373 655 1 1 1 1644503484 591794 180000.000000 1 9
576 340 333 620 1 1 1 1644503484 591794 180000.000000 1 9
307 566 293 585 1 1 1 1644503484 591794 360000.000000 1 9
616 375 373 655 1 1 1 1644503484 591794 360000.000000 1 9
576 340 333 620 1 1 1 1644503484 591794 360000.000000 1 9
307 566 293 585 1 1 1 1644503485 35580 0.000000 1 9
616 375 373 655 1 1 1 1644503486 20693 0.000000 1 9
576 340 333 620 1 1 1 1644503487 41537 0.000000 1 9
307 566 293 585 1 1 1 1644503488 26917 0.000000 1 9
616 375 373 655 1 1 1 1644503489 13294 0.000000 1 9
576 340 333 620 1 1 1 1644503490 32855 0.000000 1 9
307 566 293 585 1 1 1 1644503491 19731 0.000000 1 9
616 375 373 655 1 1 1 1644503492 38827 0.000000 1 9
576 340 333 620 1 1 1 1644503493 24312 0.000000 1 9
307 566 293 585 1 1 1 1644503494 10847 0.000000 1 9
616 375 373 655 1 1 1 1644503495 31238 0.000000 1 9
576 340 1305 480 2 1 1 1644503495 302468 0.000000 1 2
1284 439 1311 445 2 1 1 1644503496 21664 0.000000 1 2
1272 509 1299 515 2 1 1 1644503496 425969 0.000000 1 2
1278 474 1305 480 2 1 1 1644503496 425969 0.000000 1 2
1284 439 1311 445 2 1 1 1644503497 36605 0.000000 1 2
1272 509 1299 515 2 1 1 1644503497 274610 0.000000 1 2
1278 474 1305 480 2 1 1 1644503497 274618 0.000000 1 2
1081 844 1102 865 2 1 1 1644503498 23009 0.000000 1 6
1001 914 1022 935 2 1 1 1644503499 42546 0.000000 1 6
1278 474 1305 480 2 1 1 1644503500 29296 0.000000 1 2
1284 439 1311 445 2 1 1 1644503501 13771 0.000000 1 2
1272 509 1299 515 2 1 1 1644503502 35905 0.000000 1 2
576 590 576 620 2 1 1 1644503504 210148 0.000000 1 5
536 590 536 620 2 1 1 1644503504 210148 0.000000 1 5
616 590 616 620 2 1 1 1644503507 33135 0.000000 1 5
576 590 576 620 2 1 1 1644503507 33135 0.000000 1 5
536 590 536 620 2 1 1 1644503507 33135 0.000000 1 5
595 396 373 655 2 0 1 1644503508 35523 0.000000 1 9
2 3 -14 -14 87 0 0
4 4
4 3
4 6
1357 499 1588 235 2 1 1 1644503475 854281 0.000000 2 3
1317 464 1548 200 2 1 1 1644503475 854281 0.000000 2 3
1277 429 1508 165 2 1 1 1644503475 854281 0.000000 2 3
1523 297 1588 235 2 1 1 1644503480 854282 180000.000000 2 3
1448 297 1548 200 2 1 1 1644503480 854298 180000.000000 2 3
1443 227 1508 165 2 1 1 1644503480 854298 180000.000000 2 3
1565 255 1588 235 2 1 1 1644503480 854298 360000.000000 2 3
1525 220 1548 200 2 1 1 1644503480 854298 360000.000000 2 3
1471 199 1508 165 2 1 1 1644503480 854298 360000.000000 2 3
1565 255 1588 235 2 1 1 1644503480 854298 540000.000000 2 3
1525 220 1548 200 2 1 1 1644503480 854298 540000.000000 2 3
1485 185 1508 165 2 1 1 1644503480 854298 540000.000000 2 3
1565 255 1588 235 2 1 1 1644503480 854298 720000.000000 2 3
1525 220 1548 200 2 1 1 1644503480 854298 720000.000000 2 3
1485 185 1508 165 2 1 1 1644503480 854298 720000.000000 2 3
1565 255 1588 235 2 1 1 1644503480 854298 900000.000000 2 3
1525 220 1548 200 2 1 1 1644503480 854299 900000.000000 2 3
1485 185 1508 165 2 1 1 1644503480 854299 900000.000000 2 3
1565 255 1588 235 2 1 1 1644503480 854299 1080000.000000 2 3
1525 220 1548 200 2 1 1 1644503480 854299 1080000.000000 2 3
1408 262 1508 165 2 1 1 1644503479 17027 0.000000 2 3
1488 332 1588 235 2 1 1 1644503480 44707 0.000000 2 3
1455 290 1548 200 2 1 1 1644503481 23773 0.000000 2 3
751 333 582 305 2 1 1 1644503482 892555 0.000000 2 1
669 389 570 375 2 1 1 1644503486 597268 0.000000 2 1
655 350 576 340 2 1 1 1644503486 597268 0.000000 2 1
641 311 582 305 2 1 1 1644503486 597268 0.000000 2 1
639 383 570 375 2 1 1 1644503486 597268 180000.000000 2 1
635 346 576 340 2 1 1 1644503488 60745 0.000000 2 1
621 308 582 305 2 1 1 1644503488 60745 0.000000 2 1
669 389 570 375 2 1 1 1644503490 66775 0.000000 2 1
635 346 576 340 2 1 1 1644503490 66775 0.000000 2 1
621 308 582 305 2 1 1 1644503492 73055 0.000000 2 1
629 381 570 375 2 1 1 1644503492 73056 0.000000 2 1
605 342 576 340 2 1 1 1644503494 44692 0.000000 2 1
611 307 582 305 2 1 1 1644503494 44692 0.000000 2 1
1619 604 1781 655 2 1 1 1644503496 21665 0.000000 2 4
1629 569 1791 620 2 1 1 1644503496 21666 0.000000 2 4
1684 548 1801 585 2 1 1 1644503497 274619 0.000000 2 4
1646 612 1781 655 2 1 1 1644503499 42548 0.000000 2 4
1719 597 1791 620 2 1 1 1644503499 42548 0.000000 2 4
1747 568 1801 585 2 1 1 1644503499 42548 0.000000 2 4
1727 638 1781 655 2 1 1 1644503499 926874 0.000000 2 4
1737 603 1791 620 2 1 1 1644503499 926874 0.000000 2 4
1747 568 1801 585 2 1 1 1644503499 926874 0.000000 2 4
1727 638 1781 655 2 1 1 1644503499 926874 180000.000000 2 4
1737 603 1791 620 2 1 1 1644503499 926874 180000.000000 2 4
1747 568 1801 585 2 1 1 1644503501 13772 0.000000 2 4
1727 638 1781 655 2 1 1 1644503501 13772 0.000000 2 4
605 611 576 620 2 1 1 1644503504 210149 0.000000 2 5
599 576 570 585 2 1 1 1644503504 210149 0.000000 2 5
611 646 582 655 2 1 1 1644503504 210149 0.000000 2 5
605 611 576 620 2 1 1 1644503504 210149 180000.000000 2 5
599 576 570 585 2 1 1 1644503504 210149 180000.000000 2 5
611 646 582 655 2 1 1 1644503504 210149 180000.000000 2 5
605 611 576 620 2 1 1 1644503504 210149 360000.000000 2 5
599 576 570 585 2 1 1 1644503504 210149 360000.000000 2 5
611 646 582 655 2 1 1 1644503504 210149 360000.000000 2 5
605 611 576 620 2 1 1 1644503504 210149 540000.000000 2 5
599 576 570 585 2 1 1 1644503504 210149 540000.000000 2 5
611 646 582 655 2 1 1 1644503504 210150 540000.000000 2 5
605 611 576 620 2 1 1 1644503504 210150 720000.000000 2 5
599 576 570 585 2 1 1 1644503504 210150 720000.000000 2 5
611 646 582 655 2 1 1 1644503504 210150 720000.000000 2 5
605 611 576 620 2 1 1 1644503504 210150 900000.000000 2 5
599 576 570 585 2 1 1 1644503504 210150 900000.000000 2 5
611 646 582 655 2 1 1 1644503504 210150 900000.000000 2 5
605 611 576 620 2 1 1 1644503504 210150 1080000.000000 2 5
599 576 570 585 2 1 1 1644503504 210168 1080000.000000 2 5
611 646 582 655 2 1 1 1644503504 210168 1080000.000000 2 5
605 611 576 620 2 1 1 1644503504 210168 1260000.000000 2 5
599 576 570 585 2 1 1 1644503504 210168 1260000.000000 2 5
611 646 582 655 2 1 1 1644503504 210168 1260000.000000 2 5
605 611 576 620 2 1 1 1644503504 210168 1440000.000000 2 5
599 576 570 585 2 1 1 1644503504 210168 1440000.000000 2 5
611 646 582 655 2 1 1 1644503504 210168 1440000.000000 2 5
625 607 576 620 2 0 1 1644503504 210168 1620000.000000 2 5
619 572 570 585 2 0 1 1644503504 210168 1620000.000000 2 5
631 642 582 655 2 0 1 1644503504 210168 1620000.000000 2 5
675 597 576 620 2 0 1 1644503504 210168 1800000.000000 2 5
669 562 570 585 2 0 1 1644503504 210168 1800000.000000 2 5
681 632 582 655 2 0 1 1644503504 210169 1800000.000000 2 5
985 535 576 620 2 0 1 1644503507 33135 0.000000 2 5
979 500 570 585 2 0 1 1644503507 33135 0.000000 2 5
991 570 582 655 2 0 1 1644503507 33135 0.000000 2 5
1025 527 576 620 2 0 1 1644503507 33135 180000.000000 2 5
1270 448 328 585 2 0 1 1644503508 35524 0.000000 2 9
2 3 0 0 66 0 0
5 0
5 1
6 1
1389 456 1345 515 3 1 1 1644503475 854299 0.000000 3 2
1349 421 1305 480 3 1 1 1644503475 854299 0.000000 3 2
1309 386 1265 445 3 1 1 1644503475 854299 0.000000 3 2
1359 496 1345 515 3 1 1 1644503475 854299 180000.000000 3 2
1319 461 1305 480 3 1 1 1644503475 854299 180000.000000 3 2
1279 426 1265 445 3 1 1 1644503475 854299 180000.000000 3 2
1359 496 1345 515 3 1 1 1644503475 854299 360000.000000 3 2
1319 461 1305 480 3 1 1 1644503475 854299 360000.000000 3 2
1279 426 1265 445 3 1 1 1644503475 854300 360000.000000 3 2
1359 496 1345 515 3 1 1 1644503475 854300 540000.000000 3 2
1319 461 1305 480 3 1 1 1644503475 854300 540000.000000 3 2
1279 426 1265 445 3 1 1 1644503475 854300 540000.000000 3 2
1359 496 1345 515 3 1 1 1644503475 854300 720000.000000 3 2
1319 461 1305 480 3 1 1 1644503475 854300 720000.000000 3 2
1279 426 1265 445 3 1 1 1644503475 854300 720000.000000 3 2
1359 496 1345 515 3 1 1 1644503475 854300 900000.000000 3 2
1319 461 1305 480 3 1 1 1644503475 854300 900000.000000 3 2
1279 426 1265 445 3 1 1 1644503475 854300 900000.000000 3 2
1359 496 1345 515 3 1 1 1644503475 854300 1080000.000000 3 2
1319 461 1305 480 3 1 1 1644503475 854300 1080000.000000 3 2
1445 228 1265 445 3 1 1 1644503480 990087 0.000000 3 2
1525 298 1345 515 3 1 1 1644503480 990088 0.000000 3 2
1485 263 1305 480 3 1 1 1644503480 990088 0.000000 3 2
1480 193 1265 445 3 1 1 1644503480 990088 180000.000000 3 2
1560 263 1345 515 3 1 1 1644503480 990088 180000.000000 3 2
1492 256 1305 480 3 1 1 1644503481 23774 0.000000 3 2
1508 165 1265 445 3 1 1 1644503482 42780 0.000000 3 2
743 340 581 375 2 1 1 1644503482 892556 0.000000 3 1
718 309 576 340 2 1 1 1644503482 892556 0.000000 3 1
663 284 571 305 2 1 1 1644503482 892556 0.000000 3 1
723 344 581 375 2 1 1 1644503482 892556 180000.000000 3 1
698 313 576 340 2 1 1 1644503482 892556 180000.000000 3 1
633 290 571 305 2 1 1 1644503482 892556 180000.000000 3 1
693 350 581 375 2 1 1 1644503482 892556 360000.000000 3 1
638 325 576 340 2 1 1 1644503482 892556 360000.000000 3 1
623 292 571 305 2 1 1 1644503482 892556 360000.000000 3 1
663 356 581 375 2 1 1 1644503482 892557 540000.000000 3 1
638 325 576 340 2 1 1 1644503482 892557 540000.000000 3 1
633 290 571 305 2 1 1 1644503486 597268 0.000000 3 1
623 364 581 375 2 1 1 1644503486 597268 0.000000 3 1
628 327 576 340 2 1 1 1644503486 597269 0.000000 3 1
613 294 571 305 2 1 1 1644503486 597269 180000.000000 3 1
623 364 581 375 2 1 1 1644503486 597269 180000.000000 3 1
628 327 576 340 2 1 1 1644503486 597269 180000.000000 3 1
613 294 571 305 2 1 1 1644503488 60745 0.000000 3 1
623 364 581 375 2 1 1 1644503488 60745 0.000000 3 1
628 327 576 340 2 1 1 1644503490 66775 0.000000 3 1
613 294 571 305 2 1 1 1644503490 66775 0.000000 3 1
663 356 581 375 2 1 1 1644503492 73056 0.000000 3 1
598 333 576 340 2 1 1 1644503492 73056 0.000000 3 1
593 298 571 305 2 1 1 1644503494 44692 0.000000 3 1
603 368 581 375 2 1 1 1644503494 44693 0.000000 3 1
1724 504 1791 620 2 1 1 1644503496 21666 0.000000 3 4
1796 525 1831 585 2 1 1 1644503496 21666 0.000000 3 4
1675 523 1751 655 2 1 1 1644503497 274619 0.000000 3 4
1752 552 1791 620 2 1 1 1644503499 42548 0.000000 3 4
1801 533 1831 585 2 1 1 1644503499 42548 0.000000 3 4
1735 627 1751 655 2 1 1 1644503501 13772 0.000000 3 4
1752 552 1791 620 2 1 1 1644503501 13772 0.000000 3 4
586 568 561 585 2 1 1 1644503504 210169 0.000000 3 5
616 638 591 655 2 1 1 1644503504 210169 0.000000 3 5
601 603 576 620 2 1 1 1644503504 210169 0.000000 3 5
1213 289 561 585 2 0 1 1644503507 33135 0.000000 3 5
1243 359 591 655 2 0 1 1644503507 33136 0.000000 3 5
1228 324 576 620 2 0 1 1644503507 33136 0.000000 3 5
1506 174 321 585 2 0 1 1644503508 35524 0.000000 3 9
2 4 0 0 54 0 0
6 6
6 7
6 5
6 4
1671 622 1295 515 4 1 1 1644503475 854304 0.000000 4 2
1681 587 1305 480 4 1 1 1644503475 854304 0.000000 4 2
1691 552 1315 445 4 1 1 1644503475 854304 0.000000 4 2
1701 631 1295 515 4 1 1 1644503480 854305 180000.000000 4 2
1711 596 1305 480 4 1 1 1644503480 854305 180000.000000 4 2
1721 561 1315 445 4 1 1 1644503480 854305 180000.000000 4 2
1751 646 1295 515 4 1 1 1644503480 854305 360000.000000 4 2
1761 611 1305 480 4 1 1 1644503480 854305 360000.000000 4 2
1771 576 1315 445 4 1 1 1644503480 854305 360000.000000 4 2
1781 655 1295 515 4 1 1 1644503485 854305 540000.000000 4 2
1791 620 1305 480 4 1 1 1644503485 854305 540000.000000 4 2
1801 585 1315 445 4 1 1 1644503485 854305 540000.000000 4 2
1781 655 1295 515 4 1 1 1644503485 854305 720000.000000 4 2
1791 620 1305 480 4 1 1 1644503485 854305 720000.000000 4 2
1801 585 1315 445 4 1 1 1644503485 854305 720000.000000 4 2
1781 655 1295 515 4 1 1 1644503485 854305 900000.000000 4 2
1331 485 1305 480 4 1 1 1644503485 854305 900000.000000 4 2
1801 585 1315 445 4 1 1 1644503485 854306 900000.000000 4 2
1321 520 1295 515 4 1 1 1644503485 854306 1080000.000000 4 2
1331 485 1305 480 4 1 1 1644503485 854306 1080000.000000 4 2
1801 585 1315 445 4 1 1 1644503486 938597 0.000000 4 2
1321 520 1295 515 4 1 1 1644503486 938597 0.000000 4 2
1331 485 1305 480 4 1 1 1644503486 938598 0.000000 4 2
1801 585 1315 445 4 1 1 1644503486 938598 180000.000000 4 2
1321 520 1295 515 4 1 1 1644503486 938598 180000.000000 4 2
1331 485 1305 480 4 1 1 1644503486 938598 180000.000000 4 2
1341 450 1315 445 4 1 1 1644503486 938598 360000.000000 4 2
1321 520 1295 515 4 1 1 1644503486 938598 360000.000000 4 2
1331 485 1305 480 4 1 1 1644503486 938598 360000.000000 4 2
1341 450 1315 445 4 1 1 1644503486 938598 540000.000000 4 2
1321 520 1295 515 4 1 1 1644503486 938598 540000.000000 4 2
1331 485 1305 480 4 1 1 1644503487 481569 0.000000 4 2
1341 450 1315 445 4 1 1 1644503488 26919 0.000000 4 2
1321 520 1295 515 4 1 1 1644503489 13297 0.000000 4 2
1331 485 1305 480 4 1 1 1644503490 32857 0.000000 4 2
1341 450 1315 445 4 1 1 1644503491 19734 0.000000 4 2
1321 520 1295 515 4 1 1 1644503492 38829 0.000000 4 2
1331 485 1305 480 4 1 1 1644503493 24314 0.000000 4 2
1341 450 1315 445 4 1 1 1644503494 10849 0.000000 4 2
1321 520 1295 515 4 1 1 1644503495 31241 0.000000 4 2
1331 485 1305 480 4 1 1 1644503496 21667 0.000000 4 2
1341 450 1315 445 4 1 1 1644503497 36607 0.000000 4 2
1321 520 1295 515 4 1 1 1644503498 23012 0.000000 4 2
1331 485 1305 480 4 1 1 1644503499 42549 0.000000 4 2
1341 450 1315 445 4 1 1 1644503500 29297 0.000000 4 2
1321 520 1295 515 4 1 1 1644503501 13773 0.000000 4 2
1331 485 1305 480 4 1 1 1644503502 35906 0.000000 4 2
641 585 576 585 2 0 1 1644503504 210170 0.000000 4 5
641 655 576 655 2 0 1 1644503504 210170 0.000000 4 5
641 620 576 620 2 0 1 1644503504 210170 0.000000 4 5
1471 585 576 585 2 0 1 1644503507 33136 0.000000 4 5
1471 655 576 655 2 0 1 1644503507 33136 0.000000 4 5
1471 620 576 620 2 0 1 1644503507 33136 0.000000 4 5
1761 585 333 585 2 0 1 1644503508 35524 0.000000 4 9
2 4 13 13 16 1 0
1 6
1 7
1 5
2 5
546 655 333 655 2 0 1 1644503508 35524 0.000000 5 9
546 620 333 620 2 0 1 1644503508 35524 0.000000 5 9
546 585 333 585 2 0 1 1644503508 35524 0.000000 5 9
576 655 333 655 2 0 0 1644503508 35525 180000.000000 5 9
576 620 333 620 2 0 0 1644503508 35525 180000.000000 5 9
576 585 333 585 2 0 0 1644503508 35525 180000.000000 5 9
576 655 333 655 2 0 0 1644503508 35525 360000.000000 5 9
576 620 333 620 2 0 0 1644503508 35525 360000.000000 5 9
576 585 333 585 2 0 0 1644503508 35533 360000.000000 5 9
576 655 333 655 2 0 0 1644503508 35533 540000.000000 5 9
576 620 333 620 2 0 0 1644503508 35533 540000.000000 5 9
576 585 333 585 2 0 0 1644503508 35533 540000.000000 5 9
576 655 333 655 2 0 0 1644503508 35533 720000.000000 5 9
576 620 333 620 2 0 0 1644503508 35533 720000.000000 5 9
576 585 333 585 2 0 0 1644503508 35533 720000.000000 5 9
576 655 333 655 2 0 0 1644503508 35533 900000.000000 5 9
10 1 18 0 0 0 0
3 10
10 3 20 0 0 0 0
0 2
0 3
0 0
10 3 20 0 0 0 0
3 0
3 1
3 2
10 3 14 0 0 0 1
0 6
0 7
0 5
10 1 20 0 0 0 0
5 6
10 2 20 0 0 0 0
3 7
3 5
10 1 20 0 0 0 0
2 10
16
2 551 646 0 0 0 0 0.000000 0
2 1499 240 1 1 1644503475 923466 0.000000 3
2 1402 352 1 1 1644503481 328304 0.000000 2
2 891 452 1 1 1644503487 788195 0.000000 2
2 471 444 1 1 1644503495 778598 0.000000 1
2 780 654 0 0 0 0 0.000000 0
2 1295 184 0 0 0 0 0.000000 0
2 1062 429 1 1 1644503492 820479 0.000000 2
2 1141 558 1 0 1644503505 60692 0.000000 2
2 959 762 1 1 1644503500 29230 0.000000 2
2 850 802 0 0 0 0 0.000000 0
2 333 441 0 0 0 0 0.000000 0
2 979 788 0 0 0 0 0.000000 0
2 871 793 0 0 0 0 0.000000 0
2 1236 318 0 0 0 0 0.000000 0
2 678 662 0 0 0 0 0.000000 0
0 1 0 -1 -1 1
0 1 0 2 4 1
0 1 10 2 8 1
0 1 0 -1 -1 1
0 1 0 -1 -1 1
0
