arya                            
8 50 20 10
7 10 113 113 1 1 10
234 183 1 0 0 0
477 183 1 0 0 0
720 183 0 0 0 0
963 183 1 8 0 1
1206 183 1 6 1 1
1449 183 1 0 0 0
1692 183 0 0 0 0
113 253 0 5 1 0
356 253 0 0 0 0
599 253 0 0 0 0
842 253 0 0 0 0
1085 253 0 2 0 0
1328 253 0 2 0 0
1571 253 0 0 0 0
234 323 0 0 0 0
477 323 1 3 0 1
720 323 0 0 0 0
963 323 1 8 1 1
1206 323 1 6 1 1
1449 323 0 0 0 0
1692 323 1 5 1 1
113 393 0 0 0 0
356 393 1 2 0 1
599 393 1 3 1 1
842 393 0 0 0 0
1085 393 1 0 0 1
1328 393 1 9 1 1
1571 393 0 1 1 0
234 463 1 2 0 1
477 463 0 0 1 0
720 463 1 3 0 1
963 463 0 4 0 0
1206 463 0 2 0 0
1449 463 0 1 0 0
1692 463 1 5 0 1
113 533 1 4 1 1
356 533 1 2 1 1
599 533 1 3 0 1
842 533 1 4 1 0
1085 533 1 0 1 1
1328 533 1 9 0 1
1571 533 1 0 0 0
234 603 1 2 0 1
477 603 1 2 0 1
720 603 1 0 0 0
963 603 1 0 0 1
1206 603 0 0 0 0
1449 603 0 0 0 0
1692 603 0 0 0 0
113 673 0 0 0 0
356 673 0 0 0 0
599 673 0 0 0 0
842 673 0 0 0 0
1085 673 0 0 0 0
1328 673 1 1 0 1
1571 673 0 0 0 0
234 743 1 0 0 0
477 743 0 0 0 0
720 743 0 0 0 0
963 743 0 3 0 0
1206 743 1 1 0 1
1449 743 0 0 0 0
1692 743 0 0 0 0
113 813 1 0 0 0
356 813 0 0 0 0
599 813 1 0 0 0
842 813 0 3 1 0
1085 813 1 7 1 1
1328 813 1 1 1 1
1571 813 0 0 0 0
0 3 10 0 0 0
4 5
4 3
3 6
2 3 10 0 0 0
5 9
5 7
4 8
10 5 20 0 0 0
1 5
1 6
1 3
0 6
0 4
10 4 20 0 0 0
2 3
2 4
2 5
1 2
10 1 20 0 0 0
0 5
10 2 20 0 0 0
6 2
6 4
10 2 20 0 0 0
4 0
4 2
10 1 20 0 0 0
4 9
10 2 20 0 0 0
3 2
3 0
10 2 20 0 0 0
5 3
5 5
0
0 10 -1 1
0 10 -1 1
0
