arya                            
8 50 20 10
7 11 11 83 4 1 13
132 153 1 6 1 0
375 153 1 9 1 1
618 153 0 0 1 0
861 153 1 4 1 0
1104 153 1 10 0 1
1347 153 1 4 1 1
1590 153 1 4 1 1
11 223 1 1 1 0
254 223 0 6 0 0
497 223 0 0 0 0
740 223 1 3 1 1
983 223 0 0 0 0
1226 223 1 10 1 1
1469 223 1 4 1 1
132 293 1 8 1 1
375 293 0 8 0 0
618 293 1 3 0 1
861 293 0 2 0 0
1104 293 0 2 1 0
1347 293 1 4 0 1
1590 293 1 4 0 1
11 363 1 8 1 1
254 363 1 1 0 1
497 363 0 3 1 0
740 363 1 3 1 1
983 363 0 2 0 0
1226 363 0 2 1 0
1469 363 1 4 1 1
132 433 1 8 1 1
375 433 1 1 1 1
618 433 0 3 1 0
861 433 0 2 0 0
1104 433 0 2 0 0
1347 433 1 11 1 1
1590 433 1 4 0 0
11 503 0 9 1 0
254 503 0 5 0 0
497 503 0 3 1 0
740 503 1 3 0 1
983 503 1 0 0 0
1226 503 0 2 0 0
1469 503 1 5 1 1
132 573 1 8 0 1
375 573 1 1 1 1
618 573 0 10 0 0
861 573 1 6 1 0
1104 573 1 0 0 0
1347 573 1 5 0 1
1590 573 1 5 1 1
11 643 0 0 0 0
254 643 0 0 0 0
497 643 0 10 0 0
740 643 1 7 1 1
983 643 1 0 1 0
1226 643 1 0 0 0
1469 643 1 5 1 1
132 713 0 10 1 0
375 713 1 0 0 1
618 713 0 10 1 0
861 713 1 7 0 1
1104 713 0 0 1 0
1347 713 0 0 1 0
1590 713 1 5 0 1
11 783 1 2 1 1
254 783 1 0 1 1
497 783 0 11 1 0
740 783 1 7 1 1
983 783 0 0 1 0
1226 783 0 0 0 0
1469 783 0 0 0 0
132 853 1 0 0 1
375 853 0 0 0 0
618 853 1 7 0 1
861 853 0 0 0 0
1104 853 1 12 1 1
1347 853 1 0 0 0
1590 853 1 6 1 1
0 3 10 0 0 0
1 9
1 8
0 10
2 3 10 0 0 0
1 4
1 3
1 6
1 1 10 0 0 0
0 9
4 4 10 0 0 0
3 3
3 5
3 1
2 2
3 6 10 0 0 0
6 1
6 2
6 0
6 3
5 2
5 0
10 5 20 0 0 0
6 7
6 8
6 6
6 5
5 6
10 1 20 0 0 0
6 10
10 4 20 0 0 0
3 9
3 8
3 7
2 10
10 4 20 0 0 0
0 4
0 3
0 6
0 2
10 1 20 0 0 0
1 0
10 2 20 0 0 0
5 1
4 0
10 1 20 0 0 0
5 4
10 1 20 0 0 0
4 10
0
0 10 -1 1
0 10 -1 1
0 10 -1 1
0 10 -1 1
0 10 -1 1
0
