arya                            
8 50 20 10
7 10 160 137 4 1 13
281 207 1 9 1 1
524 207 0 0 0 0
767 207 0 0 0 0
1010 207 1 6 1 1
1253 207 0 0 0 0
1496 207 0 0 0 0
1739 207 0 0 0 0
160 277 0 0 0 0
403 277 0 0 0 0
646 277 1 4 1 1
889 277 0 0 0 0
1132 277 1 6 1 1
1375 277 1 10 1 1
1618 277 1 0 0 0
281 347 0 0 0 0
524 347 1 4 1 1
767 347 1 5 1 1
1010 347 1 6 0 1
1253 347 0 0 0 0
1496 347 0 0 0 0
1739 347 0 0 0 0
160 417 0 0 0 0
403 417 0 0 0 0
646 417 1 4 0 1
889 417 1 3 0 1
1132 417 0 0 0 0
1375 417 0 0 0 0
1618 417 0 0 0 0
281 487 0 0 0 0
524 487 0 0 0 0
767 487 0 0 0 0
1010 487 1 3 1 1
1253 487 0 0 0 0
1496 487 1 1 0 1
1739 487 1 1 0 1
160 557 0 0 0 0
403 557 1 0 1 1
646 557 1 12 1 1
889 557 1 3 1 1
1132 557 1 11 0 1
1375 557 0 0 0 0
1618 557 1 1 1 1
281 627 1 0 1 1
524 627 0 0 0 0
767 627 0 0 0 0
1010 627 1 2 0 1
1253 627 1 11 1 1
1496 627 1 1 0 1
1739 627 0 0 0 0
160 697 1 0 1 1
403 697 0 0 0 0
646 697 0 0 0 0
889 697 0 0 0 0
1132 697 0 0 0 0
1375 697 1 7 0 1
1618 697 1 1 0 1
281 767 1 0 0 1
524 767 0 0 0 0
767 767 1 8 0 1
1010 767 1 2 1 1
1253 767 0 0 0 0
1496 767 1 7 1 1
1739 767 0 0 0 0
160 837 0 0 0 0
403 837 0 0 0 0
646 837 1 8 1 1
889 837 1 2 1 1
1132 837 1 2 1 1
1375 837 0 0 0 0
1618 837 0 0 0 0
0 4 10 0 0 0 0
0 6
0 7
0 8
1 5
2 5 10 0 0 0 0
6 5
6 4
6 7
5 6
5 4
3 4 10 0 0 0 0
3 8
3 9
3 6
4 9
4 3 10 0 0 0 0
3 5
3 4
3 3
1 3 10 0 0 0 0
1 2
2 3
2 1
10 1 20 0 0 0 0
2 2
10 3 20 0 0 0 0
4 1
3 2
3 0
10 2 20 0 0 0 0
5 8
5 7
10 2 20 0 0 0 0
2 9
2 8
10 1 20 0 0 0 0
0 0
10 1 20 0 0 0 0
5 1
10 2 20 0 0 0 0
4 6
4 5
10 1 20 0 0 0 0
2 5
0
0 0 10 -1 1
0 1 10 -1 1
0 1 10 -1 1
0 1 10 -1 1
0 1 10 -1 1
0
