arya                            
8 50 20 10
7 11 1 74 1 1 10
122 144 0 0 0 0
365 144 0 0 0 0
608 144 0 0 0 0
851 144 1 0 0 0
1094 144 0 0 0 0
1337 144 0 0 0 0
1580 144 1 6 1 1
1 214 0 0 0 0
244 214 0 0 0 0
487 214 0 0 0 0
730 214 0 0 0 0
973 214 1 0 0 0
1216 214 1 0 0 0
1459 214 0 0 0 0
122 284 0 0 0 0
365 284 0 0 0 0
608 284 0 0 0 0
851 284 1 0 0 0
1094 284 0 0 0 0
1337 284 0 0 0 0
1580 284 0 0 0 0
1 354 0 0 0 0
244 354 0 0 0 0
487 354 0 0 0 0
730 354 1 8 0 1
973 354 1 0 0 1
1216 354 1 0 0 1
1459 354 1 7 0 1
122 424 0 0 0 0
365 424 1 3 0 1
608 424 1 8 0 1
851 424 0 0 0 0
1094 424 1 0 1 1
1337 424 1 0 0 0
1580 424 1 7 1 1
1 494 1 5 1 1
244 494 1 3 1 1
487 494 0 0 0 0
730 494 1 8 1 1
973 494 1 0 0 1
1216 494 0 0 0 0
1459 494 1 7 0 1
122 564 1 2 0 1
365 564 1 3 0 1
608 564 1 8 0 1
851 564 1 8 0 1
1094 564 1 0 0 1
1337 564 1 0 0 0
1580 564 1 7 0 1
1 634 0 0 0 0
244 634 0 0 0 0
487 634 1 4 0 1
730 634 0 0 0 0
973 634 0 0 0 0
1216 634 0 0 0 0
1459 634 1 0 0 0
122 704 1 2 1 1
365 704 1 4 1 1
608 704 1 9 1 1
851 704 1 0 0 0
1094 704 0 0 0 0
1337 704 0 0 0 0
1580 704 1 0 0 0
1 774 0 0 0 0
244 774 1 2 0 1
487 774 0 0 0 0
730 774 1 9 0 1
973 774 0 0 0 0
1216 774 1 1 1 1
1459 774 1 0 0 0
122 844 0 0 0 0
365 844 1 4 0 1
608 844 0 0 0 0
851 844 1 0 0 0
1094 844 1 1 0 1
1337 844 0 0 0 0
1580 844 0 0 0 0
0 5 10 0 0 0
4 4
4 5
4 3
4 6
5 3
2 2 10 0 0 0
5 9
4 10
10 3 20 0 0 0
0 8
0 6
1 9
10 3 20 0 0 0
1 5
1 6
1 4
10 3 20 0 0 0
1 8
1 10
2 7
10 1 20 0 0 0
0 5
10 1 20 0 0 0
6 0
10 4 20 0 0 0
6 4
6 5
6 3
6 6
10 5 20 0 0 0
3 5
3 6
3 3
2 6
2 4
10 2 20 0 0 0
2 8
3 9
0
0 10 -1 1
0 10 -1 1
0
