arya                            
8 50 20 10
7 9 124 199 4 1 13
245 269 1 5 1 1
488 269 1 5 0 1
731 269 0 1 0 0
974 269 0 0 0 0
1217 269 0 0 1 0
1460 269 0 7 1 0
1703 269 1 2 1 1
124 339 1 5 0 0
367 339 1 5 1 1
610 339 1 11 1 1
853 339 0 2 0 0
1096 339 0 0 1 0
1339 339 1 6 1 1
1582 339 0 0 0 0
245 409 1 5 0 1
488 409 0 1 0 0
731 409 0 1 0 0
974 409 1 4 1 1
1217 409 1 6 0 1
1460 409 1 6 0 1
1703 409 0 0 0 0
124 479 0 1 0 0
367 479 0 2 1 0
610 479 1 11 1 1
853 479 0 2 0 0
1096 479 0 0 0 0
1339 479 0 0 0 0
1582 479 0 0 1 0
245 549 1 7 0 1
488 549 1 9 0 1
731 549 0 3 1 0
974 549 0 0 0 0
1217 549 0 0 0 0
1460 549 1 0 0 1
1703 549 1 12 1 1
124 619 1 7 1 1
367 619 1 9 1 1
610 619 0 3 0 0
853 619 0 3 0 0
1096 619 1 0 0 0
1339 619 1 0 1 1
1582 619 0 0 0 0
245 689 1 3 0 1
488 689 1 9 0 1
731 689 0 3 0 0
974 689 0 3 1 0
1217 689 1 0 0 1
1460 689 0 0 0 0
1703 689 0 0 0 0
124 759 1 3 0 1
367 759 1 3 1 1
610 759 0 5 1 0
853 759 1 10 0 1
1096 759 1 8 0 1
1339 759 0 0 0 0
1582 759 0 0 0 0
245 829 1 3 1 1
488 829 0 6 0 0
731 829 0 0 0 0
974 829 1 10 1 1
1217 829 1 8 1 1
1460 829 0 0 0 0
1703 829 1 1 1 1
0 3 10 0 0 0
5 5
5 4
4 6
2 1 10 0 0 0
6 8
4 1 10 0 0 0
6 0
3 4 10 0 0 0
0 8
0 7
0 6
1 7
1 1 10 0 0 0
3 2
10 4 20 0 0 0
1 1
1 0
0 2
0 0
10 3 20 0 0 0
5 1
5 2
4 2
10 2 20 0 0 0
0 5
0 4
10 2 20 0 0 0
4 8
4 7
10 3 20 0 0 0
1 5
1 6
1 4
10 2 20 0 0 0
3 8
3 7
10 2 20 0 0 0
2 3
2 1
10 1 20 0 0 0
6 4
0
0 10 -1 1
0 10 -1 1
0 10 -1 1
0 10 -1 1
0 10 -1 1
0
