arya                            
8 50 20 10
7 10 85 152 1 1 10
206 222 0 0 0 0
449 222 1 4 0 1
692 222 0 0 0 0
935 222 1 2 1 1
1178 222 0 0 0 0
1421 222 1 0 0 0
1664 222 0 0 0 0
85 292 1 0 0 0
328 292 1 4 1 1
571 292 1 0 0 0
814 292 0 0 0 0
1057 292 0 0 0 0
1300 292 1 0 0 0
1543 292 1 7 0 1
206 362 0 0 0 0
449 362 1 4 0 1
692 362 0 0 0 0
935 362 1 2 0 1
1178 362 0 0 0 0
1421 362 0 0 0 0
1664 362 0 0 0 0
85 432 0 0 0 0
328 432 0 0 0 0
571 432 1 0 0 0
814 432 0 0 0 0
1057 432 1 3 1 1
1300 432 0 0 0 0
1543 432 1 7 1 1
206 502 1 0 0 0
449 502 0 0 0 0
692 502 0 0 0 0
935 502 1 3 0 1
1178 502 0 0 0 0
1421 502 1 7 0 1
1664 502 1 7 0 1
85 572 0 0 0 0
328 572 0 0 0 0
571 572 1 5 0 1
814 572 1 6 0 1
1057 572 1 1 0 1
1300 572 1 0 0 0
1543 572 0 0 0 0
206 642 1 0 0 0
449 642 0 0 0 0
692 642 1 5 0 1
935 642 1 1 0 1
1178 642 0 0 0 0
1421 642 1 0 0 0
1664 642 1 0 0 1
85 712 0 0 0 0
328 712 1 0 0 0
571 712 1 5 1 1
814 712 1 6 1 1
1057 712 1 1 1 1
1300 712 0 0 0 0
1543 712 1 0 0 1
206 782 0 0 0 0
449 782 0 0 0 0
692 782 0 0 0 0
935 782 1 1 0 1
1178 782 1 1 0 1
1421 782 0 0 0 0
1664 782 1 0 1 1
85 852 1 8 1 1
328 852 1 0 0 0
571 852 0 0 0 0
814 852 1 6 0 1
1057 852 1 1 0 1
1300 852 1 9 1 1
1543 852 1 0 0 1
0 4 10 0 0 0
6 8
6 9
6 7
6 6
2 6 10 0 0 0
4 7
4 8
4 9
4 5
3 8
3 6
10 2 20 0 0 0
3 0
3 2
10 2 20 0 0 0
4 3
3 4
10 3 20 0 0 0
1 1
1 2
1 0
10 3 20 0 0 0
2 7
2 6
2 5
10 3 20 0 0 0
3 7
3 9
3 5
10 4 20 0 0 0
6 3
6 4
6 1
5 4
10 1 20 0 0 0
0 9
10 1 20 0 0 0
5 9
0
0 10 -1 1
0 10 -1 1
0
