arya                            
8 50 20 10
7 11 10 92 4 1 13
131 162 1 8 1 1
374 162 1 2 0 1
617 162 0 0 0 0
860 162 1 0 0 0
1103 162 1 0 0 0
1346 162 0 0 0 0
1589 162 1 9 1 1
10 232 0 0 0 0
253 232 1 8 0 1
496 232 1 2 1 1
739 232 0 0 0 0
982 232 0 0 0 0
1225 232 1 0 0 0
1468 232 0 0 0 0
131 302 0 0 0 0
374 302 0 0 0 0
617 302 1 2 0 1
860 302 0 0 0 0
1103 302 0 0 0 0
1346 302 1 0 0 0
1589 302 0 0 0 0
10 372 0 0 0 0
253 372 0 0 0 0
496 372 0 0 0 0
739 372 0 0 0 0
982 372 1 0 0 1
1225 372 1 0 0 1
1468 372 0 0 0 0
131 442 1 0 0 0
374 442 1 1 0 1
617 442 1 5 0 1
860 442 0 0 0 0
1103 442 1 0 1 1
1346 442 1 0 0 0
1589 442 1 12 1 1
10 512 0 0 0 0
253 512 1 1 0 1
496 512 0 0 0 0
739 512 1 4 0 1
982 512 1 0 0 1
1225 512 1 0 0 1
1468 512 1 12 0 1
131 582 1 6 0 1
374 582 1 1 1 1
617 582 1 5 1 1
860 582 1 4 1 1
1103 582 1 0 0 1
1346 582 0 0 0 0
1589 582 1 12 0 1
10 652 1 6 1 1
253 652 1 1 0 1
496 652 1 1 0 1
739 652 0 0 0 0
982 652 1 4 0 1
1225 652 1 7 0 1
1468 652 0 0 0 0
131 722 1 6 0 1
374 722 0 0 0 0
617 722 0 0 0 0
860 722 0 0 0 0
1103 722 0 0 0 0
1346 722 1 7 1 1
1589 722 0 0 0 0
10 792 1 6 0 1
253 792 1 10 0 1
496 792 1 3 1 1
739 792 1 11 0 1
982 792 0 0 0 0
1225 792 1 7 0 1
1468 792 0 0 0 0
131 862 1 10 1 1
374 862 1 3 0 1
617 862 1 3 0 1
860 862 1 11 1 1
1103 862 0 0 0 0
1346 862 0 0 0 0
1589 862 0 0 0 0
0 6 10 0 0 0
4 4
4 5
4 3
4 6
5 5
5 3
2 5 10 0 0 0
1 6
1 7
1 5
1 4
2 7
1 3 10 0 0 0
2 1
2 2
1 0
3 3 10 0 0 0
2 9
2 10
1 10
4 3 10 0 0 0
3 6
3 5
4 7
10 2 20 0 0 0
2 6
2 4
10 4 20 0 0 0
0 7
0 8
0 6
0 9
10 3 20 0 0 0
5 8
5 9
5 7
10 2 20 0 0 0
0 0
1 1
10 1 20 0 0 0
6 0
10 2 20 0 0 0
0 10
1 9
10 2 20 0 0 0
3 10
3 9
10 3 20 0 0 0
6 4
6 5
6 6
0
0 10 -1 1
0 10 -1 1
0 10 -1 1
0 10 -1 1
0 10 -1 1
0
