arya                            
8 50 20 10
7 10 54 166 4 1 13
175 236 1 0 1 1
418 236 0 0 0 0
661 236 1 1 0 1
904 236 1 4 0 1
1147 236 1 4 0 1
1390 236 1 3 1 1
1633 236 0 0 0 0
54 306 1 0 0 1
297 306 0 0 0 0
540 306 1 1 0 1
783 306 0 0 0 0
1026 306 1 4 1 1
1269 306 0 0 0 0
1512 306 1 3 0 1
175 376 0 0 0 0
418 376 1 0 0 0
661 376 1 1 1 1
904 376 1 4 0 1
1147 376 0 0 0 0
1390 376 1 3 0 1
1633 376 0 0 0 0
54 446 0 0 0 0
297 446 0 0 0 0
540 446 0 0 0 0
783 446 1 1 0 1
1026 446 1 4 0 1
1269 446 1 6 1 1
1512 446 1 7 1 1
175 516 1 9 0 1
418 516 0 0 0 0
661 516 1 1 0 1
904 516 0 0 0 0
1147 516 0 0 0 0
1390 516 0 0 0 0
1633 516 1 7 0 1
54 586 1 9 0 1
297 586 0 0 0 0
540 586 1 5 1 1
783 586 0 0 0 0
1026 586 0 0 0 0
1269 586 0 0 0 0
1512 586 0 0 0 0
175 656 1 9 1 1
418 656 0 0 0 0
661 656 0 0 0 0
904 656 1 0 0 0
1147 656 0 0 0 0
1390 656 1 10 1 1
1633 656 1 11 1 1
54 726 0 0 0 0
297 726 0 0 0 0
540 726 1 5 0 1
783 726 0 0 0 0
1026 726 1 8 0 1
1269 726 1 10 0 1
1512 726 0 0 0 0
175 796 0 0 0 0
418 796 0 0 0 0
661 796 1 12 1 1
904 796 1 8 0 1
1147 796 0 0 0 0
1390 796 0 0 0 0
1633 796 1 2 0 1
54 866 1 0 0 0
297 866 1 0 0 0
540 866 0 0 0 0
783 866 0 0 0 0
1026 866 1 8 1 1
1269 866 0 0 0 0
1512 866 1 2 1 1
0 2 10 0 0 0
0 0
0 1
2 5 10 0 0 0
2 2
2 1
2 4
2 0
3 3
3 2 10 0 0 0
6 9
6 8
1 3 10 0 0 0
5 0
5 2
6 1
4 5 10 0 0 0
4 1
4 0
4 3
3 2
3 0
10 2 20 0 0 0
2 5
2 7
10 1 20 0 0 0
5 3
10 2 20 0 0 0
6 3
6 4
10 3 20 0 0 0
4 9
4 7
3 8
10 3 20 0 0 0
0 6
0 5
0 4
10 2 20 0 0 0
5 6
5 7
10 1 20 0 0 0
6 6
10 1 20 0 0 0
2 8
0
0 10 -1 1
0 10 -1 1
0 10 -1 1
0 10 -1 1
0 10 -1 1
0
