arya                            
8 50 20 10
7 9 25 189 4 1 13
146 259 0 3 0 0
389 259 1 2 0 1
632 259 0 1 1 0
875 259 0 9 1 0
1118 259 0 3 0 0
1361 259 1 3 0 1
1604 259 0 0 0 0
25 329 1 4 1 1
268 329 1 2 1 1
511 329 0 6 1 0
754 329 1 1 1 0
997 329 1 8 1 1
1240 329 1 6 1 1
1483 329 1 3 1 1
146 399 1 4 1 1
389 399 1 2 1 1
632 399 0 6 0 0
875 399 1 8 1 1
1118 399 1 0 1 1
1361 399 0 1 1 0
1604 399 1 3 1 1
25 469 0 0 1 0
268 469 1 1 0 1
511 469 1 2 0 1
754 469 0 1 0 0
997 469 0 5 1 0
1240 469 0 0 0 0
1483 469 0 0 0 0
146 539 1 1 1 1
389 539 0 4 0 0
632 539 0 0 0 0
875 539 1 1 0 0
1118 539 1 0 1 1
1361 539 0 2 0 0
1604 539 1 12 1 1
25 609 1 5 0 1
268 609 1 1 1 1
511 609 1 10 1 1
754 609 1 1 1 0
997 609 0 3 1 0
1240 609 0 0 0 0
1483 609 0 2 1 0
146 679 1 1 1 1
389 679 1 1 1 1
632 679 0 6 0 0
875 679 0 1 1 0
1118 679 0 3 0 0
1361 679 0 9 1 0
1604 679 0 5 0 0
25 749 1 5 1 1
268 749 0 2 0 0
511 749 1 10 0 1
754 749 0 6 0 0
997 749 1 7 0 1
1240 749 1 7 0 1
1483 749 0 9 0 0
146 819 0 8 0 0
389 819 1 2 1 0
632 819 1 11 1 1
875 819 1 9 1 1
1118 819 1 7 1 1
1361 819 1 0 1 0
1604 819 0 0 0 0
0 2 10 0 0 0
4 4
4 2
2 5 10 0 0 0
1 5
1 6
1 3
0 6
0 4
4 4 10 0 0 0
1 2
1 1
1 0
2 3
3 3 10 0 0 0
6 1
6 2
5 0
1 2 10 0 0 0
0 2
0 1
10 2 20 0 0 0
0 7
0 5
10 1 20 0 0 0
5 1
10 3 20 0 0 0
4 8
4 7
5 7
10 2 20 0 0 0
4 1
3 2
10 1 20 0 0 0
3 8
10 2 20 0 0 0
2 5
2 7
10 1 20 0 0 0
2 8
10 1 20 0 0 0
6 4
0
0 10 -1 1
0 10 -1 1
0 10 -1 1
0 10 -1 1
0 10 -1 1
0
