arya                            
1 50 20 10
7 10 94 139 1 1 3
215 209 1 0 0 0
458 209 0 0 0 0
701 209 0 0 0 0
944 209 1 0 0 0
1187 209 1 0 0 0
1430 209 1 0 0 0
1673 209 0 0 0 0
94 279 0 0 0 0
337 279 1 2 0 1
580 279 1 0 0 0
823 279 0 0 0 0
1066 279 1 0 0 0
1309 279 0 0 0 0
1552 279 0 0 0 0
215 349 1 2 0 1
458 349 1 2 0 1
701 349 0 0 0 0
944 349 0 0 0 0
1187 349 1 0 0 0
1430 349 0 0 0 0
1673 349 1 0 0 0
94 419 0 0 0 0
337 419 1 2 1 1
580 419 0 0 0 0
823 419 0 0 0 0
1066 419 1 0 0 0
1309 419 0 0 0 0
1552 419 1 0 0 1
215 489 0 0 0 0
458 489 1 2 0 1
701 489 1 0 0 0
944 489 0 0 0 0
1187 489 1 0 0 0
1430 489 1 0 0 1
1673 489 1 0 0 1
94 559 1 1 0 1
337 559 0 0 0 0
580 559 1 0 0 0
823 559 1 0 0 0
1066 559 0 0 0 0
1309 559 1 0 0 0
1552 559 1 0 1 1
215 629 1 1 0 1
458 629 1 0 0 0
701 629 1 0 0 0
944 629 1 0 0 0
1187 629 0 0 0 0
1430 629 0 0 0 0
1673 629 1 0 0 1
94 699 1 1 1 1
337 699 0 0 0 0
580 699 0 0 0 0
823 699 0 0 0 0
1066 699 1 0 0 0
1309 699 0 0 0 0
1552 699 0 0 0 0
215 769 0 0 0 0
458 769 0 0 0 0
701 769 1 0 0 0
944 769 1 0 0 0
1187 769 0 0 0 0
1430 769 1 0 0 0
1673 769 1 0 0 0
94 839 1 1 0 1
337 839 0 0 0 0
580 839 0 0 0 0
823 839 0 0 0 0
1066 839 1 0 0 0
1309 839 1 0 0 0
1552 839 0 0 0 0
0 5 10 0 0 0
6 5
6 6
6 4
6 3
5 4
2 4 10 0 0 0
0 7
0 6
0 9
0 5
10 5 20 0 0 0
1 3
1 4
1 2
1 1
0 2
0
0 10 -1 1
0 10 -1 1
0
