arya                            
8 50 20 10
7 10 119 178 5 1 14
240 248 0 8 0 0
483 248 1 13 1 1
726 248 0 7 0 0
969 248 1 12 1 1
1212 248 0 6 1 0
1455 248 0 3 1 0
1698 248 1 1 1 1
119 318 1 7 1 1
362 318 0 3 0 0
605 318 0 1 1 0
848 318 0 0 1 0
1091 318 1 2 1 1
1334 318 1 9 0 0
1577 318 0 3 1 0
240 388 1 6 1 1
483 388 0 3 1 0
726 388 1 11 1 1
969 388 0 4 1 0
1212 388 0 6 0 0
1455 388 0 3 0 0
1698 388 1 1 1 1
119 458 0 8 0 0
362 458 1 6 1 1
605 458 0 1 1 0
848 458 0 0 1 0
1091 458 1 2 1 1
1334 458 1 0 0 0
1577 458 0 10 1 0
240 528 1 6 1 1
483 528 0 1 1 0
726 528 1 11 1 1
969 528 0 12 1 0
1212 528 1 2 1 1
1455 528 0 5 1 0
1698 528 1 1 1 1
119 598 1 8 1 1
362 598 0 11 1 0
605 598 0 1 1 0
848 598 1 4 0 1
1091 598 0 1 0 0
1334 598 0 1 1 0
1577 598 1 0 0 0
240 668 0 8 1 0
483 668 1 5 1 1
726 668 0 2 0 0
969 668 1 4 1 1
1212 668 0 1 1 0
1455 668 1 9 1 1
1698 668 0 10 1 0
119 738 0 4 1 0
362 738 1 2 1 0
605 738 1 5 1 1
848 738 1 4 1 1
1091 738 0 8 1 0
1334 738 1 9 1 1
1577 738 1 3 1 1
240 808 0 2 1 0
483 808 1 5 1 1
726 808 1 5 1 1
969 808 1 0 1 1
1212 808 1 0 0 1
1455 808 0 4 1 0
1698 808 1 3 1 1
119 878 0 4 0 0
362 878 0 1 0 0
605 878 0 0 1 0
848 878 1 10 1 1
1091 878 1 0 1 1
1334 878 0 4 1 0
1577 878 0 10 1 0
0 3 10 0 0 0
4 9
4 8
3 8
2 3 10 0 0 0
6 2
6 4
6 0
4 3 10 0 0 0
4 3
4 4
4 1
1 2 10 0 0 0
6 8
6 7
5 3 10 0 0 0
3 6
3 7
3 5
3 4 10 0 0 0
2 7
2 8
1 8
1 6
10 3 20 0 0 0
1 3
0 4
0 2
10 1 20 0 0 0
0 1
10 1 20 0 0 0
0 5
10 2 20 0 0 0
5 7
5 6
10 1 20 0 0 0
3 9
10 2 20 0 0 0
2 4
2 2
10 1 20 0 0 0
3 0
10 1 20 0 0 0
1 0
0
0 10 -1 1
0 10 -1 1
0 10 -1 1
0 10 -1 1
0 10 -1 1
0 10 -1 1
0
