arya                            
8 50 20 10
7 10 53 117 4 1 13
174 187 0 9 1 0
417 187 0 0 1 0
660 187 1 7 1 1
903 187 1 3 1 1
1146 187 0 2 0 0
1389 187 0 7 1 0
1632 187 1 1 1 1
53 257 0 5 1 0
296 257 0 9 1 0
539 257 0 0 0 0
782 257 1 3 1 1
1025 257 1 3 1 1
1268 257 0 2 1 0
1511 257 0 8 1 0
174 327 1 5 1 1
417 327 0 4 0 0
660 327 1 7 1 1
903 327 0 5 1 0
1146 327 0 2 1 0
1389 327 1 0 1 1
1632 327 0 1 1 0
53 397 1 11 1 1
296 397 1 5 1 1
539 397 0 4 1 0
782 397 1 7 1 0
1025 397 0 2 1 0
1268 397 0 2 0 0
1511 397 1 0 1 1
174 467 0 3 1 0
417 467 1 5 0 1
660 467 1 4 1 1
903 467 1 2 0 1
1146 467 1 2 1 1
1389 467 0 3 1 0
1632 467 0 4 1 0
53 537 1 11 1 1
296 537 0 8 1 0
539 537 0 4 1 0
782 537 0 4 1 0
1025 537 1 2 1 1
1268 537 0 3 1 0
1511 537 1 0 0 1
174 607 0 6 1 0
417 607 0 3 1 0
660 607 1 4 1 1
903 607 0 5 1 0
1146 607 0 3 1 0
1389 607 1 6 1 1
1632 607 0 1 1 0
53 677 0 6 1 0
296 677 0 3 1 0
539 677 0 6 1 0
782 677 0 6 1 0
1025 677 1 2 1 1
1268 677 0 6 1 0
1511 677 1 6 1 1
174 747 1 10 0 1
417 747 1 10 1 1
660 747 0 6 1 0
903 747 1 8 1 1
1146 747 0 6 0 0
1389 747 1 6 1 1
1632 747 0 8 1 0
53 817 0 7 1 0
296 817 1 10 1 1
539 817 1 0 1 0
782 817 1 8 1 1
1025 817 0 6 1 0
1268 817 1 12 1 1
1511 817 1 9 1 1
0 3 10 0 0 0
6 3
6 5
5 2
2 1 10 0 0 0
6 0
3 4 10 0 0 0
4 5
4 4
4 7
3 4
1 3 10 0 0 0
3 0
3 1
4 1
4 2 10 0 0 0
2 6
2 4
10 3 20 0 0 0
1 3
1 4
0 2
10 3 20 0 0 0
5 6
5 8
6 7
10 2 20 0 0 0
2 0
2 2
10 2 20 0 0 0
3 8
3 9
10 1 20 0 0 0
6 9
10 3 20 0 0 0
1 9
1 8
0 8
10 2 20 0 0 0
0 5
0 3
10 1 20 0 0 0
5 9
0
0 10 -1 1
0 10 -1 1
0 10 -1 1
0 10 -1 1
0 10 -1 1
0
