arya                            
8 50 20 10
7 10 4 146 1 1 10
125 216 0 4 0 0
368 216 1 9 1 1
611 216 1 0 1 1
854 216 1 6 1 1
1097 216 1 0 0 0
1340 216 0 0 0 0
1583 216 1 8 1 1
4 286 0 4 1 0
247 286 1 9 0 1
490 286 1 0 0 1
733 286 1 0 0 1
976 286 0 0 0 0
1219 286 1 3 0 1
1462 286 0 0 0 0
125 356 0 4 0 0
368 356 0 0 0 0
611 356 1 0 0 1
854 356 0 0 0 0
1097 356 0 0 0 0
1340 356 1 3 0 1
1583 356 0 5 1 0
4 426 0 4 0 0
247 426 1 1 0 0
490 426 0 0 0 0
733 426 0 0 0 0
976 426 0 0 0 0
1219 426 1 3 1 1
1462 426 0 3 0 0
125 496 1 1 0 0
368 496 1 0 0 0
611 496 0 0 0 0
854 496 1 1 0 1
1097 496 0 0 1 0
1340 496 1 3 0 1
1583 496 1 5 1 1
4 566 1 0 0 0
247 566 1 1 1 0
490 566 0 0 0 0
733 566 1 4 0 1
976 566 1 1 1 1
1219 566 1 3 0 1
1462 566 0 3 1 0
125 636 1 0 0 0
368 636 0 1 0 0
611 636 1 4 1 1
854 636 1 1 0 1
1097 636 0 0 0 0
1340 636 0 3 0 0
1583 636 0 3 0 0
4 706 0 0 0 0
247 706 1 7 0 1
490 706 0 0 0 0
733 706 0 0 0 0
976 706 0 6 1 0
1219 706 0 0 0 0
1462 706 0 3 0 0
125 776 1 7 1 0
368 776 1 7 1 1
611 776 0 0 0 0
854 776 0 0 0 0
1097 776 0 6 0 0
1340 776 1 2 1 1
1583 776 1 0 0 0
4 846 1 0 0 0
247 846 0 0 0 0
490 846 0 2 0 0
733 846 0 0 0 0
976 846 0 6 0 0
1219 846 0 0 0 0
1462 846 0 8 1 0
0 4 10 0 0 0
2 0
2 1
2 2
3 1
2 3 10 0 0 0
4 5
3 6
3 4
10 1 20 0 0 0
5 8
10 5 20 0 0 0
5 3
5 4
5 2
5 5
5 1
10 2 20 0 0 0
2 6
3 5
10 1 20 0 0 0
6 4
10 1 20 0 0 0
3 0
10 2 20 0 0 0
1 8
1 7
10 1 20 0 0 0
6 0
10 2 20 0 0 0
1 0
1 1
0
0 10 -1 1
0 10 -1 1
0
