arya                            
8 50 20 10 0
7 10 148 144 4 1 13
269 214 0 0 0 0
512 214 0 0 0 0
755 214 0 0 0 0
998 214 1 8 0 1
1241 214 1 12 1 1
1484 214 1 11 1 1
1727 214 0 0 0 0
148 284 1 6 1 1
391 284 0 0 0 0
634 284 0 0 0 0
877 284 1 8 1 1
1120 284 0 0 0 0
1363 284 1 11 0 1
1606 284 1 11 0 1
269 354 0 0 0 0
512 354 1 0 1 1
755 354 0 0 0 0
998 354 0 0 0 0
1241 354 1 12 0 1
1484 354 0 0 0 0
1727 354 0 0 0 0
148 424 0 0 0 0
391 424 1 0 0 1
634 424 0 0 0 0
877 424 1 8 0 1
1120 424 0 0 0 0
1363 424 0 0 0 0
1606 424 1 2 0 1
269 494 1 0 0 0
512 494 0 0 0 0
755 494 1 7 0 1
998 494 1 10 0 1
1241 494 0 0 0 0
1484 494 1 2 1 1
1727 494 0 0 0 0
148 564 1 0 0 0
391 564 1 0 0 0
634 564 1 7 1 1
877 564 1 10 1 1
1120 564 1 9 0 1
1363 564 1 2 0 1
1606 564 0 0 0 0
269 634 1 0 0 0
512 634 0 0 0 0
755 634 0 0 0 0
998 634 1 9 0 1
1241 634 1 9 0 1
1484 634 0 0 0 0
1727 634 1 3 1 1
148 704 1 5 0 1
391 704 0 0 0 0
634 704 0 0 0 0
877 704 1 10 0 1
1120 704 1 9 1 1
1363 704 0 0 0 0
1606 704 0 0 0 0
269 774 1 4 0 1
512 774 0 0 0 0
755 774 0 0 0 0
998 774 0 0 0 0
1241 774 0 0 0 0
1484 774 1 1 1 1
1727 774 1 3 0 1
148 844 1 5 1 1
391 844 1 4 1 1
634 844 0 0 0 0
877 844 0 0 0 0
1120 844 0 0 0 0
1363 844 1 1 0 1
1606 844 1 1 0 1
0 2 10 0 0 0 0
1 2
1 3
2 3 10 0 0 0 0
5 8
5 9
6 9
4 3 10 0 0 0 0
5 4
5 5
6 3
1 2 10 0 0 0 0
6 6
6 8
3 2 10 0 0 0 0
1 9
0 8
10 2 20 0 0 0 0
0 9
0 7
10 1 20 0 0 0 0
0 1
10 2 20 0 0 0 0
2 5
2 4
10 3 20 0 0 0 0
3 1
3 0
3 3
10 4 20 0 0 0 0
4 7
4 6
4 5
3 6
10 3 20 0 0 0 0
3 5
3 4
3 7
10 3 20 0 0 0 0
5 0
5 1
6 1
10 2 20 0 0 0 0
4 0
4 2
0
0 1 10 -1 1
0 1 10 -1 1
0 1 10 -1 1
0 1 10 -1 1
0 1 10 -1 1
0
