arya                            
8 50 20 10 0 1
7 12 58 43 4 1 13
143 92 0 0 0 0
314 92 0 0 0 0
485 92 1 0 0 0
656 92 0 0 0 0
827 92 1 1 1 1
998 92 1 11 1 1
1169 92 1 5 1 1
58 142 1 0 0 0
229 142 1 10 0 1
400 142 0 0 0 0
571 142 0 0 0 0
742 142 1 1 0 1
913 142 1 1 0 1
1084 142 1 5 0 1
143 191 1 12 0 1
314 191 1 10 1 1
485 191 1 7 0 1
656 191 0 0 0 0
827 191 1 1 0 1
998 191 1 11 0 1
1169 191 0 0 0 0
58 241 0 0 0 0
229 241 0 0 0 0
400 241 1 4 0 1
571 241 1 7 1 1
742 241 0 0 0 0
913 241 0 0 0 0
1084 241 1 0 0 0
143 290 1 12 1 1
314 290 0 0 0 0
485 290 1 4 0 1
656 290 1 7 0 1
827 290 0 0 0 0
998 290 0 0 0 0
1169 290 1 0 0 0
58 340 1 12 0 1
229 340 0 0 0 0
400 340 1 4 1 1
571 340 0 0 0 0
742 340 1 6 0 1
913 340 1 6 0 1
1084 340 0 0 0 0
143 389 0 0 0 0
314 389 0 0 0 0
485 389 1 4 0 1
656 389 0 0 0 0
827 389 1 6 1 1
998 389 0 0 0 0
1169 389 0 0 0 0
58 439 1 0 0 0
229 439 0 0 0 0
400 439 1 4 0 1
571 439 1 3 0 1
742 439 0 0 0 0
913 439 0 0 0 0
1084 439 0 0 0 0
143 488 0 0 0 0
314 488 1 2 0 1
485 488 1 0 0 0
656 488 1 3 1 1
827 488 1 6 0 1
998 488 1 0 0 1
1169 488 0 0 0 0
58 538 1 8 0 1
229 538 1 2 1 1
400 538 0 0 0 0
571 538 0 0 0 0
742 538 1 3 0 1
913 538 1 0 0 1
1084 538 0 0 0 0
143 587 1 2 0 1
314 587 0 0 0 0
485 587 0 0 0 0
656 587 1 3 0 1
827 587 0 0 0 0
998 587 1 0 1 1
1169 587 1 0 0 0
58 637 1 8 1 1
229 637 1 2 0 1
400 637 0 0 0 0
571 637 0 0 0 0
742 637 1 9 1 1
913 637 1 0 0 1
1084 637 0 0 0 0
0 4 10 0 0 0 0
5 10
5 11
5 9
5 8
1 4 10 0 0 0 0
4 0
4 1
4 2
5 1
2 4 10 0 0 0 0
1 9
1 8
1 11
0 10
3 4 10 0 0 0 0
3 8
3 7
3 10
4 9
4 5 10 0 0 0 0
2 5
2 6
2 4
2 7
2 3
10 2 20 0 0 0 0
6 0
6 1
10 4 20 0 0 0 0
4 6
4 5
4 8
5 5
10 3 20 0 0 0 0
3 3
3 4
2 2
10 2 20 0 0 0 0
0 11
0 9
10 1 20 0 0 0 0
4 11
10 2 20 0 0 0 0
1 2
1 1
10 2 20 0 0 0 0
5 0
5 2
10 3 20 0 0 0 0
0 4
0 5
0 2
0
0 1 10 -1 -1 1
0 1 10 -1 -1 1
0 1 10 -1 -1 1
0 1 10 -1 -1 1
0 1 10 -1 -1 1
0
