arya                            
8 50 20 10
7 10 62 110 4 1 13
183 180 0 0 0 0
426 180 1 12 1 1
669 180 0 0 0 0
912 180 0 0 0 0
1155 180 1 0 0 1
1398 180 0 0 0 0
1641 180 0 0 0 0
62 250 0 0 0 0
305 250 0 0 0 0
548 250 0 0 0 0
791 250 1 9 1 1
1034 250 1 0 1 1
1277 250 1 0 0 0
1520 250 1 11 1 1
183 320 0 0 0 0
426 320 0 0 0 0
669 320 0 0 0 0
912 320 0 0 0 0
1155 320 0 0 0 0
1398 320 1 11 0 1
1641 320 0 0 0 0
62 390 1 10 0 1
305 390 1 4 1 1
548 390 1 0 0 0
791 390 0 0 0 0
1034 390 0 0 0 0
1277 390 0 0 0 0
1520 390 0 0 0 0
183 460 1 4 0 1
426 460 0 0 0 0
669 460 0 0 0 0
912 460 1 3 0 1
1155 460 0 0 0 0
1398 460 0 0 0 0
1641 460 1 8 0 1
62 530 1 10 1 1
305 530 0 0 0 0
548 530 1 6 0 1
791 530 1 0 0 0
1034 530 1 3 1 1
1277 530 0 0 0 0
1520 530 1 8 1 1
183 600 0 0 0 0
426 600 1 6 0 1
669 600 0 0 0 0
912 600 0 0 0 0
1155 600 1 3 0 1
1398 600 1 2 0 1
1641 600 1 1 0 1
62 670 1 5 0 1
305 670 0 0 0 0
548 670 1 6 1 1
791 670 1 7 0 1
1034 670 1 3 0 1
1277 670 0 0 0 0
1520 670 1 1 0 1
183 740 0 0 0 0
426 740 0 0 0 0
669 740 1 6 0 1
912 740 1 7 1 1
1155 740 1 0 0 0
1398 740 1 2 1 1
1641 740 1 1 1 1
62 810 1 5 1 1
305 810 1 0 0 0
548 810 0 0 0 0
791 810 0 0 0 0
1034 810 0 0 0 0
1277 810 0 0 0 0
1520 810 0 0 0 0
0 2 10 0 0 0 0
4 1
4 0
2 3 10 0 0 0 0
6 8
6 7
6 6
3 2 10 0 0 0 0
5 8
5 6
1 4 10 0 0 0 0
4 5
4 6
4 7
3 4
4 2 10 0 0 0 0
1 3
0 4
10 2 20 0 0 0 0
0 9
0 7
10 4 20 0 0 0 0
2 7
2 8
2 5
1 6
10 2 20 0 0 0 0
3 8
3 7
10 2 20 0 0 0 0
6 5
6 4
10 1 20 0 0 0 0
3 1
10 2 20 0 0 0 0
0 5
0 3
10 2 20 0 0 0 0
6 1
5 2
10 1 20 0 0 0 0
1 0
0
0 0 10 -1 1
0 1 10 -1 1
0 1 10 -1 1
0 1 10 -1 1
0 1 10 -1 1
0
