arya                            
8 50 20 10 0 1
7 11 136 91 4 1 13
257 161 1 1 0 1
500 161 1 0 0 0
743 161 1 7 0 1
986 161 1 8 1 1
1229 161 0 0 0 0
1472 161 1 6 0 1
1715 161 1 11 1 1
136 231 1 1 1 1
379 231 1 5 0 1
622 231 0 0 0 0
865 231 0 0 0 0
1108 231 0 0 0 0
1351 231 1 6 1 1
1594 231 1 11 0 1
257 301 1 1 0 1
500 301 1 5 0 1
743 301 1 7 1 1
986 301 1 8 0 1
1229 301 0 0 0 0
1472 301 0 0 0 0
1715 301 0 0 0 0
136 371 0 0 0 0
379 371 1 5 1 1
622 371 0 0 0 0
865 371 0 0 0 0
1108 371 0 0 0 0
1351 371 0 0 0 0
1594 371 0 0 0 0
257 441 0 0 0 0
500 441 1 5 0 1
743 441 0 0 0 0
986 441 1 0 0 1
1229 441 0 0 0 0
1472 441 1 9 1 1
1715 441 0 0 0 0
136 511 0 0 0 0
379 511 0 0 0 0
622 511 1 4 0 1
865 511 0 0 0 0
1108 511 1 0 1 1
1351 511 0 0 0 0
1594 511 0 0 0 0
257 581 0 0 0 0
500 581 1 0 0 0
743 581 1 4 1 1
986 581 1 0 0 1
1229 581 0 0 0 0
1472 581 1 9 0 1
1715 581 0 0 0 0
136 651 0 0 0 0
379 651 1 10 0 1
622 651 0 0 0 0
865 651 0 0 0 0
1108 651 0 0 0 0
1351 651 0 0 0 0
1594 651 1 0 0 0
257 721 1 10 0 1
500 721 0 0 0 0
743 721 1 4 0 1
986 721 1 2 0 1
1229 721 1 3 1 1
1472 721 1 0 0 0
1715 721 0 0 0 0
136 791 0 0 0 0
379 791 1 10 1 1
622 791 0 0 0 0
865 791 0 0 0 0
1108 791 1 2 0 1
1351 791 0 0 0 0
1594 791 0 0 0 0
257 861 1 10 0 1
500 861 0 0 0 0
743 861 1 12 1 1
986 861 1 2 1 1
1229 861 1 3 0 1
1472 861 0 0 0 0
1715 861 0 0 0 0
0 3 29 0 0 0 0
4 5
3 6
3 4
4 3 0 0 29 0 0
0 1
0 2
0 0
947 656 1275 806 1 1 1 1644505960 425644 0.000000 1 3
935 609 1290 771 1 1 1 1644505960 425644 0.000000 1 3
950 574 1305 736 1 1 1 1644505960 425644 0.000000 1 3
938 652 1275 806 1 1 1 1644505965 425644 180000.000000 1 3
944 613 1290 771 1 1 1 1644505965 425645 180000.000000 1 3
959 578 1305 736 1 1 1 1644505965 425645 180000.000000 1 3
893 632 1275 806 1 1 1 1644505965 425645 360000.000000 1 3
908 597 1290 771 1 1 1 1644505965 425645 360000.000000 1 3
923 562 1305 736 1 1 1 1644505965 425645 360000.000000 1 3
848 612 1275 806 1 1 1 1644505965 425645 540000.000000 1 3
863 577 1290 771 1 1 1 1644505965 425645 540000.000000 1 3
869 538 1305 736 1 1 1 1644505965 967997 0.000000 1 3
839 608 1275 806 1 1 1 1644505965 967997 0.000000 1 3
854 573 1290 771 1 1 1 1644505965 967997 0.000000 1 3
824 518 1305 736 1 1 1 1644505965 967997 180000.000000 1 3
794 588 1275 806 1 1 1 1644505965 967997 180000.000000 1 3
800 549 1290 771 1 1 1 1644505966 172410 0.000000 1 3
590 414 1305 736 1 1 1 1644505967 23786 0.000000 1 3
1246 792 1275 806 4 1 1 1644505974 672449 0.000000 1 3
1261 757 1290 771 4 1 1 1644505974 672450 0.000000 1 3
1276 722 1305 736 4 1 1 1644505974 843467 0.000000 1 3
1222 780 1275 806 4 0 1 1644505975 12274 0.000000 1 3
971 625 1290 771 4 0 1 1644505976 32997 0.000000 1 3
932 566 1305 736 4 0 1 1644505976 236346 0.000000 1 3
902 636 1275 806 4 0 1 1644505976 236347 0.000000 1 3
917 601 1290 771 4 0 1 1644505976 236347 0.000000 1 3
887 546 1305 736 4 0 1 1644505976 406286 0.000000 1 3
695 544 1275 806 4 0 1 1644505977 19201 0.000000 1 3
440 389 1290 771 4 0 1 1644505978 38529 0.000000 1 3
3 3 0 0 33 0 1
3 10
3 8
4 9
1281 818 1310 806 2 1 1 1644505960 425645 0.000000 2 3
1261 783 1290 771 2 1 1 1644505960 425645 0.000000 2 3
1241 748 1270 736 2 1 1 1644505960 425645 0.000000 2 3
1281 818 1310 806 2 1 1 1644505960 425645 180000.000000 2 3
1261 783 1290 771 2 1 1 1644505960 425651 180000.000000 2 3
1241 748 1270 736 2 1 1 1644505960 425651 180000.000000 2 3
1281 818 1310 806 2 1 1 1644505960 425651 360000.000000 2 3
1261 783 1290 771 2 1 1 1644505960 425651 360000.000000 2 3
1241 748 1270 736 2 1 1 1644505960 425651 360000.000000 2 3
1281 818 1310 806 2 1 1 1644505960 425651 540000.000000 2 3
1261 783 1290 771 2 1 1 1644505960 425651 540000.000000 2 3
1107 826 1270 736 2 1 1 1644505965 627111 0.000000 2 3
1163 886 1310 806 2 1 1 1644505965 627111 0.000000 2 3
1127 861 1290 771 2 1 1 1644505965 627111 0.000000 2 3
1099 831 1270 736 2 1 1 1644505965 627111 180000.000000 2 3
1163 886 1310 806 2 1 1 1644505965 627111 180000.000000 2 3
1103 876 1290 771 2 1 1 1644505966 36395 0.000000 2 3
1123 816 1270 736 3 1 1 1644505966 681554 0.000000 2 3
1227 846 1310 806 3 1 1 1644505966 681554 0.000000 2 3
1183 826 1290 771 3 1 1 1644505966 681554 0.000000 2 3
1123 816 1270 736 3 1 1 1644505966 853187 0.000000 2 3
1227 846 1310 806 3 1 1 1644505967 23785 0.000000 2 3
1047 911 804 631 3 0 1 1644505971 68229 0.000000 2 4
1087 876 844 596 3 1 1 1644505971 68230 0.000000 2 4
1007 946 764 666 3 1 1 1644505971 68230 0.000000 2 4
1047 911 804 631 3 0 1 1644505971 68230 180000.000000 2 4
1027 876 1270 736 3 1 1 1644505975 47122 0.000000 2 3
1067 946 1310 806 3 0 1 1644505975 47122 0.000000 2 3
1047 911 1290 771 3 0 1 1644505975 47122 0.000000 2 3
1027 876 1270 736 3 1 1 1644505975 47123 180000.000000 2 3
1087 946 1452 316 3 0 1 1644505976 677517 0.000000 2 6
1047 911 1412 281 3 0 1 1644505977 19200 0.000000 2 6
1007 876 1372 246 3 0 1 1644505978 38528 0.000000 2 6
4 2 0 0 52 0 1
4 8
4 10
1170 833 814 946 3 1 1 1644505965 425642 0.000000 3 12
1160 798 804 911 3 1 1 1644505965 425642 0.000000 3 12
1110 775 794 876 3 1 1 1644505965 425642 0.000000 3 12
1180 830 814 946 3 1 1 1644505965 425643 180000.000000 3 12
1090 819 804 911 3 1 1 1644505965 425643 180000.000000 3 12
820 863 794 876 3 1 1 1644505965 425643 180000.000000 3 12
1180 830 814 946 3 1 1 1644505965 425643 360000.000000 3 12
830 898 804 911 3 1 1 1644505965 425643 360000.000000 3 12
1070 787 794 876 3 1 1 1644505965 425643 360000.000000 3 12
840 933 814 946 3 1 1 1644505965 425643 540000.000000 3 12
830 898 804 911 3 1 1 1644505965 425643 540000.000000 3 12
1046 861 1027 876 3 1 1 1644505965 834428 0.000000 3 2
1086 931 1067 946 3 1 1 1644505965 834428 0.000000 3 2
1066 896 1047 911 3 1 1 1644505965 834428 0.000000 3 2
1046 861 1027 876 3 1 1 1644505965 834428 180000.000000 3 2
1215 776 182 316 3 1 1 1644505966 681555 0.000000 3 1
990 627 197 281 4 1 1 1644505967 226963 0.000000 3 1
1005 592 212 246 4 1 1 1644505967 226963 0.000000 3 1
1245 791 182 316 4 1 1 1644505967 226963 0.000000 3 1
1000 631 197 281 4 1 1 1644505967 226963 180000.000000 3 1
1015 596 212 246 4 1 1 1644505967 226963 180000.000000 3 1
995 671 182 316 4 1 1 1644505967 226964 180000.000000 3 1
940 605 197 281 4 1 1 1644505967 226964 360000.000000 3 1
925 557 212 246 4 1 1 1644505967 226964 360000.000000 3 1
1245 791 182 316 4 1 1 1644505967 226964 360000.000000 3 1
890 583 197 281 4 1 1 1644505967 226964 540000.000000 3 1
975 579 212 246 4 1 1 1644505967 497932 0.000000 3 1
985 666 182 316 4 1 1 1644505967 497939 0.000000 3 1
960 614 197 281 4 1 1 1644505967 497939 0.000000 3 1
915 553 212 246 4 1 1 1644505967 497939 180000.000000 3 1
895 627 182 316 4 1 1 1644505967 701915 0.000000 3 1
910 592 197 281 4 1 1 1644505967 701915 0.000000 3 1
875 535 212 246 4 1 1 1644505967 701916 0.000000 3 1
845 605 182 316 4 1 1 1644505967 701916 180000.000000 3 1
850 566 197 281 4 1 1 1644505968 43295 0.000000 3 1
645 435 212 246 4 1 1 1644505968 43295 0.000000 3 1
205 326 182 316 4 1 1 1644505968 43295 0.000000 3 1
220 291 197 281 4 1 1 1644505968 43296 180000.000000 3 1
235 256 212 246 4 1 1 1644505971 33508 0.000000 3 1
205 326 182 316 4 1 1 1644505971 33535 0.000000 3 1
220 291 197 281 4 1 1 1644505971 33535 0.000000 3 1
235 256 212 246 4 1 1 1644505971 33535 180000.000000 3 1
820 671 794 666 4 1 1 1644505972 20249 0.000000 3 4
830 636 804 631 4 1 1 1644505973 40180 0.000000 3 4
840 601 814 596 4 1 1 1644505974 27688 0.000000 3 4
820 671 794 666 4 1 1 1644505975 12275 0.000000 3 4
830 636 804 631 4 1 1 1644505976 32998 0.000000 3 4
840 601 814 596 4 1 1 1644505977 19201 0.000000 3 4
1010 725 794 666 4 0 1 1644505978 38529 0.000000 3 4
1220 750 804 631 4 0 1 1644505978 721498 0.000000 3 4
1230 715 814 596 4 0 1 1644505978 721498 0.000000 3 4
1260 800 794 666 4 0 1 1644505978 888262 0.000000 3 4
4 3 1 0 34 0 1
2 6
2 5
2 8
1055 735 1280 806 4 1 1 1644505965 425652 0.000000 4 3
1173 734 1290 771 4 1 1 1644505965 425652 0.000000 4 3
1273 727 1300 736 4 1 1 1644505965 425652 0.000000 4 3
1226 789 1280 806 4 1 1 1644505965 425652 180000.000000 4 3
1263 762 1290 771 4 1 1 1644505965 425652 180000.000000 4 3
1273 727 1300 736 4 1 1 1644505965 425652 180000.000000 4 3
1136 760 1280 806 4 1 1 1644505965 425652 360000.000000 4 3
1263 762 1290 771 4 1 1 1644505965 425652 360000.000000 4 3
1273 727 1300 736 4 1 1 1644505965 425652 360000.000000 4 3
1136 760 1280 806 4 1 1 1644505965 425652 540000.000000 4 3
1263 762 1290 771 4 1 1 1644505965 425652 540000.000000 4 3
1273 727 1300 736 4 1 1 1644505965 967998 0.000000 4 3
1253 797 1280 806 4 1 1 1644505965 967998 0.000000 4 3
1263 762 1290 771 4 1 1 1644505965 967998 0.000000 4 3
1273 727 1300 736 4 1 1 1644505965 967999 180000.000000 4 3
1253 797 1280 806 4 1 1 1644505965 967999 180000.000000 4 3
1263 762 1290 771 4 1 1 1644505966 172411 0.000000 4 3
1273 727 1300 736 4 1 1 1644505967 23786 0.000000 4 3
199 328 177 316 4 1 1 1644505968 43296 0.000000 4 1
219 293 197 281 4 1 1 1644505971 33536 0.000000 4 1
239 258 217 246 4 1 1 1644505971 33536 0.000000 4 1
199 328 177 316 4 1 1 1644505971 33536 0.000000 4 1
219 293 197 281 4 1 1 1644505974 27688 0.000000 4 1
239 258 217 246 4 1 1 1644505974 27688 0.000000 4 1
199 328 177 316 4 1 1 1644505974 27688 0.000000 4 1
219 293 197 281 4 1 1 1644505974 27688 180000.000000 4 1
1036 820 1087 876 4 1 1 1644505976 32998 0.000000 4 2
968 904 1007 946 4 1 1 1644505976 32998 0.000000 4 2
984 841 1047 911 4 1 1 1644505976 32998 0.000000 4 2
1048 834 1087 876 4 1 1 1644505976 32998 180000.000000 4 2
926 855 1007 946 4 0 1 1644505978 38529 0.000000 4 2
966 820 1047 911 4 0 1 1644505978 38529 0.000000 4 2
1006 785 1087 876 4 0 1 1644505978 38529 0.000000 4 2
896 820 1007 946 4 0 1 1644505978 38529 180000.000000 4 2
10 4 20 0 0 0 0
1 3
1 4
1 2
1 1
10 2 20 0 0 0 1
5 1
5 0
10 2 20 0 0 0 0
2 2
2 0
10 2 20 0 0 0 0
3 0
3 2
10 2 20 0 0 0 0
5 4
5 6
10 4 20 0 0 0 0
1 9
1 7
0 10
0 8
10 2 20 0 0 0 0
6 0
6 1
10 1 16 0 0 0 1
2 10
4
2 1061 820 1 1 1644505960 460426 0.000000 2
2 614 589 1 1 1644505968 451895 0.000000 4
2 1112 781 1 0 1644505978 211224 0.000000 4
2 984 780 0 0 0 0 0.000000 0
0 1 0 -1 -1 1
0 1 0 -1 -1 1
0 1 0 -1 -1 1
0 1 0 -1 -1 1
0 1 10 2 2 1
0
