arya                            
8 50 20 10 0 1
7 12 109 30 4 1 13
194 79 1 0 0 0
365 79 1 0 0 0
536 79 1 7 1 1
707 79 0 0 0 0
878 79 0 0 0 0
1049 79 0 0 0 0
1220 79 1 3 1 1
109 129 0 0 0 0
280 129 1 0 0 0
451 129 0 0 0 0
622 129 1 7 0 1
793 129 1 0 0 0
964 129 1 4 1 1
1135 129 1 3 0 1
194 178 0 0 0 0
365 178 1 0 0 0
536 178 0 0 0 0
707 178 0 0 0 0
878 178 1 4 0 1
1049 178 0 0 0 0
1220 178 0 0 0 0
109 228 1 12 0 1
280 228 1 0 0 0
451 228 0 0 0 0
622 228 0 0 0 0
793 228 0 0 0 0
964 228 0 0 0 0
1135 228 0 0 0 0
194 277 0 0 0 0
365 277 0 0 0 0
536 277 1 1 1 1
707 277 1 0 0 0
878 277 1 0 0 0
1049 277 1 0 1 1
1220 277 1 0 0 0
109 327 1 12 1 1
280 327 1 0 0 0
451 327 1 1 0 1
622 327 1 1 0 1
793 327 1 0 0 0
964 327 1 0 0 1
1135 327 0 0 0 0
194 376 0 0 0 0
365 376 0 0 0 0
536 376 1 1 0 1
707 376 0 0 0 0
878 376 1 5 0 1
1049 376 0 0 0 0
1220 376 1 8 0 1
109 426 0 0 0 0
280 426 0 0 0 0
451 426 1 11 0 1
622 426 1 9 1 1
793 426 1 0 0 0
964 426 1 5 1 1
1135 426 1 8 1 1
194 475 1 6 1 1
365 475 1 11 1 1
536 475 0 0 0 0
707 475 1 9 0 1
878 475 1 2 0 1
1049 475 1 5 0 1
1220 475 1 8 0 1
109 525 0 0 0 0
280 525 0 0 0 0
451 525 0 0 0 0
622 525 1 9 0 1
793 525 0 0 0 0
964 525 1 2 0 1
1135 525 0 0 0 0
194 574 1 6 0 1
365 574 0 0 0 0
536 574 0 0 0 0
707 574 1 10 1 1
878 574 1 2 1 1
1049 574 0 0 0 0
1220 574 0 0 0 0
109 624 0 0 0 0
280 624 0 0 0 0
451 624 1 0 0 0
622 624 1 10 0 1
793 624 0 0 0 0
964 624 0 0 0 0
1135 624 0 0 0 0
0 2 10 0 0 0 0
5 4
5 5
1 4 10 0 0 0 0
2 4
2 5
2 6
3 5
2 3 10 0 0 0 0
4 10
4 8
5 9
3 2 10 0 0 0 0
6 0
6 1
4 2 10 0 0 0 0
5 1
4 2
10 3 20 0 0 0 0
5 7
5 8
4 6
10 2 20 0 0 0 0
0 8
0 10
10 2 20 0 0 0 0
2 0
3 1
10 3 20 0 0 0 0
6 7
6 8
6 6
10 3 20 0 0 0 0
3 7
3 8
3 9
10 2 20 0 0 0 0
3 10
3 11
10 2 20 0 0 0 0
1 8
2 7
10 2 20 0 0 0 0
0 5
0 3
0
0 1 10 -1 -1 1
0 1 10 -1 -1 1
0 1 10 -1 -1 1
0 1 10 -1 -1 1
0 1 10 -1 -1 1
0
