arya                            
6 50 20 10
7 9 153 197 4 1 11
274 267 0 0 0 0
517 267 1 3 1 1
760 267 0 0 0 0
1003 267 0 0 0 0
1246 267 0 0 0 0
1489 267 1 1 0 1
1732 267 1 1 0 1
153 337 0 0 0 0
396 337 0 0 0 0
639 337 0 0 0 0
882 337 0 0 0 0
1125 337 1 4 1 1
1368 337 1 0 0 0
1611 337 1 1 1 1
274 407 1 2 1 1
517 407 0 0 0 0
760 407 0 0 0 0
1003 407 0 0 0 0
1246 407 0 0 0 0
1489 407 1 1 0 1
1732 407 1 1 0 1
153 477 0 0 0 0
396 477 1 2 0 1
639 477 0 0 0 0
882 477 1 0 0 0
1125 477 1 4 0 1
1368 477 0 0 0 0
1611 477 0 0 0 0
274 547 1 2 0 1
517 547 1 7 0 1
760 547 1 7 0 1
1003 547 1 0 0 1
1246 547 1 9 1 1
1489 547 1 0 0 0
1732 547 0 0 0 0
153 617 1 10 0 1
396 617 0 0 0 0
639 617 1 7 1 1
882 617 1 0 0 1
1125 617 1 0 0 1
1368 617 0 0 0 0
1611 617 1 5 0 1
274 687 0 0 0 0
517 687 1 7 0 1
760 687 1 6 0 1
1003 687 1 0 1 1
1246 687 1 8 0 1
1489 687 1 5 0 1
1732 687 0 0 0 0
153 757 1 10 1 1
396 757 1 0 0 0
639 757 1 6 0 1
882 757 1 0 0 1
1125 757 0 0 0 0
1368 757 1 8 0 1
1611 757 1 5 1 1
274 827 1 10 0 1
517 827 0 0 0 0
760 827 1 6 1 1
1003 827 0 0 0 0
1246 827 1 8 1 1
1489 827 1 5 0 1
1732 827 0 0 0 0
0 5 10 0 0 0
3 6
3 7
3 5
3 4
4 5
2 5 10 0 0 0
6 1
6 2
6 0
5 2
5 0
3 3 10 0 0 0
0 2
0 4
1 3
4 1 10 0 0 0
1 0
1 2 10 0 0 0
4 1
4 3
10 4 20 0 0 0
6 7
6 5
5 8
5 6
10 3 20 0 0 0
2 8
2 7
2 6
10 4 20 0 0 0
2 5
2 4
1 6
1 4
10 3 20 0 0 0
4 8
4 6
5 7
10 1 20 0 0 0
4 4
10 3 20 0 0 0
0 7
0 8
0 5
0
0 10 -1 1
0 10 -1 1
0 10 -1 1
0 10 -1 1
0 10 -1 1
0
