arya                            
8 50 20 10
7 9 119 189 4 1 13
240 259 0 0 0 0
483 259 0 0 0 0
726 259 0 8 1 0
969 259 1 8 1 1
1212 259 1 10 1 1
1455 259 0 8 1 0
1698 259 1 1 1 1
119 329 1 9 1 1
362 329 1 5 1 1
605 329 1 4 1 1
848 329 1 8 1 1
1091 329 0 10 1 0
1334 329 0 8 0 0
1577 329 1 1 1 1
240 399 0 0 0 0
483 399 0 4 0 0
726 399 1 4 0 1
969 399 0 0 0 0
1212 399 1 10 0 1
1455 399 0 1 1 0
1698 399 0 0 0 0
119 469 0 4 1 0
362 469 0 0 0 0
605 469 1 4 1 1
848 469 0 10 1 0
1091 469 0 10 1 0
1334 469 0 1 0 0
1577 469 0 1 1 0
240 539 1 11 1 1
483 539 1 9 0 0
726 539 0 3 1 0
969 539 0 1 0 0
1212 539 1 12 1 1
1455 539 0 0 0 0
1698 539 1 0 0 1
119 609 0 4 1 0
362 609 0 2 0 0
605 609 1 7 0 1
848 609 1 3 1 1
1091 609 0 1 0 0
1334 609 0 6 1 0
1577 609 1 0 0 1
240 679 0 4 0 0
483 679 0 9 1 0
726 679 0 2 0 0
969 679 1 3 1 1
1212 679 1 2 0 1
1455 679 1 6 1 1
1698 679 1 0 1 1
119 749 0 3 0 0
362 749 1 8 0 0
605 749 1 7 1 1
848 749 0 0 0 0
1091 749 1 2 1 1
1334 749 0 0 0 0
1577 749 0 2 1 0
240 819 1 8 1 0
483 819 0 9 0 0
726 819 1 7 0 1
969 819 1 3 0 0
1212 819 1 2 1 1
1455 819 1 6 1 1
1698 819 1 0 1 1
0 4 10 0 0 0
6 6
6 5
6 8
6 4
2 2 10 0 0 0
6 0
6 1
4 3 10 0 0 0
4 8
4 7
4 6
1 2 10 0 0 0
3 5
3 6
3 3 10 0 0 0
2 1
2 2
2 3
10 1 20 0 0 0
1 1
10 2 20 0 0 0
5 6
5 8
10 3 20 0 0 0
2 7
2 8
2 5
10 2 20 0 0 0
3 1
3 0
10 1 20 0 0 0
0 1
10 2 20 0 0 0
4 0
4 2
10 1 20 0 0 0
0 4
10 1 20 0 0 0
4 4
0
0 10 -1 1
0 10 -1 1
0 10 -1 1
0 10 -1 1
0 10 -1 1
0
