arya                            
8 50 20 10 0 1
7 10 99 117 4 1 13
220 187 1 0 0 1
463 187 1 0 0 1
706 187 0 0 0 0
949 187 0 0 0 0
1192 187 0 0 0 0
1435 187 1 2 1 1
1678 187 1 0 0 0
99 257 0 0 0 0
342 257 1 0 1 1
585 257 0 0 0 0
828 257 0 0 0 0
1071 257 0 0 0 0
1314 257 0 0 0 0
1557 257 1 2 0 1
220 327 0 0 0 0
463 327 0 0 0 0
706 327 1 12 1 1
949 327 1 7 0 1
1192 327 1 7 0 1
1435 327 0 0 0 0
1678 327 1 1 0 1
99 397 0 0 0 0
342 397 0 0 0 0
585 397 0 0 0 0
828 397 0 0 0 0
1071 397 1 7 1 1
1314 397 1 8 0 1
1557 397 0 0 0 0
220 467 1 11 0 1
463 467 0 0 0 0
706 467 1 12 0 1
949 467 0 0 0 0
1192 467 1 7 0 1
1435 467 1 8 1 1
1678 467 1 1 1 1
99 537 1 11 1 1
342 537 0 0 0 0
585 537 0 0 0 0
828 537 0 0 0 0
1071 537 0 0 0 0
1314 537 1 5 0 1
1557 537 0 0 0 0
220 607 0 0 0 0
463 607 1 6 1 1
706 607 0 0 0 0
949 607 1 3 0 1
1192 607 1 5 0 1
1435 607 1 5 0 1
1678 607 0 0 0 0
99 677 1 4 0 1
342 677 1 4 0 1
585 677 1 6 0 1
828 677 1 3 1 1
1071 677 1 9 1 1
1314 677 1 5 1 1
1557 677 0 0 0 0
220 747 1 4 1 1
463 747 0 0 0 0
706 747 0 0 0 0
949 747 0 0 0 0
1192 747 1 5 0 1
1435 747 1 5 0 1
1678 747 1 10 1 1
99 817 0 0 0 0
342 817 1 4 0 1
585 817 0 0 0 0
828 817 0 0 0 0
1071 817 1 9 0 1
1314 817 0 0 0 0
1557 817 0 0 0 0
0 3 34 0 0 0 0
1 1
1 0
0 0
1 2 0 0 41 0 0
6 4
6 2
1779 767 1779 797 2 1 1 1644493558 293829 0.000000 1 10
1739 767 1739 797 2 1 1 1644493558 293829 0.000000 1 10
1699 767 1699 797 2 1 1 1644493558 293829 0.000000 1 10
1779 767 1779 797 2 1 1 1644493558 293829 180000.000000 1 10
1739 767 1739 797 2 1 1 1644493558 293829 180000.000000 1 10
1699 767 1699 797 2 1 1 1644493558 293829 180000.000000 1 10
1779 767 1779 797 2 1 1 1644493558 293830 360000.000000 1 10
1739 767 1739 797 2 1 1 1644493558 293830 360000.000000 1 10
1699 767 1699 797 2 1 1 1644493558 293830 360000.000000 1 10
1779 767 1779 797 2 1 1 1639493558 293830 540000.000000 1 10
1739 767 1739 797 2 1 1 1639493558 293830 540000.000000 1 10
1578 516 881 692 3 1 1 1644493565 1641 0.000000 1 3
1594 586 897 762 3 1 1 1644493565 1641 0.000000 1 3
1586 551 889 727 3 1 1 1644493565 1641 0.000000 1 3
1587 514 881 692 3 1 1 1644493565 1641 180000.000000 1 3
1603 584 897 762 3 1 1 1644493565 1641 180000.000000 1 3
1685 523 281 797 3 1 1 1644493565 817793 0.000000 1 4
1643 492 275 762 3 1 1 1644493565 817793 0.000000 1 4
1655 562 287 832 3 1 1 1644493565 817793 0.000000 1 4
1658 526 281 797 3 1 1 1644493565 817793 180000.000000 1 4
1550 221 1536 202 3 1 1 1644493565 987634 0.000000 1 2
1657 510 1456 272 3 1 1 1644493565 987634 0.000000 1 2
1510 256 1496 237 3 1 1 1644493565 987635 0.000000 1 2
1550 221 1536 202 3 1 1 1644493566 22494 0.000000 1 2
1673 560 287 832 1 0 1 1644493568 266101 0.000000 1 4
1667 525 281 797 1 0 1 1644493568 266101 0.000000 1 4
1706 485 275 762 1 0 1 1644493568 435738 0.000000 1 4
1718 555 287 832 1 0 1 1644493568 435739 0.000000 1 4
1739 517 281 797 1 0 1 1644493569 14131 0.000000 1 4
1733 482 275 762 1 0 1 1644493570 34122 0.000000 1 4
1745 552 287 832 1 0 1 1644493571 20355 0.000000 1 4
1739 517 281 797 1 0 1 1644493572 40064 0.000000 1 4
1733 482 275 762 1 0 1 1644493573 26298 0.000000 1 4
1745 552 287 832 1 0 1 1644493574 12162 0.000000 1 4
1739 517 281 797 1 0 1 1644493575 32202 0.000000 1 4
1733 482 275 762 1 0 1 1644493576 18868 0.000000 1 4
1745 552 287 832 1 0 1 1644493577 38914 0.000000 1 4
1739 517 281 797 1 0 1 1644493578 24770 0.000000 1 4
1733 482 275 762 1 0 1 1644493579 10309 0.000000 1 4
1745 552 287 832 1 0 1 1644493580 29931 0.000000 1 4
1739 517 281 797 1 0 1 1644493581 16121 0.000000 1 4
1 2 0 0 34 0 0
5 0
6 1
1681 535 1699 552 3 1 1 1644493558 293858 0.000000 2 1
1721 500 1739 517 3 1 1 1644493558 293858 0.000000 2 1
1761 465 1779 482 3 1 1 1644493558 293863 0.000000 2 1
1681 535 1699 552 3 1 1 1644493558 293863 180000.000000 2 1
1721 500 1739 517 3 1 1 1644493558 293863 180000.000000 2 1
1761 465 1779 482 3 1 1 1644493558 293863 180000.000000 2 1
1681 535 1699 552 3 1 1 1644493558 293864 360000.000000 2 1
1721 500 1739 517 3 1 1 1644493558 293864 360000.000000 2 1
1761 465 1779 482 3 1 1 1644493558 293864 360000.000000 2 1
1681 535 1699 552 3 1 1 1639493558 293864 540000.000000 2 1
1721 500 1739 517 3 1 1 1639493558 293864 540000.000000 2 1
1761 465 1779 482 3 1 1 1644493564 660788 0.000000 2 1
1681 535 1699 552 3 1 1 1644493564 660789 0.000000 2 1
1721 500 1739 517 3 1 1 1644493564 660789 0.000000 2 1
1761 465 1779 482 3 1 1 1644493564 660789 180000.000000 2 1
1681 535 1699 552 3 1 1 1644493564 660789 180000.000000 2 1
1721 500 1739 517 3 1 1 1644493564 660789 180000.000000 2 1
832 490 265 762 3 0 1 1644493565 817793 0.000000 2 4
1458 296 297 832 1 0 1 1644493568 300042 0.000000 2 4
1487 241 281 797 1 0 1 1644493568 469633 0.000000 2 4
1471 206 265 762 1 0 1 1644493568 469633 0.000000 2 4
1512 272 297 832 1 0 1 1644493569 14132 0.000000 2 4
1496 237 281 797 1 0 1 1644493570 34122 0.000000 2 4
1480 202 265 762 1 0 1 1644493571 20355 0.000000 2 4
1512 272 297 832 1 0 1 1644493572 40064 0.000000 2 4
1496 237 281 797 1 0 1 1644493573 26298 0.000000 2 4
1480 202 265 762 1 0 1 1644493574 12163 0.000000 2 4
1512 272 297 832 1 0 1 1644493575 32202 0.000000 2 4
1496 237 281 797 1 0 1 1644493576 18868 0.000000 2 4
1480 202 265 762 1 0 1 1644493577 38914 0.000000 2 4
1512 272 297 832 1 0 1 1644493578 24770 0.000000 2 4
1496 237 281 797 1 0 1 1644493579 10309 0.000000 2 4
1480 202 265 762 1 0 1 1644493580 29931 0.000000 2 4
1512 272 297 832 1 0 1 1644493581 16121 0.000000 2 4
1 2 0 0 43 0 0
3 7
3 6
1537 594 1747 552 4 1 1 1644493558 293864 0.000000 3 1
1529 559 1739 517 4 1 1 1644493558 293864 0.000000 3 1
1521 524 1731 482 4 1 1 1644493558 293864 0.000000 3 1
1547 592 1747 552 4 1 1 1644493558 293864 180000.000000 3 1
1629 539 1739 517 4 1 1 1644493558 293864 180000.000000 3 1
1531 522 1731 482 4 1 1 1644493558 293865 180000.000000 3 1
1607 580 1747 552 4 1 1 1644493558 293865 360000.000000 3 1
1609 543 1739 517 4 1 1 1644493558 293865 360000.000000 3 1
1591 510 1731 482 4 1 1 1644493558 293865 360000.000000 3 1
1717 558 1747 552 4 1 1 1639493558 293865 540000.000000 3 1
1609 543 1739 517 4 1 1 1639493558 293865 540000.000000 3 1
1701 488 1731 482 4 1 1 1644493564 660789 0.000000 3 1
1717 558 1747 552 4 1 1 1644493564 660789 0.000000 3 1
1709 523 1739 517 4 1 1 1644493564 660789 0.000000 3 1
1701 488 1731 482 4 1 1 1644493564 660789 180000.000000 3 1
1717 558 1747 552 4 1 1 1644493564 660789 180000.000000 3 1
1709 523 1739 517 4 1 1 1644493564 660789 180000.000000 3 1
1701 488 1731 482 1 1 1 1644493565 477942 0.000000 3 1
1717 558 1747 552 1 1 1 1644493565 477942 0.000000 3 1
1709 523 1739 517 1 1 1 1644493565 477942 0.000000 3 1
1701 488 1731 482 1 1 1 1644493565 477942 180000.000000 3 1
1717 558 1747 552 1 1 1 1644493565 477942 180000.000000 3 1
1476 252 1496 237 1 1 1 1644493565 817786 0.000000 3 2
1448 217 1468 202 1 1 1 1644493565 817786 0.000000 3 2
1504 287 1524 272 1 1 1 1644493565 817786 0.000000 3 2
1476 252 1496 237 1 1 1 1644493565 817792 180000.000000 3 2
1448 217 1468 202 1 1 1 1644493565 817792 180000.000000 3 2
308 827 285 832 1 1 1 1644493566 22493 0.000000 3 4
493 771 281 797 1 0 1 1644493567 7934 0.000000 3 4
759 706 277 762 1 0 1 1644493568 28017 0.000000 3 4
893 762 285 832 1 0 1 1644493569 14132 0.000000 3 4
889 727 281 797 1 0 1 1644493570 34122 0.000000 3 4
885 692 277 762 1 0 1 1644493571 20355 0.000000 3 4
893 762 285 832 1 0 1 1644493572 40064 0.000000 3 4
889 727 281 797 1 0 1 1644493573 26299 0.000000 3 4
885 692 277 762 1 0 1 1644493574 12163 0.000000 3 4
893 762 285 832 1 0 1 1644493575 32202 0.000000 3 4
889 727 281 797 1 0 1 1644493576 18868 0.000000 3 4
885 692 277 762 1 0 1 1644493577 38914 0.000000 3 4
893 762 285 832 1 0 1 1644493578 24770 0.000000 3 4
889 727 281 797 1 0 1 1644493579 10309 0.000000 3 4
885 692 277 762 1 0 1 1644493580 29932 0.000000 3 4
893 762 285 832 1 0 1 1644493581 16121 0.000000 3 4
1 4 4 0 31 0 1
0 8
0 7
1 9
1 7
865 764 893 762 1 1 1 1644493558 293865 0.000000 4 3
861 729 889 727 1 1 1 1644493558 293865 0.000000 4 3
857 694 885 692 1 1 1 1644493558 293865 0.000000 4 3
865 764 893 762 1 1 1 1644493558 293865 180000.000000 4 3
861 729 889 727 1 1 1 1644493558 293865 180000.000000 4 3
857 694 885 692 1 1 1 1644493558 293865 180000.000000 4 3
865 764 893 762 1 1 1 1644493558 293865 360000.000000 4 3
861 729 889 727 1 1 1 1644493558 293865 360000.000000 4 3
857 694 885 692 1 1 1 1644493558 293865 360000.000000 4 3
865 764 893 762 1 1 1 1639493558 293866 540000.000000 4 3
861 729 889 727 1 1 1 1639493558 293866 540000.000000 4 3
1405 536 1733 482 1 0 1 1644493564 660790 0.000000 4 1
1417 606 1745 552 1 0 1 1644493564 660790 0.000000 4 1
1411 571 1739 517 1 0 1 1644493564 660790 0.000000 4 1
1355 546 1733 482 1 0 1 1644493564 660790 180000.000000 4 1
1367 616 1745 552 1 0 1 1644493564 660790 180000.000000 4 1
1361 581 1739 517 1 0 1 1644493564 660790 180000.000000 4 1
1165 584 1733 482 1 0 1 1644493565 477942 0.000000 4 1
623 798 1377 762 1 0 1 1644493567 347841 0.000000 4 5
621 763 1375 727 1 0 1 1644493567 347841 0.000000 4 5
419 748 1373 692 1 0 1 1639493568 28016 0.000000 4 5
281 832 1739 832 1 0 1 1644493577 38915 0.000000 4 10
281 797 1739 797 1 0 1 1644493577 38915 0.000000 4 10
281 762 1739 762 1 0 1 1644493577 38915 0.000000 4 10
281 832 1739 832 1 0 1 1644493577 38915 180000.000000 4 10
281 797 1739 797 1 0 1 1644493577 38915 180000.000000 4 10
281 762 1739 762 1 0 1 1644493577 38915 180000.000000 4 10
281 832 1739 832 1 0 1 1644493577 38915 360000.000000 4 10
281 797 1739 797 1 0 1 1644493577 38915 360000.000000 4 10
281 762 1739 762 1 0 1 1644493577 38915 360000.000000 4 10
281 832 1739 832 1 0 1 1644493577 38915 540000.000000 4 10
10 6 20 0 0 0 1
5 7
5 8
5 6
5 5
4 8
4 6
10 2 20 0 0 0 0
1 6
2 7
10 4 20 0 0 0 0
4 3
4 4
4 2
3 2
10 2 20 0 0 0 0
5 4
5 3
10 2 20 0 0 0 0
4 7
4 9
10 1 9 0 0 0 1
6 8
10 2 20 0 0 0 0
0 5
0 4
10 2 20 0 0 0 0
2 2
2 4
5
2 801 537 1 1 1644493568 536597 0.000000 3
2 1739 705 1 1 1644493558 813786 0.000000 2
2 893 741 1 1 1644493568 61974 0.000000 1
2 1173 711 0 0 0 0 0.000000 0
2 741 356 0 0 0 0 0.000000 0
0 1 0 -1 -1 1
0 1 0 -1 -1 1
0 1 0 -1 -1 1
0 1 10 2 0 1
0 1 0 -1 -1 1
0
