arya                            
8 50 20 10 0 1
7 10 76 123 4 1 13
197 193 0 0 0 0
440 193 1 4 0 1
683 193 0 0 0 0
926 193 1 7 0 1
1169 193 0 0 0 0
1412 193 1 10 1 1
1655 193 1 2 1 1
76 263 0 0 0 0
319 263 1 4 1 1
562 263 1 5 0 1
805 263 1 7 1 1
1048 263 1 12 1 1
1291 263 0 0 0 0
1534 263 0 0 0 0
197 333 1 4 0 1
440 333 0 0 0 0
683 333 0 0 0 0
926 333 1 7 0 1
1169 333 1 1 0 1
1412 333 1 10 0 1
1655 333 0 0 0 0
76 403 1 8 0 1
319 403 1 3 0 1
562 403 1 5 1 1
805 403 1 0 0 1
1048 403 0 0 0 0
1291 403 0 0 0 0
1534 403 1 0 0 0
197 473 1 3 0 1
440 473 0 0 0 0
683 473 1 0 0 1
926 473 1 0 0 1
1169 473 1 1 1 1
1412 473 0 0 0 0
1655 473 0 0 0 0
76 543 1 8 1 1
319 543 1 3 1 1
562 543 1 5 0 1
805 543 1 0 1 1
1048 543 0 0 0 0
1291 543 1 1 0 1
1534 543 0 0 0 0
197 613 1 3 0 1
440 613 1 3 0 1
683 613 0 0 0 0
926 613 1 0 0 1
1169 613 1 1 0 1
1412 613 0 0 0 0
1655 613 0 0 0 0
76 683 0 0 0 0
319 683 1 3 0 1
562 683 0 0 0 0
805 683 1 0 0 1
1048 683 0 0 0 0
1291 683 1 0 0 0
1534 683 1 6 1 1
197 753 1 0 0 0
440 753 0 0 0 0
683 753 0 0 0 0
926 753 0 0 0 0
1169 753 0 0 0 0
1412 753 0 0 0 0
1655 753 1 6 0 1
76 823 1 0 0 0
319 823 0 0 0 0
562 823 1 11 1 1
805 823 0 0 0 0
1048 823 1 9 1 1
1291 823 0 0 0 0
1534 823 1 6 0 1
0 6 10 0 0 0 0
3 5
3 6
3 4
3 7
3 3
2 4
2 4 10 0 0 0 0
4 4
4 6
4 2
5 5
4 1 10 0 0 0 0
6 0
1 6 10 0 0 0 0
1 5
1 6
1 7
1 3
0 6
0 4
3 3 10 0 0 0 0
1 1
1 0
0 2
10 3 20 0 0 0 0
2 3
2 5
2 1
10 3 20 0 0 0 0
6 7
6 8
6 9
10 3 20 0 0 0 0
3 1
3 2
3 0
10 2 20 0 0 0 0
0 5
0 3
10 1 20 0 0 0 0
4 9
10 2 20 0 0 0 0
5 0
5 2
10 1 20 0 0 0 0
2 9
10 1 20 0 0 0 0
4 1
0
0 1 10 -1 -1 1
0 1 10 -1 -1 1
0 1 10 -1 -1 1
0 1 10 -1 -1 1
0 1 10 -1 -1 1
0
