arya                            
8 50 20 10 0 1
7 11 11 63 4 1 13
132 133 0 0 0 0
375 133 0 0 0 0
618 133 1 2 0 1
861 133 1 2 0 1
1104 133 0 0 0 0
1347 133 1 0 0 1
1590 133 1 5 1 1
11 203 0 0 0 0
254 203 1 8 0 1
497 203 0 0 0 0
740 203 1 2 1 1
983 203 1 10 0 1
1226 203 1 0 0 1
1469 203 1 0 0 1
132 273 0 0 0 0
375 273 0 0 0 0
618 273 0 0 0 0
861 273 1 2 0 1
1104 273 1 10 1 1
1347 273 1 0 1 1
1590 273 0 0 0 0
11 343 0 0 0 0
254 343 1 8 1 1
497 343 0 0 0 0
740 343 1 2 0 1
983 343 1 7 0 1
1226 343 0 0 0 0
1469 343 0 0 0 0
132 413 0 0 0 0
375 413 1 8 0 1
618 413 0 0 0 0
861 413 0 0 0 0
1104 413 1 7 0 1
1347 413 1 0 0 1
1590 413 0 0 0 0
11 483 1 12 1 1
254 483 0 0 0 0
497 483 1 0 0 0
740 483 1 0 0 0
983 483 1 7 1 1
1226 483 1 4 0 1
1469 483 0 0 0 0
132 553 1 9 0 1
375 553 0 0 0 0
618 553 1 3 0 1
861 553 1 7 0 1
1104 553 1 4 0 1
1347 553 1 4 0 1
1590 553 0 0 0 0
11 623 0 0 0 0
254 623 0 0 0 0
497 623 0 0 0 0
740 623 0 0 0 0
983 623 0 0 0 0
1226 623 1 4 1 1
1469 623 1 0 0 0
132 693 1 9 1 1
375 693 1 6 1 1
618 693 1 3 1 1
861 693 1 1 0 1
1104 693 0 0 0 0
1347 693 1 4 0 1
1590 693 0 0 0 0
11 763 1 9 0 1
254 763 1 6 0 1
497 763 0 0 0 0
740 763 0 0 0 0
983 763 1 1 1 1
1226 763 1 4 0 1
1469 763 1 11 0 1
132 833 1 9 0 1
375 833 1 6 0 1
618 833 1 3 0 1
861 833 0 0 0 0
1104 833 1 1 0 1
1347 833 1 11 1 1
1590 833 1 0 0 0
0 5 10 0 0 0 0
5 2
5 1
5 4
5 0
6 1
2 3 10 0 0 0 0
4 9
4 10
3 8
1 5 10 0 0 0 0
3 1
3 2
3 0
3 3
2 0
4 3 10 0 0 0 0
2 8
2 10
2 6
3 6 10 0 0 0 0
5 7
5 8
5 6
5 9
5 5
4 6
10 1 20 0 0 0 0
6 0
10 3 20 0 0 0 0
1 8
1 9
1 10
10 4 20 0 0 0 0
4 5
4 4
4 3
3 6
10 3 20 0 0 0 0
1 3
1 4
1 1
10 4 20 0 0 0 0
0 8
0 9
0 10
0 6
10 2 20 0 0 0 0
4 2
4 1
10 2 20 0 0 0 0
5 10
6 9
10 1 20 0 0 0 0
0 5
0
0 1 10 -1 -1 1
0 1 10 -1 -1 1
0 1 10 -1 -1 1
0 1 10 -1 -1 1
0 1 10 -1 -1 1
0
