arya                            
8 50 20 10 0 1
7 11 89 101 4 1 13
210 171 1 2 0 1
453 171 1 2 1 1
696 171 0 7 1 0
939 171 1 9 0 1
1182 171 1 10 1 1
1425 171 1 0 0 0
1668 171 1 0 0 0
89 241 1 0 0 0
332 241 1 2 1 1
575 241 1 5 1 1
818 241 1 9 1 1
1061 241 0 0 0 0
1304 241 0 0 0 0
1547 241 0 9 1 0
210 311 1 2 0 1
453 311 0 5 0 0
696 311 0 0 0 0
939 311 1 9 1 1
1182 311 0 0 1 0
1425 311 1 11 1 0
1668 311 1 9 0 0
89 381 1 2 1 0
332 381 1 2 0 1
575 381 1 5 0 1
818 381 1 9 0 1
1061 381 0 0 0 0
1304 381 0 0 0 0
1547 381 1 6 0 1
210 451 1 8 1 0
453 451 0 0 0 0
696 451 1 2 0 0
939 451 1 3 0 0
1182 451 1 0 0 1
1425 451 1 0 0 1
1668 451 0 9 1 0
89 521 0 2 0 0
332 521 0 0 0 0
575 521 0 2 1 0
818 521 0 4 1 0
1061 521 0 3 1 0
1304 521 1 0 1 1
1547 521 1 6 1 1
210 591 0 5 0 0
453 591 0 0 0 0
696 591 1 1 0 1
939 591 1 1 0 1
1182 591 0 3 0 0
1425 591 1 0 0 1
1668 591 0 6 1 0
89 661 0 0 0 0
332 661 0 7 1 0
575 661 1 11 0 1
818 661 1 1 1 1
1061 661 1 4 0 1
1304 661 1 0 0 1
1547 661 1 6 1 1
210 731 0 7 1 0
453 731 1 11 1 1
696 731 0 10 1 0
939 731 1 1 1 1
1182 731 1 4 1 1
1425 731 1 12 1 1
1668 731 0 0 0 0
89 801 1 3 0 1
332 801 1 3 0 1
575 801 1 7 0 1
818 801 1 1 1 1
1061 801 1 4 0 1
1304 801 1 4 0 1
1547 801 1 12 0 1
210 871 1 3 1 1
453 871 0 0 0 0
696 871 1 7 1 1
939 871 1 8 1 1
1182 871 0 0 0 0
1425 871 0 0 0 0
1668 871 1 0 0 0
0 5 10 0 0 0 0
5 5
5 6
5 4
5 7
4 4
2 5 10 0 0 0 0
3 7
3 8
3 6
3 9
2 6
1 5 10 0 0 0 0
1 1
1 0
1 3
0 2
0 0
4 3 10 0 0 0 0
0 10
0 9
1 9
3 4 10 0 0 0 0
4 8
4 9
4 7
5 9
10 2 20 0 0 0 0
2 1
2 3
10 3 20 0 0 0 0
6 5
6 7
6 3
10 2 20 0 0 0 0
2 10
2 9
10 1 20 0 0 0 0
3 10
10 4 20 0 0 0 0
3 1
3 2
3 0
3 3
10 1 20 0 0 0 0
4 0
10 2 20 0 0 0 0
1 8
2 7
10 2 20 0 0 0 0
5 8
6 9
0
0 1 10 -1 1
0 1 10 -1 1
0 1 10 -1 1
0 1 10 -1 1
0 1 10 -1 1
0
