arya                            
8 50 20 10 0 1
7 10 121 134 4 1 13
242 204 0 3 0 0
485 204 0 0 0 0
728 204 1 3 1 1
971 204 1 11 1 1
1214 204 0 8 1 0
1457 204 1 12 0 1
1700 204 0 2 0 0
121 274 0 0 0 0
364 274 1 3 1 0
607 274 0 11 0 0
850 274 0 0 0 0
1093 274 0 0 0 0
1336 274 0 0 0 0
1579 274 1 12 1 1
242 344 1 2 0 1
485 344 0 0 0 0
728 344 0 0 0 0
971 344 0 1 0 0
1214 344 1 0 1 1
1457 344 1 12 1 1
1700 344 1 12 0 1
121 414 1 2 1 1
364 414 0 3 0 0
607 414 0 0 0 0
850 414 1 7 1 1
1093 414 0 0 0 0
1336 414 1 0 0 1
1579 414 1 12 0 1
242 484 0 7 1 0
485 484 1 5 1 1
728 484 0 0 0 0
971 484 0 1 0 0
1214 484 1 0 1 1
1457 484 1 6 0 1
1700 484 0 10 0 0
121 554 1 2 0 1
364 554 0 7 0 0
607 554 0 9 0 0
850 554 1 7 0 1
1093 554 1 4 1 1
1336 554 1 6 1 1
1579 554 0 4 1 0
242 624 0 6 1 0
485 624 1 5 1 1
728 624 1 0 0 0
971 624 1 4 1 1
1214 624 1 1 0 1
1457 624 1 6 0 1
1700 624 1 8 1 1
121 694 0 6 0 0
364 694 0 4 0 0
607 694 0 5 0 0
850 694 0 9 0 0
1093 694 0 0 0 0
1336 694 0 5 1 0
1579 694 1 8 1 1
242 764 1 9 1 1
485 764 1 5 1 1
728 764 0 0 0 0
971 764 1 10 1 1
1214 764 1 1 1 1
1457 764 0 5 0 0
1700 764 1 8 0 1
121 834 0 2 1 0
364 834 0 4 0 0
607 834 1 5 1 0
850 834 0 0 0 0
1093 834 0 0 0 0
1336 834 0 7 1 0
1579 834 1 4 1 0
0 3 10 0 0 0 0
4 2
4 4
5 3
2 2 10 0 0 0 0
4 8
4 6
1 3 10 0 0 0 0
0 3
0 2
0 5
3 1 10 0 0 0 0
2 0
4 2 10 0 0 0 0
4 5
3 6
10 3 20 0 0 0 0
1 6
1 8
1 4
10 3 20 0 0 0 0
5 5
5 6
5 4
10 2 20 0 0 0 0
3 3
3 5
10 3 20 0 0 0 0
6 6
6 7
6 8
10 1 20 0 0 0 0
0 8
10 1 20 0 0 0 0
3 8
10 1 20 0 0 0 0
3 0
10 5 20 0 0 0 0
6 1
6 2
6 3
5 2
5 0
0
0 1 10 -1 -1 1
0 1 10 -1 -1 1
0 1 10 -1 -1 1
0 1 10 -1 -1 1
0 1 10 -1 -1 1
0
