arya                            
6 50 20 10
7 11 154 83 4 1 11
275 153 0 0 0 0
518 153 1 10 0 1
761 153 1 0 0 0
1004 153 1 5 1 1
1247 153 1 8 1 1
1490 153 1 6 0 1
1733 153 0 0 0 0
154 223 1 0 0 0
397 223 1 10 1 1
640 223 0 0 0 0
883 223 0 0 0 0
1126 223 0 0 0 0
1369 223 0 0 0 0
1612 223 1 6 1 1
275 293 1 2 0 1
518 293 1 10 0 1
761 293 1 7 0 1
1004 293 1 5 0 1
1247 293 0 0 0 0
1490 293 0 0 0 0
1733 293 1 6 0 1
154 363 0 0 0 0
397 363 0 0 0 0
640 363 1 7 0 1
883 363 0 0 0 0
1126 363 1 0 0 0
1369 363 0 0 0 0
1612 363 1 6 0 1
275 433 1 2 1 1
518 433 1 4 0 1
761 433 1 7 1 1
1004 433 0 0 0 0
1247 433 0 0 0 0
1490 433 0 0 0 0
1733 433 1 0 0 0
154 503 1 2 0 1
397 503 1 2 0 1
640 503 0 0 0 0
883 503 1 7 0 1
1126 503 1 0 0 0
1369 503 0 0 0 0
1612 503 1 0 0 0
275 573 1 2 0 1
518 573 1 4 1 1
761 573 1 7 0 1
1004 573 0 0 0 0
1247 573 0 0 0 0
1490 573 0 0 0 0
1733 573 1 0 0 0
154 643 0 0 0 0
397 643 0 0 0 0
640 643 1 4 0 1
883 643 0 0 0 0
1126 643 1 0 0 0
1369 643 0 0 0 0
1612 643 1 1 0 1
275 713 0 0 0 0
518 713 0 0 0 0
761 713 0 0 0 0
1004 713 0 0 0 0
1247 713 1 0 0 0
1490 713 1 1 1 1
1733 713 0 0 0 0
154 783 0 0 0 0
397 783 1 3 1 1
640 783 1 9 1 1
883 783 1 0 1 1
1126 783 1 0 0 0
1369 783 1 1 0 1
1612 783 0 0 0 0
275 853 0 0 0 0
518 853 0 0 0 0
761 853 0 0 0 0
1004 853 1 0 0 1
1247 853 1 0 0 0
1490 853 1 1 0 1
1733 853 0 0 0 0
0 2 10 0 0 0
3 9
3 10
2 4 10 0 0 0
5 8
5 9
5 10
6 7
3 5 10 0 0 0
0 4
0 5
0 6
0 2
1 5
4 1 10 0 0 0
1 9
1 3 10 0 0 0
1 6
1 4
2 7
10 2 20 0 0 0
3 0
3 2
10 4 20 0 0 0
6 1
6 2
6 3
5 0
10 5 20 0 0 0
2 4
2 3
2 6
2 2
3 5
10 1 20 0 0 0
4 0
10 1 20 0 0 0
2 9
10 3 20 0 0 0
1 1
1 2
1 0
0
0 10 -1 1
0 10 -1 1
0 10 -1 1
0 10 -1 1
0 10 -1 1
0
