4
1
13
0 70 0 0 0 0
243 70 0 0 0 0
486 70 0 0 0 0
729 70 1 6 1 1
972 70 0 0 0 0
1215 70 0 0 0 0
1458 70 0 0 0 0
-122 140 0 0 0 0
121 140 1 8 1 1
364 140 1 7 1 1
607 140 0 0 0 0
850 140 0 0 0 0
1093 140 1 0 0 0
1336 140 1 1 1 1
0 210 1 8 0 1
243 210 1 7 0 1
486 210 0 0 0 0
729 210 1 6 0 1
972 210 0 0 0 0
1215 210 1 1 0 1
1458 210 0 0 0 0
-122 280 0 0 0 0
121 280 0 0 0 0
364 280 0 0 0 0
607 280 1 0 0 0
850 280 1 9 1 1
1093 280 0 0 0 0
1336 280 0 0 0 0
0 350 0 0 0 0
243 350 0 0 0 0
486 350 0 0 0 0
729 350 1 3 0 1
972 350 0 0 0 0
1215 350 1 10 1 1
1458 350 0 0 0 0
-122 420 0 0 0 0
121 420 1 0 1 1
364 420 1 0 0 0
607 420 0 0 0 0
850 420 1 9 0 1
1093 420 0 0 0 0
1336 420 0 0 0 0
0 490 1 0 0 1
243 490 1 0 0 1
486 490 1 4 0 1
729 490 1 3 1 1
972 490 1 12 1 1
1215 490 0 0 0 0
1458 490 0 0 0 0
-122 560 0 0 0 0
121 560 0 0 0 0
364 560 1 4 0 1
607 560 1 3 0 1
850 560 0 0 0 0
1093 560 0 0 0 0
1336 560 1 2 1 1
0 630 1 0 0 0
243 630 0 0 0 0
486 630 1 4 1 1
729 630 0 0 0 0
972 630 0 0 0 0
1215 630 0 0 0 0
1458 630 0 0 0 0
-122 700 0 0 0 0
121 700 0 0 0 0
364 700 0 0 0 0
607 700 0 0 0 0
850 700 1 5 1 1
1093 700 1 11 0 1
1336 700 0 0 0 0
0 770 0 0 0 0
243 770 0 0 0 0
486 770 1 4 0 1
729 770 0 0 0 0
972 770 1 5 0 1
1215 770 1 11 0 1
1458 770 0 0 0 0
-122 840 0 0 0 0
121 840 0 0 0 0
364 840 0 0 0 0
607 840 0 0 0 0
850 840 1 5 0 1
1093 840 1 11 1 1
1336 840 0 0 0 0

0 3 50
1 5
1 6
0 6

4 2 50
6 1
5 2

2 1 50
6 7

3 3 50
3 6
3 7
3 4

1 4 50
2 8
2 7
2 10
2 6

10 3 50
4 9
4 10
4 11

10 2 50
3 0
3 2

10 2 50
2 1
1 2

10 2 50
1 1
0 2

10 2 50
4 3
4 5

10 1 50
5 4

10 3 50
5 11
5 10
5 9

10 1 50
4 6

0 0 0

