4
1
13
0 70 0 (nil) 0 0
243 70 1 0x556e589deaa0 1 1
486 70 0 (nil) 0 0
729 70 0 (nil) 0 0
972 70 0 (nil) 0 0
1215 70 1 0x556e589dca40 1 1
1458 70 0 (nil) 0 0
-122 140 0 (nil) 0 0
121 140 1 0x556e589deaa0 0 1
364 140 1 0x556e589deaa0 0 1
607 140 1 (nil) 0 0
850 140 0 (nil) 0 0
1093 140 0 (nil) 0 0
1336 140 0 (nil) 0 0
0 210 1 0x556e589e2b60 1 1
243 210 1 0x556e589deaa0 0 1
486 210 1 (nil) 0 0
729 210 0 (nil) 0 0
972 210 0 (nil) 0 0
1215 210 0 (nil) 0 0
1458 210 0 (nil) 0 0
-122 280 0 (nil) 0 0
121 280 1 0x556e589e2b60 0 1
364 280 0 (nil) 0 0
607 280 0 (nil) 0 0
850 280 1 (nil) 0 0
1093 280 1 0x556e589e3b90 0 1
1336 280 0 (nil) 0 0
0 350 0 (nil) 0 0
243 350 0 (nil) 0 0
486 350 1 0x556e589dfad0 0 1
729 350 0 (nil) 0 0
972 350 0 (nil) 0 0
1215 350 1 0x556e589e3b90 1 1
1458 350 0 (nil) 0 0
-122 420 0 (nil) 0 0
121 420 0 (nil) 0 0
364 420 1 0x556e589dfad0 1 1
607 420 0 (nil) 0 0
850 420 0 (nil) 0 0
1093 420 1 0x556e589e3b90 0 1
1336 420 1 0x556e589e3b90 0 1
0 490 0 (nil) 0 0
243 490 0 (nil) 0 0
486 490 0 (nil) 0 0
729 490 1 0x556e589dda70 0 1
972 490 0 (nil) 0 0
1215 490 0 (nil) 0 0
1458 490 0 (nil) 0 0
-122 560 0 (nil) 0 0
121 560 0 (nil) 0 0
364 560 1 0x556e589dfad0 0 1
607 560 1 0x556e589dda70 0 1
850 560 1 0x556e589e4bc0 1 1
1093 560 1 (nil) 0 0
1336 560 1 0x556e589e8c80 0 1
0 630 1 0x556e589e6c20 1 1
243 630 1 (nil) 0 0
486 630 1 0x556e589e7c50 1 1
729 630 1 0x556e589dda70 1 1
972 630 0 (nil) 0 0
1215 630 0 (nil) 0 0
1458 630 0 (nil) 0 0
-122 700 0 (nil) 0 0
121 700 1 0x556e589e6c20 0 1
364 700 0 (nil) 0 0
607 700 1 0x556e589dda70 0 1
850 700 0 (nil) 0 0
1093 700 0 (nil) 0 0
1336 700 1 0x556e589e8c80 1 1
0 770 0 (nil) 0 0
243 770 0 (nil) 0 0
486 770 0 (nil) 0 0
729 770 0 (nil) 0 0
972 770 1 0x556e589e0b00 1 1
1215 770 1 0x556e589e8c80 0 1
1458 770 0 (nil) 0 0
-122 840 0 (nil) 0 0
121 840 1 (nil) 0 0
364 840 1 0x556e589e1b30 1 1
607 840 1 0x556e589e5bf0 1 1
850 840 1 0x556e589e0b00 0 1
1093 840 0 (nil) 0 0
1336 840 1 0x556e589e8c80 0 1

0 1 10
5 0

3 4 10
3 8
3 9
3 7
3 6

4 4 10
1 0
1 1
1 2
2 1

1 3 10
2 5
2 4
2 7

2 2 10
4 10
4 11

10 1 10
2 11

10 2 10
0 2
1 3

10 4 10
5 4
5 5
5 3
6 5

10 1 10
4 7

10 1 10
3 11

10 2 10
0 8
1 9

10 1 10
2 8

10 4 10
6 9
6 11
6 7
5 10

0 0 0

