arya                            
6 50 20 10
7 10 121 157 4 1 11
242 227 1 8 0 1
485 227 0 0 0 0
728 227 1 0 0 0
971 227 1 0 0 0
1214 227 1 0 0 0
1457 227 0 0 0 0
1700 227 0 0 0 0
121 297 1 0 0 0
364 297 1 8 1 1
607 297 0 0 0 0
850 297 0 0 0 0
1093 297 0 0 0 0
1336 297 1 0 0 0
1579 297 0 0 0 0
242 367 1 3 0 1
485 367 0 0 0 0
728 367 0 0 0 0
971 367 0 0 0 0
1214 367 0 0 0 0
1457 367 0 0 0 0
1700 367 0 0 0 0
121 437 1 3 0 1
364 437 0 0 0 0
607 437 0 0 0 0
850 437 1 0 0 0
1093 437 0 0 0 0
1336 437 0 0 0 0
1579 437 0 0 0 0
242 507 1 3 1 1
485 507 1 0 0 1
728 507 0 0 0 0
971 507 0 0 0 0
1214 507 1 9 1 1
1457 507 1 10 1 1
1700 507 1 7 1 1
121 577 0 0 0 0
364 577 1 3 0 1
607 577 1 0 1 1
850 577 1 0 0 0
1093 577 1 9 0 1
1336 577 0 0 0 0
1579 577 0 0 0 0
242 647 1 1 0 1
485 647 1 0 0 1
728 647 0 0 0 0
971 647 0 0 0 0
1214 647 1 6 0 1
1457 647 0 0 0 0
1700 647 0 0 0 0
121 717 1 1 1 1
364 717 0 0 0 0
607 717 0 0 0 0
850 717 0 0 0 0
1093 717 0 0 0 0
1336 717 0 0 0 0
1579 717 0 0 0 0
242 787 0 0 0 0
485 787 0 0 0 0
728 787 0 0 0 0
971 787 1 2 1 1
1214 787 1 6 1 1
1457 787 0 0 0 0
1700 787 1 4 1 1
121 857 0 0 0 0
364 857 0 0 0 0
607 857 1 5 1 1
850 857 1 2 0 1
1093 857 1 2 0 1
1336 857 0 0 0 0
1579 857 0 0 0 0
0 3 10 0 0 0
2 5
1 6
1 4
2 2 10 0 0 0
0 7
0 6
1 3 10 0 0 0
3 8
3 9
4 9
3 4 10 0 0 0
0 4
0 3
0 2
1 5
4 1 10 0 0 0
6 8
10 1 20 0 0 0
2 9
10 2 20 0 0 0
4 8
4 6
10 1 20 0 0 0
6 4
10 2 20 0 0 0
1 1
0 0
10 2 20 0 0 0
4 4
4 5
10 1 20 0 0 0
5 4
0
0 10 -1 1
0 10 -1 1
0 10 -1 1
0 10 -1 1
0 10 -1 1
0
