arya                            
8 50 20 10 0 1
7 11 103 75 4 1 13
224 145 0 0 0 0
467 145 0 0 0 0
710 145 1 3 1 1
953 145 0 0 0 0
1196 145 0 0 0 0
1439 145 0 0 0 0
1682 145 1 4 1 1
103 215 1 2 0 1
346 215 1 5 1 1
589 215 0 0 0 0
832 215 0 0 0 0
1075 215 0 0 0 0
1318 215 0 0 0 0
1561 215 1 4 0 1
224 285 0 0 0 0
467 285 0 0 0 0
710 285 0 0 0 0
953 285 1 9 1 1
1196 285 1 7 1 1
1439 285 0 0 0 0
1682 285 0 0 0 0
103 355 1 2 1 1
346 355 1 5 0 1
589 355 0 0 0 0
832 355 1 1 0 1
1075 355 0 0 0 0
1318 355 0 0 0 0
1561 355 0 0 0 0
224 425 0 0 0 0
467 425 1 0 0 0
710 425 1 1 1 1
953 425 0 0 0 0
1196 425 0 0 0 0
1439 425 0 0 0 0
1682 425 0 0 0 0
103 495 0 0 0 0
346 495 0 0 0 0
589 495 0 0 0 0
832 495 1 1 0 1
1075 495 1 6 0 1
1318 495 0 0 0 0
1561 495 1 10 1 1
224 565 1 11 1 1
467 565 0 0 0 0
710 565 1 1 0 1
953 565 0 0 0 0
1196 565 1 6 1 1
1439 565 1 10 0 1
1682 565 1 10 0 1
103 635 0 0 0 0
346 635 0 0 0 0
589 635 0 0 0 0
832 635 1 12 1 1
1075 635 1 0 0 1
1318 635 0 0 0 0
1561 635 0 0 0 0
224 705 1 11 0 1
467 705 0 0 0 0
710 705 0 0 0 0
953 705 1 0 0 1
1196 705 0 0 0 0
1439 705 1 8 0 1
1682 705 1 8 0 1
103 775 0 0 0 0
346 775 1 0 0 0
589 775 0 0 0 0
832 775 0 0 0 0
1075 775 1 0 1 1
1318 775 0 0 0 0
1561 775 1 8 1 1
224 845 0 0 0 0
467 845 0 0 0 0
710 845 0 0 0 0
953 845 0 0 0 0
1196 845 1 0 0 1
1439 845 1 8 0 1
1682 845 0 0 0 0
0 4 10 0 0 0 0
4 9
4 10
4 7
3 8
2 4 10 0 0 0 0
2 4
2 6
3 5
3 3
3 2 10 0 0 0 0
0 3
0 1
1 1 10 0 0 0 0
2 0
4 2 10 0 0 0 0
6 0
6 1
10 2 20 0 0 0 0
1 1
1 3
10 2 20 0 0 0 0
4 6
4 5
10 1 20 0 0 0 0
4 2
10 4 20 0 0 0 0
6 9
6 8
5 10
5 8
10 1 20 0 0 0 0
3 2
10 3 20 0 0 0 0
6 5
6 6
5 6
10 2 20 0 0 0 0
0 6
0 8
10 1 20 0 0 0 0
3 7
0
0 1 10 -1 -1 1
0 1 10 -1 -1 1
0 1 10 -1 -1 1
0 1 10 -1 -1 1
0 1 10 -1 -1 1
0
