arya                            
8 50 20 10 0 1
7 11 125 84 4 1 13
246 154 0 0 0 0
489 154 1 9 1 1
732 154 1 11 0 0
975 154 0 11 0 0
1218 154 0 3 1 0
1461 154 0 4 1 0
1704 154 1 7 0 1
125 224 1 10 0 1
368 224 1 9 1 1
611 224 0 0 0 0
854 224 1 8 1 1
1097 224 1 8 0 1
1340 224 0 3 0 0
1583 224 0 4 0 0
246 294 1 10 1 1
489 294 1 6 0 1
732 294 0 0 0 0
975 294 1 8 1 1
1218 294 0 0 0 0
1461 294 1 4 0 0
1704 294 1 7 1 1
125 364 1 2 0 1
368 364 1 6 0 1
611 364 1 1 1 1
854 364 0 11 0 0
1097 364 1 8 0 1
1340 364 1 0 0 0
1583 364 0 9 0 0
246 434 0 1 0 0
489 434 1 6 1 1
732 434 1 1 1 1
975 434 0 0 0 0
1218 434 0 7 0 0
1461 434 0 0 0 0
1704 434 1 3 0 1
125 504 1 2 1 1
368 504 0 1 1 0
611 504 0 0 0 0
854 504 0 0 0 0
1097 504 1 11 1 1
1340 504 0 7 0 0
1583 504 0 0 0 0
246 574 0 0 0 0
489 574 0 0 0 0
732 574 0 2 0 0
975 574 0 0 0 0
1218 574 1 5 1 1
1461 574 0 8 1 0
1704 574 1 3 1 1
125 644 1 2 0 1
368 644 0 0 0 0
611 644 0 2 0 0
854 644 1 0 0 1
1097 644 1 5 0 1
1340 644 1 5 0 1
1583 644 1 3 0 1
246 714 0 0 0 0
489 714 0 5 1 0
732 714 1 0 1 1
975 714 0 0 0 0
1218 714 1 5 1 1
1461 714 0 0 0 0
1704 714 1 3 0 1
125 784 0 0 0 0
368 784 0 0 0 0
611 784 0 0 0 0
854 784 1 0 1 1
1097 784 1 5 0 1
1340 784 0 10 1 0
1583 784 1 4 0 1
246 854 0 0 0 0
489 854 0 0 0 0
732 854 1 0 0 1
975 854 1 0 0 1
1218 854 0 0 0 0
1461 854 1 4 1 1
1704 854 1 12 1 1
0 5 10 0 0 0 0
3 9
3 10
3 7
2 10
2 8
2 2 10 0 0 0 0
2 4
2 3
4 3 10 0 0 0 0
0 5
0 7
0 3
3 4 10 0 0 0 0
6 6
6 7
6 8
6 4
1 2 10 0 0 0 0
5 10
6 9
10 5 20 0 0 0 0
4 8
4 9
4 7
4 6
5 7
10 3 20 0 0 0 0
1 4
1 3
1 2
10 2 20 0 0 0 0
6 2
6 0
10 4 20 0 0 0 0
3 2
3 1
4 3
4 1
10 2 20 0 0 0 0
1 0
1 1
10 2 20 0 0 0 0
0 2
0 1
10 1 20 0 0 0 0
4 5
10 1 20 0 0 0 0
6 10
0
0 1 10 -1 1
0 1 10 -1 1
0 1 10 -1 1
0 1 10 -1 1
0 1 10 -1 1
0
