4
1
13
0 70 0 0 0 0
243 70 0 0 0 0
486 70 0 0 0 0
729 70 1 0 0 1
972 70 0 0 0 0
1215 70 1 3 0 1
1458 70 0 0 0 0
-122 140 0 0 0 0
121 140 1 10 1 1
364 140 0 0 0 0
607 140 1 0 1 1
850 140 0 0 0 0
1093 140 0 0 0 0
1336 140 0 0 0 0
0 210 0 0 0 0
243 210 0 0 0 0
486 210 0 0 0 0
729 210 0 0 0 0
972 210 1 9 1 1
1215 210 1 3 1 1
1458 210 0 0 0 0
-122 280 0 0 0 0
121 280 0 0 0 0
364 280 1 12 1 1
607 280 1 0 0 1
850 280 0 0 0 0
1093 280 0 0 0 0
1336 280 0 0 0 0
0 350 0 0 0 0
243 350 1 12 0 1
486 350 0 0 0 0
729 350 0 0 0 0
972 350 1 9 0 1
1215 350 1 3 0 1
1458 350 0 0 0 0
-122 420 0 0 0 0
121 420 0 0 0 0
364 420 1 12 0 1
607 420 1 5 1 1
850 420 0 0 0 0
1093 420 0 0 0 0
1336 420 0 0 0 0
0 490 1 0 0 0
243 490 1 0 0 0
486 490 0 0 0 0
729 490 1 5 0 1
972 490 1 11 1 1
1215 490 0 0 0 0
1458 490 0 0 0 0
-122 560 0 0 0 0
121 560 1 6 0 1
364 560 1 4 0 1
607 560 1 1 0 1
850 560 1 8 0 1
1093 560 0 0 0 0
1336 560 0 0 0 0
0 630 1 0 0 0
243 630 0 0 0 0
486 630 1 4 1 1
729 630 0 0 0 0
972 630 1 8 0 1
1215 630 0 0 0 0
1458 630 0 0 0 0
-122 700 0 0 0 0
121 700 1 6 1 1
364 700 1 2 0 1
607 700 1 1 1 1
850 700 1 8 1 1
1093 700 1 7 1 1
1336 700 0 0 0 0
0 770 0 0 0 0
243 770 1 6 0 1
486 770 1 1 0 1
729 770 0 0 0 0
972 770 0 0 0 0
1215 770 1 7 0 1
1458 770 0 0 0 0
-122 840 0 0 0 0
121 840 0 0 0 0
364 840 1 2 1 1
607 840 1 1 0 1
850 840 0 0 0 0
1093 840 0 0 0 0
1336 840 0 0 0 0

0 3 50
3 1
3 0
3 3

3 4 50
3 9
3 11
3 7
2 10

4 2 50
2 11
2 9

1 3 50
5 2
5 4
5 0

2 2 50
2 8
2 7

10 2 50
3 5
3 6

10 3 50
1 9
1 10
1 7

10 2 50
5 9
5 10

10 3 50
4 9
4 8
4 7

10 2 50
4 2
4 4

10 1 50
1 1

10 1 50
4 6

10 3 50
2 3
2 5
1 4

0 0 0

