arya                            
6 50 20 10
7 11 10 92 4 1 11
131 162 0 0 0 0
374 162 1 2 0 1
617 162 1 0 0 0
860 162 0 0 0 0
1103 162 0 0 0 0
1346 162 0 0 0 0
1589 162 0 0 0 0
10 232 1 1 0 1
253 232 1 2 1 1
496 232 0 0 0 0
739 232 0 0 0 0
982 232 1 3 1 1
1225 232 0 0 0 0
1468 232 1 10 0 1
131 302 0 0 0 0
374 302 1 2 0 1
617 302 0 0 0 0
860 302 0 0 0 0
1103 302 0 0 0 0
1346 302 1 10 1 1
1589 302 0 0 0 0
10 372 1 1 1 1
253 372 1 2 0 1
496 372 1 0 0 0
739 372 1 4 0 1
982 372 0 0 0 0
1225 372 1 0 0 1
1468 372 0 0 0 0
131 442 1 1 0 1
374 442 0 0 0 0
617 442 0 0 0 0
860 442 1 4 1 1
1103 442 1 0 1 1
1346 442 1 10 0 1
1589 442 0 0 0 0
10 512 0 0 0 0
253 512 0 0 0 0
496 512 0 0 0 0
739 512 1 4 0 1
982 512 1 0 0 1
1225 512 0 0 0 0
1468 512 0 0 0 0
131 582 0 0 0 0
374 582 0 0 0 0
617 582 1 7 0 1
860 582 0 0 0 0
1103 582 1 0 0 1
1346 582 1 8 0 1
1589 582 1 8 0 1
10 652 0 0 0 0
253 652 0 0 0 0
496 652 1 0 0 0
739 652 1 7 1 1
982 652 1 0 0 0
1225 652 0 0 0 0
1468 652 1 8 1 1
131 722 1 5 0 1
374 722 0 0 0 0
617 722 1 7 0 1
860 722 0 0 0 0
1103 722 0 0 0 0
1346 722 1 8 0 1
1589 722 0 0 0 0
10 792 1 5 1 1
253 792 0 0 0 0
496 792 0 0 0 0
739 792 1 7 0 1
982 792 0 0 0 0
1225 792 0 0 0 0
1468 792 1 8 0 1
131 862 0 0 0 0
374 862 1 0 0 0
617 862 1 0 0 0
860 862 0 0 0 0
1103 862 1 6 1 1
1346 862 0 0 0 0
1589 862 1 9 1 1
0 4 10 0 0 0
4 4
4 5
4 6
5 3
2 3 10 0 0 0
0 3
0 4
0 1
1 4 10 0 0 0
1 1
1 2
1 0
1 3
4 1 10 0 0 0
4 1
3 3 10 0 0 0
3 4
3 5
3 3
10 2 20 0 0 0
0 9
0 8
10 1 20 0 0 0
4 10
10 4 20 0 0 0
3 7
3 9
2 8
2 6
10 5 20 0 0 0
6 7
6 6
6 9
5 8
5 6
10 1 20 0 0 0
6 10
10 3 20 0 0 0
5 2
5 4
6 1
0
0 10 -1 1
0 10 -1 1
0 10 -1 1
0 10 -1 1
0 10 -1 1
0
