arya                            
8 50 20 10 0 1
7 11 132 95 4 1 13
253 165 1 7 1 1
496 165 1 1 0 1
739 165 0 7 1 0
982 165 1 4 1 1
1225 165 1 9 1 1
1468 165 1 6 1 1
1711 165 1 8 1 1
132 235 1 7 0 1
375 235 1 1 1 1
618 235 1 1 0 1
861 235 0 0 0 0
1104 235 0 0 0 0
1347 235 0 0 0 0
1590 235 0 9 1 0
253 305 1 7 0 1
496 305 1 1 1 1
739 305 0 0 0 0
982 305 1 0 1 1
1225 305 0 0 0 0
1468 305 0 9 0 0
1711 305 1 8 0 1
132 375 0 6 0 0
375 375 0 0 0 0
618 375 1 1 0 1
861 375 0 0 0 0
1104 375 1 0 0 1
1347 375 1 2 1 1
1590 375 1 0 0 0
253 445 0 0 0 0
496 445 0 11 1 0
739 445 0 0 0 0
982 445 1 0 1 1
1225 445 1 2 0 1
1468 445 0 0 0 0
1711 445 0 0 0 0
132 515 0 6 1 0
375 515 1 5 1 1
618 515 0 0 0 0
861 515 1 0 0 1
1104 515 0 8 1 0
1347 515 1 2 1 1
1590 515 1 0 0 0
253 585 0 6 0 0
496 585 0 0 0 0
739 585 0 0 0 0
982 585 1 0 0 1
1225 585 1 3 0 1
1468 585 0 0 0 0
1711 585 1 11 0 1
132 655 1 4 0 0
375 655 0 0 0 0
618 655 0 0 1 0
861 655 1 0 0 0
1104 655 1 3 1 1
1347 655 0 0 0 0
1590 655 1 11 0 1
253 725 0 0 0 0
496 725 1 10 0 1
739 725 1 0 0 0
982 725 0 1 1 0
1225 725 1 3 0 1
1468 725 1 0 0 0
1711 725 1 11 1 1
132 795 0 4 1 0
375 795 1 10 1 1
618 795 0 0 0 0
861 795 0 0 0 0
1104 795 0 0 0 0
1347 795 0 0 0 0
1590 795 1 11 0 1
253 865 0 0 0 0
496 865 1 10 0 1
739 865 0 0 0 0
982 865 0 0 0 0
1225 865 1 12 1 1
1468 865 0 0 0 0
1711 865 0 0 0 0
0 5 10 0 0 0 0
3 4
3 5
3 6
3 2
4 3
2 5 10 0 0 0 0
1 2
1 1
1 0
2 3
2 1
3 3 10 0 0 0 0
5 3
5 5
4 4
4 3 10 0 0 0 0
4 7
4 8
4 6
1 1 10 0 0 0 0
3 0
10 1 20 0 0 0 0
1 5
10 1 20 0 0 0 0
5 0
10 3 20 0 0 0 0
0 0
0 1
0 2
10 2 20 0 0 0 0
6 0
6 2
10 1 20 0 0 0 0
4 0
10 3 20 0 0 0 0
1 9
1 10
1 8
10 4 20 0 0 0 0
6 8
6 9
6 7
6 6
10 1 20 0 0 0 0
4 10
0
0 1 10 -1 -1 1
0 1 10 -1 -1 1
0 1 10 -1 -1 1
0 1 10 -1 -1 1
0 1 10 -1 -1 1
0
