arya                            
8 50 20 10 6 1
7 10 133 115 4 1 13
254 185 0 6 1 0
497 185 1 1 1 1
740 185 1 4 0 1
983 185 0 5 0 0
1226 185 0 0 1 0
1469 185 1 12 1 1
1712 185 0 0 0 0
133 255 0 1 0 0
376 255 0 5 0 0
619 255 1 1 0 1
862 255 1 4 1 1
1105 255 1 6 1 1
1348 255 1 2 0 1
1591 255 1 10 0 1
254 325 0 1 1 0
497 325 1 1 1 1
740 325 1 4 1 1
983 325 1 6 1 1
1226 325 0 0 0 0
1469 325 0 7 1 0
1712 325 1 10 1 1
133 395 1 1 1 0
376 395 0 3 1 0
619 395 1 4 1 1
862 395 0 5 0 0
1105 395 1 6 1 1
1348 395 1 2 1 1
1591 395 0 0 0 0
254 465 0 1 0 0
497 465 0 3 0 0
740 465 1 4 1 1
983 465 1 6 0 1
1226 465 0 11 0 0
1469 465 0 4 0 0
1712 465 1 7 1 1
133 535 0 8 1 0
376 535 0 13 1 0
619 535 1 6 0 0
862 535 0 4 0 0
1105 535 0 2 1 0
1348 535 1 2 0 1
1591 535 1 7 1 1
254 605 0 3 0 0
497 605 0 3 0 0
740 605 0 14 1 0
983 605 0 2 0 0
1226 605 1 11 1 1
1469 605 0 4 1 0
1712 605 1 7 0 1
133 675 0 9 0 0
376 675 0 3 1 0
619 675 0 0 0 0
862 675 1 5 0 1
1105 675 0 2 1 0
1348 675 1 11 1 1
1591 675 1 7 0 1
254 745 0 3 1 0
497 745 1 0 1 1
740 745 1 5 0 1
983 745 0 9 1 0
1226 745 1 3 0 1
1469 745 1 8 1 1
1712 745 1 8 0 1
133 815 1 9 1 1
376 815 1 0 1 1
619 815 0 0 0 0
862 815 1 5 1 1
1105 815 1 3 1 1
1348 815 0 0 0 0
1591 815 1 8 1 1
0 2 10 0 0 0 0
1 9
1 8
2 3 10 0 0 0 0
1 0
1 2
2 1
4 3 10 0 0 0 0
5 3
5 5
5 1
1 2 10 0 0 0 0
4 9
4 8
3 5 10 0 0 0 0
2 2
2 3
2 4
2 0
3 1
10 3 20 0 0 0 0
3 9
3 7
2 8
10 4 20 0 0 0 0
3 2
3 4
4 3
4 1
10 4 20 0 0 0 0
6 5
6 6
6 4
6 7
10 3 20 0 0 0 0
6 9
6 8
5 8
10 1 20 0 0 0 0
0 9
10 2 20 0 0 0 0
6 2
6 1
10 2 20 0 0 0 0
4 6
5 7
10 1 20 0 0 0 0
5 0
0
0 1 10 -1 1
0 1 10 -1 1
0 1 10 -1 1
0 1 10 -1 1
0 1 10 -1 1
0
