arya                            
8 50 20 10 0 1
7 10 35 175 4 1 13
156 245 0 0 0 0
399 245 1 0 0 0
642 245 1 0 0 0
885 245 1 0 0 1
1128 245 0 0 0 0
1371 245 1 6 1 1
1614 245 0 0 0 0
35 315 0 0 0 0
278 315 1 8 0 1
521 315 1 0 0 0
764 315 0 0 0 0
1007 315 0 0 0 0
1250 315 0 0 0 0
1493 315 0 0 0 0
156 385 0 0 0 0
399 385 0 0 0 0
642 385 1 10 0 1
885 385 1 0 1 1
1128 385 0 0 0 0
1371 385 0 0 0 0
1614 385 1 5 1 1
35 455 1 0 0 0
278 455 1 8 1 1
521 455 1 10 0 1
764 455 1 0 0 1
1007 455 0 0 0 0
1250 455 1 0 0 0
1493 455 1 2 0 1
156 525 1 8 0 1
399 525 1 1 0 1
642 525 1 10 1 1
885 525 1 0 0 1
1128 525 0 0 0 0
1371 525 0 0 0 0
1614 525 1 2 0 1
35 595 1 0 0 0
278 595 1 1 0 1
521 595 1 1 0 1
764 595 1 3 0 1
1007 595 0 0 0 0
1250 595 0 0 0 0
1493 595 1 2 1 1
156 665 0 0 0 0
399 665 1 1 1 1
642 665 0 0 0 0
885 665 0 0 0 0
1128 665 1 11 1 1
1371 665 1 2 0 1
1614 665 1 2 0 1
35 735 0 0 0 0
278 735 1 1 0 1
521 735 1 1 0 1
764 735 1 3 1 1
1007 735 0 0 0 0
1250 735 0 0 0 0
1493 735 0 0 0 0
156 805 1 4 0 1
399 805 0 0 0 0
642 805 0 0 0 0
885 805 0 0 0 0
1128 805 1 11 0 1
1371 805 1 9 1 1
1614 805 0 0 0 0
35 875 1 12 1 1
278 875 1 4 1 1
521 875 1 7 1 1
764 875 0 0 0 0
1007 875 0 0 0 0
1250 875 0 0 0 0
1493 875 1 9 0 1
0 4 10 0 0 0 0
3 2
3 3
3 4
3 0
2 6 10 0 0 0 0
1 6
1 7
1 5
1 4
2 7
2 5
3 5 10 0 0 0 0
6 5
6 6
6 4
6 3
5 6
1 2 10 0 0 0 0
3 7
3 5
4 2 10 0 0 0 0
1 9
0 8
10 1 20 0 0 0 0
6 2
10 1 20 0 0 0 0
5 0
10 1 20 0 0 0 0
2 9
10 3 20 0 0 0 0
1 3
1 1
0 4
10 2 20 0 0 0 0
5 8
6 9
10 3 20 0 0 0 0
2 4
2 3
2 2
10 2 20 0 0 0 0
4 6
4 8
10 1 20 0 0 0 0
0 9
0
0 1 10 -1 -1 1
0 1 10 -1 -1 1
0 1 10 -1 -1 1
0 1 10 -1 -1 1
0 1 10 -1 -1 1
0
