arya                            
6 50 20 10
7 11 102 94 4 1 11
223 164 0 0 0 0
466 164 0 0 0 0
709 164 0 0 0 0
952 164 0 0 0 0
1195 164 1 8 1 1
1438 164 0 0 0 0
1681 164 1 0 0 0
102 234 0 0 0 0
345 234 1 3 0 1
588 234 1 0 0 0
831 234 1 7 1 1
1074 234 1 8 0 1
1317 234 1 8 0 1
1560 234 0 0 0 0
223 304 0 0 0 0
466 304 0 0 0 0
709 304 0 0 0 0
952 304 0 0 0 0
1195 304 0 0 0 0
1438 304 0 0 0 0
1681 304 0 0 0 0
102 374 0 0 0 0
345 374 1 3 1 1
588 374 0 0 0 0
831 374 1 7 0 1
1074 374 0 0 0 0
1317 374 1 10 0 1
1560 374 0 0 0 0
223 444 1 3 0 1
466 444 1 3 0 1
709 444 0 0 0 0
952 444 0 0 0 0
1195 444 1 0 0 0
1438 444 1 10 1 1
1681 444 0 0 0 0
102 514 0 0 0 0
345 514 1 3 0 1
588 514 1 6 1 1
831 514 1 0 0 0
1074 514 0 0 0 0
1317 514 1 10 0 1
1560 514 0 0 0 0
223 584 1 5 1 1
466 584 0 0 0 0
709 584 0 0 0 0
952 584 0 0 0 0
1195 584 0 0 0 0
1438 584 0 0 0 0
1681 584 0 0 0 0
102 654 0 0 0 0
345 654 1 0 0 1
588 654 0 0 0 0
831 654 0 0 0 0
1074 654 0 0 0 0
1317 654 0 0 0 0
1560 654 1 1 1 1
223 724 1 2 0 1
466 724 1 0 1 1
709 724 0 0 0 0
952 724 0 0 0 0
1195 724 0 0 0 0
1438 724 0 0 0 0
1681 724 0 0 0 0
102 794 1 2 1 1
345 794 1 0 0 1
588 794 0 0 0 0
831 794 1 4 1 1
1074 794 0 0 0 0
1317 794 0 0 0 0
1560 794 0 0 0 0
223 864 1 2 0 1
466 864 1 0 0 1
709 864 0 0 0 0
952 864 0 0 0 0
1195 864 1 9 1 1
1438 864 1 0 0 0
1681 864 0 0 0 0
0 4 10 0 0 0
1 8
1 9
1 7
1 10
2 1 10 0 0 0
6 7
1 3 10 0 0 0
0 9
0 10
0 8
4 5 10 0 0 0
1 3
1 4
1 5
1 1
0 4
3 1 10 0 0 0
3 9
10 1 20 0 0 0
0 6
10 1 20 0 0 0
2 5
10 2 20 0 0 0
3 1
3 3
10 3 20 0 0 0
4 0
4 1
5 1
10 1 20 0 0 0
4 10
10 3 20 0 0 0
5 4
5 5
5 3
0
0 10 -1 1
0 10 -1 1
0 10 -1 1
0 10 -1 1
0 10 -1 1
0
