arya                            
8 50 20 10 0 1
7 10 4 165 4 1 13
125 235 1 10 0 1
368 235 0 0 0 0
611 235 0 0 0 0
854 235 1 8 0 1
1097 235 0 0 0 0
1340 235 1 3 1 1
1583 235 0 0 0 0
4 305 1 12 1 1
247 305 1 10 1 1
490 305 1 7 1 1
733 305 1 8 0 1
976 305 1 8 0 1
1219 305 1 3 0 1
1462 305 0 0 0 0
125 375 1 10 0 1
368 375 1 7 0 1
611 375 0 0 0 0
854 375 1 8 1 1
1097 375 1 2 0 1
1340 375 1 3 0 1
1583 375 0 0 0 0
4 445 1 9 0 1
247 445 1 10 0 1
490 445 1 6 0 1
733 445 0 0 0 0
976 445 1 2 0 1
1219 445 0 0 0 0
1462 445 1 5 1 1
125 515 1 9 0 1
368 515 1 0 0 0
611 515 1 6 1 1
854 515 0 0 0 0
1097 515 1 2 1 1
1340 515 1 5 0 1
1583 515 1 5 0 1
4 585 1 9 1 1
247 585 1 4 0 1
490 585 1 6 0 1
733 585 0 0 0 0
976 585 0 0 0 0
1219 585 0 0 0 0
1462 585 1 5 0 1
125 655 1 4 0 1
368 655 1 4 0 1
611 655 1 6 0 1
854 655 0 0 0 0
1097 655 0 0 0 0
1340 655 1 11 1 1
1583 655 1 0 0 1
4 725 1 9 0 1
247 725 1 4 1 1
490 725 0 0 0 0
733 725 0 0 0 0
976 725 0 0 0 0
1219 725 1 1 0 1
1462 725 0 0 0 0
125 795 1 4 0 1
368 795 1 4 0 1
611 795 1 0 0 0
854 795 0 0 0 0
1097 795 1 1 1 1
1340 795 1 11 0 1
1583 795 1 0 1 1
4 865 0 0 0 0
247 865 0 0 0 0
490 865 0 0 0 0
733 865 0 0 0 0
976 865 1 1 0 1
1219 865 0 0 0 0
1462 865 0 0 0 0
0 2 10 0 0 0 0
6 8
6 6
2 3 10 0 0 0 0
4 8
4 9
5 7
3 3 10 0 0 0 0
4 4
4 3
4 2
1 3 10 0 0 0 0
5 0
5 1
5 2
4 6 10 0 0 0 0
1 7
1 8
1 6
1 5
0 8
0 6
10 4 20 0 0 0 0
6 3
6 4
6 5
5 4
10 4 20 0 0 0 0
2 4
2 5
2 3
2 6
10 2 20 0 0 0 0
2 1
1 2
10 4 20 0 0 0 0
3 2
3 1
3 0
4 1
10 4 20 0 0 0 0
0 5
0 4
0 7
0 3
10 4 20 0 0 0 0
1 1
1 3
0 2
0 0
10 2 20 0 0 0 0
5 6
5 8
10 1 20 0 0 0 0
0 1
0
0 1 10 -1 -1 1
0 1 10 -1 -1 1
0 1 10 -1 -1 1
0 1 10 -1 -1 1
0 1 10 -1 -1 1
0
