arya                            
8 50 20 10 0 1
7 11 36 105 4 1 13
157 175 0 0 0 0
400 175 0 0 0 0
643 175 0 0 0 0
886 175 1 7 1 1
1129 175 0 0 0 0
1372 175 1 4 1 1
1615 175 1 9 0 1
36 245 1 0 0 0
279 245 0 0 0 0
522 245 1 0 0 0
765 245 0 0 0 0
1008 245 0 0 0 0
1251 245 1 4 0 1
1494 245 0 0 0 0
157 315 1 5 0 1
400 315 1 5 0 1
643 315 0 0 0 0
886 315 0 0 0 0
1129 315 0 0 0 0
1372 315 1 4 0 1
1615 315 1 9 1 1
36 385 0 0 0 0
279 385 1 5 1 1
522 385 1 3 0 1
765 385 0 0 0 0
1008 385 0 0 0 0
1251 385 1 11 1 1
1494 385 0 0 0 0
157 455 1 5 0 1
400 455 0 0 0 0
643 455 1 3 0 1
886 455 1 0 1 1
1129 455 0 0 0 0
1372 455 1 11 0 1
1615 455 0 0 0 0
36 525 0 0 0 0
279 525 0 0 0 0
522 525 1 3 1 1
765 525 0 0 0 0
1008 525 0 0 0 0
1251 525 0 0 0 0
1494 525 0 0 0 0
157 595 0 0 0 0
400 595 0 0 0 0
643 595 0 0 0 0
886 595 0 0 0 0
1129 595 1 8 1 1
1372 595 0 0 0 0
1615 595 0 0 0 0
36 665 1 0 0 0
279 665 1 0 0 0
522 665 1 3 0 1
765 665 1 0 0 0
1008 665 0 0 0 0
1251 665 1 8 0 1
1494 665 1 1 1 1
157 735 1 6 0 1
400 735 0 0 0 0
643 735 0 0 0 0
886 735 0 0 0 0
1129 735 0 0 0 0
1372 735 1 1 0 1
1615 735 1 1 0 1
36 805 0 0 0 0
279 805 0 0 0 0
522 805 0 0 0 0
765 805 0 0 0 0
1008 805 1 2 1 1
1251 805 1 10 0 1
1494 805 0 0 0 0
157 875 1 6 1 1
400 875 0 0 0 0
643 875 1 12 1 1
886 875 0 0 0 0
1129 875 0 0 0 0
1372 875 1 10 1 1
1615 875 0 0 0 0
0 1 10 0 0 0 0
3 4
2 3 10 0 0 0 0
6 7
6 8
5 8
4 1 10 0 0 0 0
4 9
1 4 10 0 0 0 0
2 5
2 4
2 7
2 3
3 3 10 0 0 0 0
5 0
5 1
5 2
10 4 20 0 0 0 0
1 3
1 2
0 4
0 2
10 2 20 0 0 0 0
0 10
0 8
10 1 20 0 0 0 0
3 0
10 2 20 0 0 0 0
4 6
5 7
10 2 20 0 0 0 0
6 2
6 0
10 2 20 0 0 0 0
5 10
5 9
10 2 20 0 0 0 0
5 3
5 4
10 1 20 0 0 0 0
2 10
0
0 1 10 0 -1 1
0 1 10 0 -1 1
0 1 10 0 -1 1
0 1 10 0 -1 1
0 1 10 0 -1 1
0
