arya                            
6 50 20 10
7 10 145 136 4 1 11
266 206 1 5 1 1
509 206 1 0 0 0
752 206 1 4 1 1
995 206 1 1 0 1
1238 206 1 1 0 1
1481 206 1 0 0 0
1724 206 1 7 1 1
145 276 0 0 0 0
388 276 0 0 0 0
631 276 1 4 0 1
874 276 1 4 0 1
1117 276 1 1 1 1
1360 276 0 0 0 0
1603 276 1 3 0 1
266 346 1 5 0 1
509 346 0 0 0 0
752 346 0 0 0 0
995 346 1 1 0 1
1238 346 1 1 0 1
1481 346 0 0 0 0
1724 346 1 3 0 1
145 416 0 0 0 0
388 416 0 0 0 0
631 416 0 0 0 0
874 416 0 0 0 0
1117 416 0 0 0 0
1360 416 1 10 1 1
1603 416 1 3 1 1
266 486 0 0 0 0
509 486 1 9 1 1
752 486 0 0 0 0
995 486 0 0 0 0
1238 486 0 0 0 0
1481 486 1 3 0 1
1724 486 1 3 0 1
145 556 1 2 0 1
388 556 1 9 0 1
631 556 0 0 0 0
874 556 0 0 0 0
1117 556 1 0 1 1
1360 556 1 8 0 1
1603 556 1 3 0 1
266 626 0 0 0 0
509 626 0 0 0 0
752 626 0 0 0 0
995 626 0 0 0 0
1238 626 0 0 0 0
1481 626 1 8 1 1
1724 626 1 0 0 0
145 696 1 2 1 1
388 696 1 0 0 0
631 696 0 0 0 0
874 696 0 0 0 0
1117 696 1 0 0 1
1360 696 0 0 0 0
1603 696 0 0 0 0
266 766 1 2 0 1
509 766 1 6 0 1
752 766 1 6 0 1
995 766 0 0 0 0
1238 766 0 0 0 0
1481 766 0 0 0 0
1724 766 0 0 0 0
145 836 0 0 0 0
388 836 1 0 0 0
631 836 1 6 1 1
874 836 0 0 0 0
1117 836 0 0 0 0
1360 836 1 0 0 0
1603 836 0 0 0 0
0 2 10 0 0 0
4 5
4 7
2 5 10 0 0 0
4 1
4 2
4 0
3 2
3 0
3 3 10 0 0 0
0 7
0 8
0 5
4 6 10 0 0 0
6 3
6 4
6 2
6 5
6 1
5 4
1 3 10 0 0 0
2 0
2 1
3 1
10 2 20 0 0 0
0 0
0 2
10 3 20 0 0 0
2 9
2 8
1 8
10 1 20 0 0 0
6 0
10 2 20 0 0 0
5 6
5 5
10 2 20 0 0 0
1 4
1 5
10 1 20 0 0 0
5 3
0
0 10 -1 1
0 10 -1 1
0 10 -1 1
0 10 -1 1
0 10 -1 1
0
