arya                            
8 50 20 10 0 1
7 10 92 128 1 1 10
213 198 0 0 0 0
456 198 1 4 0 1
699 198 1 3 0 1
942 198 1 3 0 1
1185 198 0 0 0 0
1428 198 0 0 0 0
1671 198 0 0 0 0
92 268 0 0 0 0
335 268 0 0 0 0
578 268 1 4 1 1
821 268 1 3 1 1
1064 268 0 0 0 0
1307 268 0 0 0 0
1550 268 1 1 0 1
213 338 1 5 0 1
456 338 0 0 0 0
699 338 0 0 0 0
942 338 1 3 0 1
1185 338 0 0 0 0
1428 338 0 0 0 0
1671 338 0 0 0 0
92 408 1 5 1 1
335 408 0 0 0 0
578 408 1 4 0 1
821 408 1 3 0 1
1064 408 1 0 0 0
1307 408 1 8 1 1
1550 408 1 1 1 1
213 478 0 0 0 0
456 478 0 0 0 0
699 478 0 0 0 0
942 478 1 0 0 0
1185 478 1 8 0 1
1428 478 1 1 0 1
1671 478 0 0 0 0
92 548 1 0 0 1
335 548 1 0 0 1
578 548 0 0 0 0
821 548 0 0 0 0
1064 548 1 0 0 0
1307 548 1 8 0 1
1550 548 1 1 0 1
213 618 1 0 1 1
456 618 0 0 0 0
699 618 0 0 0 0
942 618 0 0 0 0
1185 618 0 0 0 0
1428 618 0 0 0 0
1671 618 0 0 0 0
92 688 0 0 0 0
335 688 0 0 0 0
578 688 0 0 0 0
821 688 0 0 0 0
1064 688 0 0 0 0
1307 688 1 7 0 1
1550 688 1 2 0 1
213 758 1 0 0 1
456 758 0 0 0 0
699 758 1 9 0 1
942 758 0 0 0 0
1185 758 0 0 0 0
1428 758 1 7 1 1
1671 758 1 2 1 1
92 828 0 0 0 0
335 828 0 0 0 0
578 828 1 9 1 1
821 828 1 0 0 0
1064 828 1 6 1 1
1307 828 1 7 0 1
1550 828 1 2 0 1
0 4 10 0 0 0 0
0 6
0 5
0 8
1 5
1 4 10 0 0 0 0
6 3
6 5
6 1
5 4
10 3 20 0 0 0 0
6 8
6 9
6 7
10 5 20 0 0 0 0
3 1
3 2
3 0
3 3
2 0
10 3 20 0 0 0 0
2 1
2 3
1 0
10 2 20 0 0 0 0
0 3
0 2
10 1 20 0 0 0 0
4 9
10 3 20 0 0 0 0
5 8
5 9
5 7
10 3 20 0 0 0 0
5 3
5 5
4 4
10 2 20 0 0 0 0
2 9
2 8
0
0 1 10 -1 -1 1
0 1 10 -1 -1 1
0
