arya                            
8 50 20 10 0 1
7 10 56 152 4 1 13
177 222 0 0 0 0
420 222 0 0 0 0
663 222 1 7 1 1
906 222 1 0 0 0
1149 222 1 0 0 0
1392 222 0 0 0 0
1635 222 1 9 1 1
56 292 1 1 1 1
299 292 1 0 1 1
542 292 0 0 0 0
785 292 1 7 0 1
1028 292 0 0 0 0
1271 292 1 8 0 1
1514 292 1 8 0 1
177 362 1 0 0 1
420 362 0 0 0 0
663 362 0 0 0 0
906 362 0 0 0 0
1149 362 1 3 0 1
1392 362 1 8 1 1
1635 362 0 0 0 0
56 432 1 1 0 1
299 432 1 0 0 1
542 432 0 0 0 0
785 432 0 0 0 0
1028 432 1 3 0 1
1271 432 0 0 0 0
1514 432 1 6 0 1
177 502 0 0 0 0
420 502 1 5 1 1
663 502 1 0 0 0
906 502 0 0 0 0
1149 502 1 3 1 1
1392 502 1 6 0 1
1635 502 1 6 0 1
56 572 0 0 0 0
299 572 1 5 0 1
542 572 1 5 0 1
785 572 0 0 0 0
1028 572 0 0 0 0
1271 572 1 3 0 1
1514 572 1 6 1 1
177 642 0 0 0 0
420 642 0 0 0 0
663 642 0 0 0 0
906 642 1 2 0 1
1149 642 0 0 0 0
1392 642 0 0 0 0
1635 642 1 6 0 1
56 712 1 11 1 1
299 712 1 0 0 0
542 712 1 10 1 1
785 712 1 2 1 1
1028 712 1 4 1 1
1271 712 1 12 0 1
1514 712 1 6 0 1
177 782 0 0 0 0
420 782 0 0 0 0
663 782 0 0 0 0
906 782 0 0 0 0
1149 782 1 4 0 1
1392 782 1 12 1 1
1635 782 1 0 0 0
56 852 0 0 0 0
299 852 0 0 0 0
542 852 0 0 0 0
785 852 0 0 0 0
1028 852 1 4 0 1
1271 852 1 12 0 1
1514 852 0 0 0 0
0 3 15 0 0 0 0
1 1
1 3
0 2
1 2 0 0 15 0 1
0 1
0 3
1181 579 1204 587 1 1 1 1644494709 712478 0.000000 1 3
1187 544 1210 552 1 1 1 1644494709 712478 0.000000 1 3
1193 509 1216 517 1 1 1 1644494709 712478 0.000000 1 3
1181 579 1204 587 1 1 1 1644494709 712478 180000.000000 1 3
1187 544 1210 552 1 1 1 1644494709 712478 180000.000000 1 3
1193 509 1216 517 1 1 1 1644494709 712478 180000.000000 1 3
1181 579 1204 587 1 1 1 1644494709 712478 360000.000000 1 3
1187 544 1210 552 1 1 1 1644494709 712478 360000.000000 1 3
1193 509 1216 517 1 1 1 1644494709 712478 360000.000000 1 3
1151 572 1204 587 1 0 1 1644494709 712478 540000.000000 1 3
1157 537 1210 552 1 0 1 1644494709 712478 540000.000000 1 3
836 591 1104 727 1 1 1 1644494711 207596 0.000000 1 4
707 617 1074 797 1 1 1 1644494711 207596 0.000000 1 4
627 542 1089 762 1 0 1 1644494712 23965 0.000000 1 4
352 391 1104 727 1 0 1 1644494713 10636 0.000000 1 4
4 2 0 0 16 0 0
3 7
3 6
947 750 1230 587 2 1 1 1644494709 712478 0.000000 2 3
936 710 1210 552 2 1 1 1644494709 712478 0.000000 2 3
1168 529 1190 517 2 1 1 1644494709 712484 0.000000 2 3
929 760 1230 587 2 1 1 1644494709 712484 180000.000000 2 3
936 710 1210 552 2 1 1 1644494709 712484 180000.000000 2 3
1150 540 1190 517 2 1 1 1644494709 712484 180000.000000 2 3
920 766 1230 587 2 1 1 1644494709 712484 360000.000000 2 3
936 710 1210 552 2 1 1 1644494709 712484 360000.000000 2 3
1069 587 1190 517 2 1 1 1644494709 712484 360000.000000 2 3
902 776 1230 587 2 1 1 1644494709 712484 540000.000000 2 3
918 720 1210 552 2 1 1 1644494709 712484 540000.000000 2 3
1105 566 1190 517 4 1 1 1644494711 38911 0.000000 2 3
1208 599 1230 587 4 1 1 1644494711 38911 0.000000 2 3
1188 564 1210 552 4 1 1 1644494711 38911 0.000000 2 3
1066 727 1089 727 4 1 1 1644494712 23966 0.000000 2 4
1066 797 1089 797 4 1 1 1644494713 10637 0.000000 2 4
1 4 0 0 20 0 0
4 4
4 3
4 2
5 5
1544 650 1569 657 3 1 1 1644494709 712476 0.000000 3 6
1550 615 1575 622 3 1 1 1644494709 712476 0.000000 3 6
1556 580 1581 587 3 1 1 1644494709 712476 0.000000 3 6
1544 650 1569 657 3 1 1 1644494709 712476 180000.000000 3 6
1550 615 1575 622 3 1 1 1644494709 712476 180000.000000 3 6
1556 580 1581 587 3 1 1 1644494709 712476 180000.000000 3 6
1544 650 1569 657 3 1 1 1644494709 712476 360000.000000 3 6
1550 615 1575 622 3 1 1 1644494709 712477 360000.000000 3 6
1556 580 1581 587 3 1 1 1644494709 712477 360000.000000 3 6
1544 650 1569 657 3 1 1 1644494709 712477 540000.000000 3 6
1550 615 1575 622 3 1 1 1644494709 712477 540000.000000 3 6
1556 580 1581 587 3 1 1 1644494710 18619 0.000000 3 6
1218 651 1413 867 1 0 1 1644494713 486586 0.000000 3 12
1258 616 1453 832 1 0 1 1644494713 486586 0.000000 3 12
1292 573 1493 797 1 0 1 1644494713 519705 0.000000 3 12
1212 643 1413 867 1 0 1 1644494713 519705 0.000000 3 12
1252 608 1453 832 1 0 1 1644494713 519705 0.000000 3 12
1262 533 1493 797 1 0 1 1644494713 689354 0.000000 3 12
1182 603 1413 867 1 0 1 1644494713 689354 0.000000 3 12
1222 568 1453 832 1 0 1 1644494713 689354 0.000000 3 12
4 3 1 0 16 0 0
4 7
4 8
4 9
969 797 846 797 4 1 1 1644494709 712485 0.000000 4 2
999 762 846 762 4 1 1 1644494709 712485 0.000000 4 2
989 727 846 727 4 1 1 1644494709 712485 0.000000 4 2
949 797 846 797 4 1 1 1644494709 712485 180000.000000 4 2
979 762 846 762 4 1 1 1644494709 712485 180000.000000 4 2
989 727 846 727 4 1 1 1644494709 712485 180000.000000 4 2
869 797 846 797 4 1 1 1644494709 712485 360000.000000 4 2
959 762 846 762 4 1 1 1644494709 712485 360000.000000 4 2
989 727 846 727 4 1 1 1644494709 712485 360000.000000 4 2
869 797 846 797 4 1 1 1644494709 712485 540000.000000 4 2
869 762 846 762 4 1 1 1644494709 712485 540000.000000 4 2
1104 631 1170 517 4 1 1 1644494711 38911 0.000000 4 3
1235 613 1250 587 4 1 1 1644494711 38911 0.000000 4 3
765 618 117 342 4 1 1 1644494712 23966 0.000000 4 1
879 627 132 307 4 1 1 1644494712 771064 0.000000 4 1
876 709 102 377 4 0 1 1639494713 10636 0.000000 4 1
10 3 20 0 0 0 0
1 4
1 5
2 5
10 6 8 0 0 0 0
6 5
6 6
6 4
6 7
6 3
5 4
10 2 20 0 0 0 0
2 0
3 1
10 3 20 0 0 0 0
5 2
5 1
6 1
10 1 20 0 0 0 0
6 0
10 1 20 0 0 0 0
2 7
10 1 20 0 0 0 0
0 7
10 3 20 0 0 0 1
5 8
5 9
5 7
5
2 1483 588 1 1 1644494710 460895 0.000000 3
2 768 607 1 0 1644494713 43596 0.000000 4
2 409 412 1 0 1644494711 989535 0.000000 1
2 1520 511 0 0 0 0 0.000000 0
2 1375 726 0 0 0 0 0.000000 0
0 1 0 -1 -1 1
0 1 10 2 2 1
0 1 0 -1 -1 1
0 1 0 2 0 1
0 1 10 2 1 1
0
