arya                            
8 50 20 10 0 1
7 11 57 81 4 1 13
178 151 1 11 1 1
421 151 1 10 1 1
664 151 1 7 0 1
907 151 0 0 0 0
1150 151 1 9 1 1
1393 151 0 0 0 0
1636 151 0 0 0 0
57 221 0 0 0 0
300 221 0 0 0 0
543 221 1 10 0 1
786 221 1 7 1 1
1029 221 1 9 0 1
1272 221 1 9 0 1
1515 221 0 0 0 0
178 291 1 8 0 1
421 291 0 0 0 0
664 291 0 0 0 0
907 291 0 0 0 0
1150 291 0 0 0 0
1393 291 1 0 0 0
1636 291 1 6 0 1
57 361 0 0 0 0
300 361 1 8 1 1
543 361 0 0 0 0
786 361 1 3 0 1
1029 361 0 0 0 0
1272 361 0 0 0 0
1515 361 1 6 0 1
178 431 0 0 0 0
421 431 0 0 0 0
664 431 1 3 0 1
907 431 1 3 0 1
1150 431 1 12 0 1
1393 431 0 0 0 0
1636 431 1 6 1 1
57 501 0 0 0 0
300 501 1 1 0 1
543 501 1 4 0 1
786 501 1 3 1 1
1029 501 1 12 0 1
1272 501 0 0 0 0
1515 501 0 0 0 0
178 571 1 1 1 1
421 571 1 4 1 1
664 571 0 0 0 0
907 571 0 0 0 0
1150 571 1 12 1 1
1393 571 0 0 0 0
1636 571 0 0 0 0
57 641 1 1 0 1
300 641 1 1 0 1
543 641 0 0 0 0
786 641 1 0 0 1
1029 641 0 0 0 0
1272 641 0 0 0 0
1515 641 0 0 0 0
178 711 0 0 0 0
421 711 1 2 0 1
664 711 0 0 0 0
907 711 0 0 0 0
1150 711 1 12 0 1
1393 711 1 0 0 0
1636 711 1 5 0 1
57 781 0 0 0 0
300 781 1 2 1 1
543 781 0 0 0 0
786 781 1 0 1 1
1029 781 0 0 0 0
1272 781 0 0 0 0
1515 781 0 0 0 0
178 851 0 0 0 0
421 851 0 0 0 0
664 851 0 0 0 0
907 851 1 0 0 1
1150 851 0 0 0 0
1393 851 0 0 0 0
1636 851 1 5 1 1
0 3 10 0 0 0 0
3 9
3 10
3 7
2 4 10 0 0 0 0
0 6
0 7
1 7
1 5
1 2 10 0 0 0 0
1 9
1 8
3 4 10 0 0 0 0
3 5
3 4
3 3
2 4
4 2 10 0 0 0 0
1 6
2 5
10 2 20 0 0 0 0
6 10
6 8
10 3 20 0 0 0 0
6 4
6 3
6 2
10 2 20 0 0 0 0
3 1
2 0
10 2 20 0 0 0 0
1 3
0 2
10 3 20 0 0 0 0
4 0
4 1
5 1
10 2 20 0 0 0 0
1 0
2 1
10 1 20 0 0 0 0
0 0
10 4 20 0 0 0 0
4 6
4 5
4 8
4 4
0
0 1 10 -1 -1 1
0 1 10 -1 -1 1
0 1 10 -1 -1 1
0 1 10 -1 -1 1
0 1 10 -1 -1 1
0
