arya                            
6 50 20 10
7 10 7 130 4 1 11
128 200 1 1 0 1
371 200 0 0 0 0
614 200 1 0 0 0
857 200 0 0 0 0
1100 200 1 0 0 1
1343 200 1 0 0 0
1586 200 1 2 0 1
7 270 1 1 1 1
250 270 1 4 0 1
493 270 0 0 0 0
736 270 1 0 0 0
979 270 0 0 0 0
1222 270 1 0 0 1
1465 270 0 0 0 0
128 340 1 1 0 1
371 340 1 4 0 1
614 340 0 0 0 0
857 340 1 9 0 1
1100 340 1 0 1 1
1343 340 0 0 0 0
1586 340 1 2 1 1
7 410 1 1 0 1
250 410 1 4 1 1
493 410 0 0 0 0
736 410 0 0 0 0
979 410 1 0 0 1
1222 410 0 0 0 0
1465 410 0 0 0 0
128 480 1 4 0 1
371 480 0 0 0 0
614 480 1 0 0 0
857 480 1 9 1 1
1100 480 0 0 0 0
1343 480 0 0 0 0
1586 480 1 2 0 1
7 550 0 0 0 0
250 550 1 4 0 1
493 550 0 0 0 0
736 550 1 9 0 1
979 550 0 0 0 0
1222 550 1 3 0 1
1465 550 0 0 0 0
128 620 1 7 0 1
371 620 0 0 0 0
614 620 0 0 0 0
857 620 0 0 0 0
1100 620 0 0 0 0
1343 620 0 0 0 0
1586 620 1 8 1 1
7 690 1 7 1 1
250 690 0 0 0 0
493 690 1 5 1 1
736 690 0 0 0 0
979 690 1 6 1 1
1222 690 1 3 1 1
1465 690 0 0 0 0
128 760 0 0 0 0
371 760 1 5 0 1
614 760 0 0 0 0
857 760 0 0 0 0
1100 760 1 3 0 1
1343 760 0 0 0 0
1586 760 1 8 0 1
7 830 1 7 0 1
250 830 0 0 0 0
493 830 0 0 0 0
736 830 1 10 1 1
979 830 0 0 0 0
1222 830 1 3 0 1
1465 830 0 0 0 0
0 4 10 0 0 0
4 2
4 3
4 0
5 1
2 4 10 0 0 0
0 1
0 2
0 0
0 3
4 3 10 0 0 0
6 2
6 4
6 0
3 4 10 0 0 0
5 7
5 9
5 5
4 8
1 5 10 0 0 0
1 3
1 2
1 5
1 1
0 4
10 2 20 0 0 0
2 7
1 8
10 1 20 0 0 0
4 7
10 3 20 0 0 0
0 7
0 6
0 9
10 2 20 0 0 0
6 6
6 8
10 3 20 0 0 0
3 4
3 5
3 2
10 1 20 0 0 0
3 9
0
0 10 -1 1
0 10 -1 1
0 10 -1 1
0 10 -1 1
0 10 -1 1
0
