                                
0 50 20 10
7 11 126 95 1 1 13
247 165 0 0 0 0
490 165 0 0 0 0
733 165 0 0 0 0
976 165 0 0 0 0
1219 165 1 1 0 1
1462 165 1 0 1 1
1705 165 1 0 0 0
126 235 0 0 0 0
369 235 1 11 1 1
612 235 1 0 0 0
855 235 1 9 1 1
1098 235 1 1 0 1
1341 235 1 0 0 1
1584 235 0 0 0 0
247 305 1 11 0 1
490 305 0 0 0 0
733 305 0 0 0 0
976 305 0 0 0 0
1219 305 1 1 1 1
1462 305 0 0 0 0
1705 305 0 0 0 0
126 375 0 0 0 0
369 375 1 4 0 1
612 375 1 4 0 1
855 375 1 9 0 1
1098 375 0 0 0 0
1341 375 1 1 0 1
1584 375 1 0 0 0
247 445 0 0 0 0
490 445 1 4 1 1
733 445 1 0 0 0
976 445 0 0 0 0
1219 445 1 1 0 1
1462 445 0 0 0 0
1705 445 0 0 0 0
126 515 0 0 0 0
369 515 1 4 0 1
612 515 1 4 0 1
855 515 0 0 0 0
1098 515 0 0 0 0
1341 515 0 0 0 0
1584 515 0 0 0 0
247 585 1 5 0 1
490 585 0 0 0 0
733 585 0 0 0 0
976 585 1 12 0 1
1219 585 0 0 0 0
1462 585 0 0 0 0
1705 585 1 7 1 1
126 655 1 5 1 1
369 655 1 2 0 1
612 655 1 0 0 0
855 655 1 12 0 1
1098 655 0 0 0 0
1341 655 1 8 0 1
1584 655 0 0 0 0
247 725 1 2 0 1
490 725 0 0 0 0
733 725 0 0 0 0
976 725 1 12 1 1
1219 725 1 8 1 1
1462 725 1 10 1 1
1705 725 1 6 0 1
126 795 0 0 0 0
369 795 1 2 1 1
612 795 0 0 0 0
855 795 1 3 0 1
1098 795 0 0 0 0
1341 795 1 8 0 1
1584 795 1 6 0 1
247 865 0 0 0 0
490 865 0 0 0 0
733 865 1 3 1 1
976 865 0 0 0 0
1219 865 0 0 0 0
1462 865 0 0 0 0
1705 865 1 6 1 1
0 2 10 0 0 0
5 0
5 1
0 5 10 0 0 0
4 2
4 1
4 4
4 0
5 3
0 3 10 0 0 0
1 9
1 7
0 8
0 2 10 0 0 0
2 10
3 9
0 5 10 0 0 0
1 4
1 5
1 3
2 5
2 3
0 2 10 0 0 0
0 7
0 6
0 3 10 0 0 0
6 10
6 9
6 8
0 1 10 0 0 0
6 6
0 3 10 0 0 0
4 8
5 9
5 7
0 2 10 0 0 0
3 1
3 3
0 1 10 0 0 0
5 8
0 2 10 0 0 0
1 1
0 2
2 3 10 0 0 0
3 8
3 7
3 6
0
0 10 -1 1
0 10 -1 1
0
