arya                            
8 50 20 10 0 1
7 11 7 97 4 1 13
128 167 0 0 0 0
371 167 0 0 0 0
614 167 0 0 0 0
857 167 1 0 0 0
1100 167 0 0 0 0
1343 167 1 0 0 0
1586 167 1 6 1 1
7 237 1 0 0 0
250 237 0 0 0 0
493 237 0 0 0 0
736 237 1 0 0 1
979 237 0 0 0 0
1222 237 0 0 0 0
1465 237 0 0 0 0
128 307 0 0 0 0
371 307 0 0 0 0
614 307 1 0 0 1
857 307 1 0 0 1
1100 307 0 0 0 0
1343 307 0 0 0 0
1586 307 0 0 0 0
7 377 1 11 0 1
250 377 1 0 0 0
493 377 0 0 0 0
736 377 1 0 1 1
979 377 0 0 0 0
1222 377 1 7 0 1
1465 377 0 0 0 0
128 447 1 11 0 1
371 447 0 0 0 0
614 447 1 0 0 1
857 447 1 0 0 1
1100 447 1 12 1 1
1343 447 1 7 1 1
1586 447 0 0 0 0
7 517 1 11 1 1
250 517 1 0 0 0
493 517 1 8 1 1
736 517 0 0 0 0
979 517 1 12 0 1
1222 517 0 0 0 0
1465 517 0 0 0 0
128 587 0 0 0 0
371 587 0 0 0 0
614 587 0 0 0 0
857 587 0 0 0 0
1100 587 0 0 0 0
1343 587 1 3 0 1
1586 587 1 4 0 1
7 657 0 0 0 0
250 657 1 1 0 1
493 657 1 1 0 1
736 657 1 0 0 0
979 657 0 0 0 0
1222 657 1 3 1 1
1465 657 0 0 0 0
128 727 0 0 0 0
371 727 1 1 1 1
614 727 0 0 0 0
857 727 1 2 0 1
1100 727 1 3 0 1
1343 727 1 3 0 1
1586 727 1 4 1 1
7 797 0 0 0 0
250 797 1 1 0 1
493 797 1 1 0 1
736 797 0 0 0 0
979 797 0 0 0 0
1222 797 1 3 0 1
1465 797 0 0 0 0
128 867 1 5 1 1
371 867 1 1 0 1
614 867 0 0 0 0
857 867 1 2 1 1
1100 867 1 10 1 1
1343 867 1 9 1 1
1586 867 1 4 0 1
0 6 10 0 0 0 0
3 3
3 4
3 2
3 1
2 4
2 2
2 6 10 0 0 0 0
1 8
1 9
1 7
1 10
2 9
2 7
3 2 10 0 0 0 0
3 10
3 8
4 5 10 0 0 0 0
5 7
5 8
5 6
5 9
4 8
1 3 10 0 0 0 0
6 8
6 10
6 6
10 1 20 0 0 0 0
0 10
10 1 20 0 0 0 0
6 0
10 2 20 0 0 0 0
5 4
5 3
10 1 20 0 0 0 0
2 5
10 1 20 0 0 0 0
5 10
10 1 20 0 0 0 0
4 10
10 3 20 0 0 0 0
0 5
0 4
0 3
10 2 20 0 0 0 0
4 4
4 5
0
0 1 10 -1 -1 1
0 1 10 -1 -1 1
0 1 10 -1 -1 1
0 1 10 -1 -1 1
0 1 10 -1 -1 1
0
