arya                            
8 50 20 10 0 1
7 10 41 142 4 1 13
162 212 0 0 0 0
405 212 0 0 0 0
648 212 1 10 1 1
891 212 1 0 0 1
1134 212 1 0 0 1
1377 212 1 3 0 1
1620 212 1 5 1 1
41 282 1 12 1 1
284 282 0 0 0 0
527 282 0 0 0 0
770 282 0 0 0 0
1013 282 1 0 1 1
1256 282 1 3 0 1
1499 282 1 3 0 1
162 352 1 12 0 1
405 352 1 0 0 0
648 352 0 0 0 0
891 352 0 0 0 0
1134 352 0 0 0 0
1377 352 1 3 1 1
1620 352 1 5 0 1
41 422 1 12 0 1
284 422 0 0 0 0
527 422 1 2 0 1
770 422 1 2 0 1
1013 422 0 0 0 0
1256 422 1 3 0 1
1499 422 0 0 0 0
162 492 0 0 0 0
405 492 1 0 0 0
648 492 1 2 1 1
891 492 0 0 0 0
1134 492 0 0 0 0
1377 492 1 3 0 1
1620 492 1 6 1 1
41 562 1 0 0 0
284 562 0 0 0 0
527 562 1 2 0 1
770 562 0 0 0 0
1013 562 0 0 0 0
1256 562 1 8 1 1
1499 562 0 0 0 0
162 632 0 0 0 0
405 632 0 0 0 0
648 632 0 0 0 0
891 632 1 7 1 1
1134 632 0 0 0 0
1377 632 0 0 0 0
1620 632 1 6 0 1
41 702 0 0 0 0
284 702 1 1 1 1
527 702 0 0 0 0
770 702 1 4 0 1
1013 702 1 7 0 1
1256 702 1 8 0 1
1499 702 0 0 0 0
162 772 0 0 0 0
405 772 0 0 0 0
648 772 0 0 0 0
891 772 0 0 0 0
1134 772 0 0 0 0
1377 772 0 0 0 0
1620 772 0 0 0 0
41 842 0 0 0 0
284 842 1 1 0 1
527 842 0 0 0 0
770 842 1 4 1 1
1013 842 1 0 0 0
1256 842 1 11 1 1
1499 842 1 9 1 1
0 3 10 0 0 0 0
4 1
4 0
3 0
2 2 10 0 0 0 0
1 7
1 9
3 4 10 0 0 0 0
2 4
2 5
2 3
3 3
4 6 10 0 0 0 0
5 2
5 3
5 1
5 4
5 0
6 1
1 2 10 0 0 0 0
3 9
3 7
10 2 20 0 0 0 0
6 0
6 2
10 2 20 0 0 0 0
6 4
6 6
10 2 20 0 0 0 0
3 6
4 7
10 2 20 0 0 0 0
5 5
5 7
10 1 20 0 0 0 0
6 9
10 1 20 0 0 0 0
2 0
10 1 20 0 0 0 0
5 9
10 3 20 0 0 0 0
0 1
0 2
0 3
0
0 1 10 -1 -1 1
0 1 10 -1 -1 1
0 1 10 -1 -1 1
0 1 10 -1 -1 1
0 1 10 -1 -1 1
0
