arya                            
8 50 20 10 0 1
7 10 52 131 4 1 13
173 201 1 0 0 0
416 201 0 0 0 0
659 201 1 4 1 1
902 201 0 0 0 0
1145 201 0 0 0 0
1388 201 0 0 0 0
1631 201 1 5 0 1
52 271 0 0 0 0
295 271 1 0 0 0
538 271 0 0 0 0
781 271 1 1 0 1
1024 271 1 7 1 1
1267 271 1 6 1 1
1510 271 1 5 0 1
173 341 1 0 0 0
416 341 0 0 0 0
659 341 1 1 0 1
902 341 0 0 0 0
1145 341 1 6 0 1
1388 341 1 6 0 1
1631 341 1 5 1 1
52 411 0 0 0 0
295 411 0 0 0 0
538 411 0 0 0 0
781 411 1 1 1 1
1024 411 1 7 0 1
1267 411 0 0 0 0
1510 411 0 0 0 0
173 481 0 0 0 0
416 481 1 11 1 1
659 481 1 1 0 1
902 481 1 1 0 1
1145 481 1 10 1 1
1388 481 0 0 0 0
1631 481 1 5 0 1
52 551 0 0 0 0
295 551 0 0 0 0
538 551 1 11 0 1
781 551 0 0 0 0
1024 551 1 2 0 1
1267 551 1 3 0 1
1510 551 1 3 0 1
173 621 0 0 0 0
416 621 0 0 0 0
659 621 0 0 0 0
902 621 1 2 1 1
1145 621 1 10 0 1
1388 621 1 3 1 1
1631 621 0 0 0 0
52 691 0 0 0 0
295 691 1 0 0 0
538 691 1 8 0 1
781 691 0 0 0 0
1024 691 1 0 0 1
1267 691 1 3 0 1
1510 691 1 3 0 1
173 761 0 0 0 0
416 761 0 0 0 0
659 761 0 0 0 0
902 761 0 0 0 0
1145 761 1 0 0 1
1388 761 1 3 0 1
1631 761 1 0 0 0
52 831 1 12 1 1
295 831 1 0 0 0
538 831 1 8 1 1
781 831 1 9 1 1
1024 831 1 0 1 1
1267 831 0 0 0 0
1510 831 1 0 0 0
0 3 10 0 0 0 0
4 9
4 8
4 7
2 5 10 0 0 0 0
3 3
3 4
3 1
2 4
2 2
4 2 10 0 0 0 0
3 6
4 5
3 6 10 0 0 0 0
5 6
5 7
5 5
5 8
6 7
6 5
1 1 10 0 0 0 0
2 0
10 4 20 0 0 0 0
6 2
6 1
6 4
6 0
10 3 20 0 0 0 0
5 1
5 2
4 2
10 2 20 0 0 0 0
4 1
4 3
10 2 20 0 0 0 0
2 9
2 7
10 1 20 0 0 0 0
3 9
10 2 20 0 0 0 0
4 4
4 6
10 2 20 0 0 0 0
1 4
2 5
10 1 20 0 0 0 0
0 9
0
0 1 10 -1 -1 1
0 1 10 -1 -1 1
0 1 10 -1 -1 1
0 1 10 -1 -1 1
0 1 10 -1 -1 1
0
