arya                            
8 50 20 10 0 1
7 10 106 149 4 1 13
227 219 0 0 0 0
470 219 0 0 0 0
713 219 1 7 1 1
956 219 0 0 0 0
1199 219 1 10 1 1
1442 219 0 0 0 0
1685 219 0 0 0 0
106 289 0 0 0 0
349 289 1 4 1 1
592 289 0 0 0 0
835 289 1 1 0 1
1078 289 1 1 0 1
1321 289 1 10 0 1
1564 289 0 0 0 0
227 359 1 4 0 1
470 359 0 0 0 0
713 359 0 0 0 0
956 359 1 1 1 1
1199 359 1 10 0 1
1442 359 1 11 1 1
1685 359 0 0 0 0
106 429 0 0 0 0
349 429 0 0 0 0
592 429 1 2 0 1
835 429 0 0 0 0
1078 429 0 0 0 0
1321 429 1 3 0 1
1564 429 0 0 0 0
227 499 1 8 1 1
470 499 0 0 0 0
713 499 1 2 0 1
956 499 1 1 0 1
1199 499 1 3 0 1
1442 499 0 0 0 0
1685 499 1 9 1 1
106 569 0 0 0 0
349 569 0 0 0 0
592 569 1 2 1 1
835 569 0 0 0 0
1078 569 1 6 1 1
1321 569 1 3 1 1
1564 569 0 0 0 0
227 639 1 5 0 1
470 639 0 0 0 0
713 639 0 0 0 0
956 639 0 0 0 0
1199 639 1 3 0 1
1442 639 0 0 0 0
1685 639 1 9 0 1
106 709 0 0 0 0
349 709 1 5 0 1
592 709 1 2 0 1
835 709 1 0 0 1
1078 709 1 6 0 1
1321 709 0 0 0 0
1564 709 1 12 1 1
227 779 1 5 1 1
470 779 1 0 0 0
713 779 1 0 0 1
956 779 1 0 0 1
1199 779 0 0 0 0
1442 779 0 0 0 0
1685 779 0 0 0 0
106 849 1 5 0 1
349 849 0 0 0 0
592 849 0 0 0 0
835 849 1 0 1 1
1078 849 0 0 0 0
1321 849 1 0 0 0
1564 849 1 12 0 1
0 4 10 0 0 0 0
3 9
3 8
3 7
2 8
2 4 10 0 0 0 0
3 2
3 1
3 4
4 1
4 4 10 0 0 0 0
2 5
2 4
2 7
2 3
1 4 10 0 0 0 0
5 5
5 3
4 6
4 4
3 2 10 0 0 0 0
1 1
0 2
10 4 20 0 0 0 0
0 8
0 9
0 6
1 7
10 2 20 0 0 0 0
4 5
4 7
10 1 20 0 0 0 0
2 0
10 1 20 0 0 0 0
0 4
10 2 20 0 0 0 0
6 4
6 6
10 3 20 0 0 0 0
4 0
4 2
5 1
10 1 20 0 0 0 0
5 2
10 2 20 0 0 0 0
6 7
6 9
0
0 1 10 -1 1
0 1 10 -1 1
0 1 10 -1 1
0 1 10 -1 1
0 1 10 -1 1
0
