arya                            
8 50 20 10 0 1
7 11 96 87 4 1 13
217 157 1 5 0 1
460 157 1 0 0 0
703 157 0 0 0 0
946 157 1 7 0 1
1189 157 0 0 0 0
1432 157 0 0 0 0
1675 157 1 8 1 1
96 227 0 0 0 0
339 227 0 0 0 0
582 227 1 0 0 1
825 227 1 7 1 1
1068 227 1 0 0 0
1311 227 1 9 1 1
1554 227 0 0 0 0
217 297 1 5 1 1
460 297 0 0 0 0
703 297 1 0 0 1
946 297 0 0 0 0
1189 297 0 0 0 0
1432 297 1 4 0 1
1675 297 0 0 0 0
96 367 1 5 0 1
339 367 0 0 0 0
582 367 1 0 1 1
825 367 1 7 0 1
1068 367 0 0 0 0
1311 367 0 0 0 0
1554 367 1 4 0 1
217 437 1 5 0 1
460 437 1 0 0 1
703 437 1 0 0 1
946 437 1 11 1 1
1189 437 1 3 1 1
1432 437 1 4 1 1
1675 437 0 0 0 0
96 507 1 10 1 1
339 507 0 0 0 0
582 507 1 0 0 1
825 507 0 0 0 0
1068 507 0 0 0 0
1311 507 0 0 0 0
1554 507 1 4 0 1
217 577 1 10 0 1
460 577 1 6 0 1
703 577 1 6 0 1
946 577 0 0 0 0
1189 577 0 0 0 0
1432 577 0 0 0 0
1675 577 1 0 0 0
96 647 0 0 0 0
339 647 1 0 0 0
582 647 1 6 1 1
825 647 1 0 0 0
1068 647 1 12 1 1
1311 647 0 0 0 0
1554 647 0 0 0 0
217 717 0 0 0 0
460 717 0 0 0 0
703 717 1 6 0 1
946 717 1 12 0 1
1189 717 0 0 0 0
1432 717 1 1 0 1
1675 717 0 0 0 0
96 787 1 2 1 1
339 787 0 0 0 0
582 787 0 0 0 0
825 787 0 0 0 0
1068 787 0 0 0 0
1311 787 1 1 1 1
1554 787 0 0 0 0
217 857 0 0 0 0
460 857 0 0 0 0
703 857 1 0 0 0
946 857 1 0 0 0
1189 857 1 1 0 1
1432 857 1 1 0 1
1675 857 0 0 0 0
0 6 10 0 0 0 0
2 3
2 4
2 2
2 5
2 1
1 4
2 4 10 0 0 0 0
5 9
5 10
5 8
4 10
3 1 10 0 0 0 0
0 9
4 1 10 0 0 0 0
4 4
1 4 10 0 0 0 0
5 4
5 2
6 5
6 3
10 4 20 0 0 0 0
0 2
0 3
0 4
0 0
10 4 20 0 0 0 0
2 7
2 8
2 6
1 6
10 3 20 0 0 0 0
3 1
3 0
3 3
10 1 20 0 0 0 0
6 0
10 1 20 0 0 0 0
5 1
10 2 20 0 0 0 0
0 5
0 6
10 1 20 0 0 0 0
3 4
10 2 20 0 0 0 0
4 7
3 8
0
0 1 10 -1 1
0 1 10 -1 1
0 1 10 -1 1
0 1 10 -1 1
0 1 10 -1 1
0
