arya                            
8 50 20 10 0 1
7 9 88 182 1 1 10
209 252 0 0 0 0
452 252 0 0 0 0
695 252 1 8 1 1
938 252 1 0 0 0
1181 252 1 6 0 1
1424 252 1 2 0 1
1667 252 1 3 1 1
88 322 1 9 1 1
331 322 1 0 0 0
574 322 0 0 0 0
817 322 0 0 0 0
1060 322 1 6 0 1
1303 322 0 0 0 0
1546 322 0 0 0 0
209 392 0 0 0 0
452 392 1 0 0 0
695 392 1 8 0 1
938 392 0 0 0 0
1181 392 1 6 1 1
1424 392 1 2 1 1
1667 392 0 0 0 0
88 462 0 0 0 0
331 462 1 0 0 0
574 462 0 0 0 0
817 462 0 0 0 0
1060 462 1 6 0 1
1303 462 0 0 0 0
1546 462 0 0 0 0
209 532 1 0 0 0
452 532 0 0 0 0
695 532 0 0 0 0
938 532 0 0 0 0
1181 532 0 0 0 0
1424 532 0 0 0 0
1667 532 1 0 1 1
88 602 0 0 0 0
331 602 1 5 0 1
574 602 0 0 0 0
817 602 1 4 0 1
1060 602 0 0 0 0
1303 602 0 0 0 0
1546 602 0 0 0 0
209 672 1 5 0 1
452 672 1 5 0 1
695 672 0 0 0 0
938 672 1 4 1 1
1181 672 0 0 0 0
1424 672 0 0 0 0
1667 672 1 0 0 1
88 742 1 7 1 1
331 742 1 5 1 1
574 742 0 0 0 0
817 742 1 4 0 1
1060 742 1 4 0 1
1303 742 0 0 0 0
1546 742 0 0 0 0
209 812 0 0 0 0
452 812 0 0 0 0
695 812 0 0 0 0
938 812 1 4 0 1
1181 812 0 0 0 0
1424 812 0 0 0 0
1667 812 1 1 1 1
0 2 4 0 23 0 0
6 4
6 6
1259 479 1232 477 0 1 1 1644495237 816942 0.000000 0 6
1269 444 1242 442 0 1 1 1644495237 816942 0.000000 0 6
1279 409 1252 407 0 1 1 1644495237 816942 0.000000 0 6
1259 479 1232 477 0 1 1 1644495237 816942 180000.000000 0 6
1269 444 1242 442 0 1 1 1644495237 816943 180000.000000 0 6
1279 409 1252 407 0 1 1 1644495237 816943 180000.000000 0 6
1259 479 1232 477 0 1 1 1644495237 816943 360000.000000 0 6
1269 444 1242 442 0 1 1 1644495237 816943 360000.000000 0 6
1279 409 1252 407 0 1 1 1644495237 816943 360000.000000 0 6
1259 479 1232 477 0 1 1 1644495237 816943 540000.000000 0 6
1269 444 1242 442 0 1 1 1644495237 816943 540000.000000 0 6
1279 409 1252 407 0 1 1 1644495237 816943 540000.000000 0 6
1592 575 1232 477 0 1 1 1644495237 816943 720000.000000 0 6
1269 444 1242 442 0 1 1 1644495237 816943 720000.000000 0 6
1279 409 1252 407 0 1 1 1644495237 816943 720000.000000 0 6
1691 608 1232 477 0 1 1 1639495237 816943 900000.000000 0 6
1269 444 1242 442 0 1 1 1639495237 816943 900000.000000 0 6
1279 409 1252 407 0 1 1 1639495237 816943 900000.000000 0 6
1646 593 1232 477 0 1 1 1639495237 816943 1080000.000000 0 6
1269 444 1242 442 0 1 1 1639495237 816943 1080000.000000 0 6
1279 409 1252 407 0 1 1 1639495237 816943 1080000.000000 0 6
1547 560 1232 477 0 1 1 1639495237 816948 1260000.000000 0 6
1269 444 1242 442 0 1 1 1639495237 816948 1260000.000000 0 6
1 1 3 0 24 0 0
6 8
1454 500 1445 477 1 1 1 1644495233 23411 0.000000 1 2
1494 465 1485 442 1 1 1 1644495233 23412 0.000000 1 2
1534 430 1525 407 1 1 1 1644495233 23412 0.000000 1 2
1454 500 1445 477 1 1 1 1644495233 23412 180000.000000 1 2
1494 465 1485 442 1 1 1 1644495233 23412 180000.000000 1 2
1534 430 1525 407 1 1 1 1644495233 23412 180000.000000 1 2
1454 500 1445 477 1 1 1 1644495233 23412 360000.000000 1 2
1494 465 1485 442 1 1 1 1644495233 23412 360000.000000 1 2
1534 430 1525 407 1 1 1 1644495233 23412 360000.000000 1 2
1454 500 1445 477 1 1 1 1644495233 23412 540000.000000 1 2
1494 465 1485 442 1 1 1 1644495233 23412 540000.000000 1 2
1534 430 1525 407 1 1 1 1644495233 23412 540000.000000 1 2
1454 500 1445 477 1 1 1 1644495233 23412 720000.000000 1 2
1494 465 1485 442 1 1 1 1644495233 23412 720000.000000 1 2
1534 430 1525 407 1 1 1 1644495233 23412 720000.000000 1 2
1454 500 1445 477 1 1 1 1644495233 23412 900000.000000 1 2
1494 465 1485 442 1 1 1 1644495233 23413 900000.000000 1 2
1534 430 1525 407 1 1 1 1644495233 23413 900000.000000 1 2
1454 500 1445 477 1 1 1 1644495233 23413 1080000.000000 1 2
1494 465 1485 442 1 1 1 1644495234 9296 0.000000 1 2
1662 659 1525 407 1 1 1 1644495238 21219 0.000000 1 2
1502 599 1445 477 1 1 1 1644495238 21220 0.000000 1 2
1582 630 1485 442 1 1 1 1644495238 21220 0.000000 1 2
1657 651 1525 407 1 1 1 1644495238 21220 180000.000000 1 2
10 2 0 0 0 0 1
5 2
5 0
10 1 20 0 0 0 0
6 0
10 5 20 0 0 0 0
3 6
3 7
3 5
3 8
4 7
10 4 20 0 0 0 0
1 7
1 6
1 5
0 6
10 4 1 0 0 0 0
4 2
4 3
4 1
4 0
10 1 20 0 0 0 0
0 7
10 2 20 0 0 0 0
2 0
2 2
10 1 20 0 0 0 0
0 1
8
2 1069 624 0 0 0 0 0.000000 0
2 610 302 0 0 0 0 0.000000 0
2 1431 480 1 0 1644495238 701032 0.000000 0
2 1143 467 0 0 0 0 0.000000 0
2 1543 526 1 1 1644495234 144926 0.000000 1
2 1434 612 0 0 0 0 0.000000 0
2 953 545 0 0 0 0 0.000000 0
2 634 300 0 0 0 0 0.000000 0
0 1 10 2 2 1
0 1 0 -1 -1 1
0
