arya                            
8 50 20 10 0 1
7 10 94 173 1 1 10
215 243 1 7 1 1
458 243 1 0 0 1
701 243 0 0 0 0
944 243 1 3 0 1
1187 243 0 0 0 0
1430 243 0 0 0 0
1673 243 0 0 0 0
94 313 0 0 0 0
337 313 0 0 0 0
580 313 1 0 0 1
823 313 1 3 0 1
1066 313 0 0 0 0
1309 313 1 8 1 1
1552 313 0 0 0 0
215 383 0 0 0 0
458 383 1 0 1 1
701 383 1 0 0 0
944 383 1 3 1 1
1187 383 1 1 0 1
1430 383 1 8 0 1
1673 383 1 6 1 1
94 453 1 0 0 0
337 453 1 0 0 1
580 453 0 0 0 0
823 453 0 0 0 0
1066 453 0 0 0 0
1309 453 0 0 0 0
1552 453 1 6 0 1
215 523 0 0 0 0
458 523 0 0 0 0
701 523 1 0 0 0
944 523 1 3 0 1
1187 523 1 1 1 1
1430 523 1 0 0 0
1673 523 0 0 0 0
94 593 1 0 0 0
337 593 0 0 0 0
580 593 0 0 0 0
823 593 0 0 0 0
1066 593 0 0 0 0
1309 593 1 1 0 1
1552 593 1 2 0 1
215 663 0 0 0 0
458 663 0 0 0 0
701 663 1 0 0 0
944 663 0 0 0 0
1187 663 1 1 0 1
1430 663 0 0 0 0
1673 663 1 2 1 1
94 733 0 0 0 0
337 733 0 0 0 0
580 733 0 0 0 0
823 733 1 4 0 1
1066 733 1 4 0 1
1309 733 1 9 1 1
1552 733 0 0 0 0
215 803 1 0 0 0
458 803 1 5 1 1
701 803 1 0 0 0
944 803 1 4 1 1
1187 803 1 9 0 1
1430 803 0 0 0 0
1673 803 0 0 0 0
94 873 1 0 0 0
337 873 0 0 0 0
580 873 0 0 0 0
823 873 0 0 0 0
1066 873 0 0 0 0
1309 873 0 0 0 0
1552 873 0 0 0 0
0 4 10 0 25 0 0
1 2
1 3
1 0
2 1
979 468 1005 468 0 1 1 1644495430 999177 0.000000 0 3
979 433 1005 433 0 1 1 1644495430 999177 0.000000 0 3
979 398 1005 398 0 1 1 1644495430 999178 0.000000 0 3
979 468 1005 468 0 1 1 1644495430 999178 180000.000000 0 3
979 433 1005 433 0 1 1 1644495430 999178 180000.000000 0 3
979 398 1005 398 0 1 1 1644495430 999178 180000.000000 0 3
979 468 1005 468 0 1 1 1644495430 999178 360000.000000 0 3
979 433 1005 433 0 1 1 1644495430 999178 360000.000000 0 3
979 398 1005 398 0 1 1 1644495430 999178 360000.000000 0 3
969 468 1005 468 0 1 1 1644495430 999178 540000.000000 0 3
979 433 1005 433 0 1 1 1644495430 999178 540000.000000 0 3
979 398 1005 398 0 1 1 1644495430 999178 540000.000000 0 3
979 468 1005 468 0 1 1 1614495430 999178 720000.000000 0 3
979 433 1005 433 0 1 1 1614495430 999178 720000.000000 0 3
979 398 1005 398 0 1 1 1614495430 999178 720000.000000 0 3
979 468 1005 468 0 1 1 1614495430 999178 900000.000000 0 3
979 433 1005 433 0 1 1 1614495430 999178 900000.000000 0 3
979 398 1005 398 0 1 1 1614495430 999178 900000.000000 0 3
979 468 1005 468 0 1 1 1614495430 999178 1080000.000000 0 3
979 433 1005 433 0 1 1 1614495430 999178 1080000.000000 0 3
979 398 1005 398 0 1 1 1614495430 999178 1080000.000000 0 3
979 468 1005 468 0 1 1 1614495430 999183 1260000.000000 0 3
979 433 1005 433 0 1 1 1614495430 999183 1260000.000000 0 3
979 398 1005 398 0 1 1 1614495430 999183 1260000.000000 0 3
979 468 1005 468 0 1 1 1614495430 999183 1440000.000000 0 3
0 4 7 0 32 0 0
4 4
4 6
4 2
5 5
1698 735 1724 748 1 1 1 1644495429 26869 0.000000 1 2
1708 700 1734 713 1 1 1 1644495429 26869 0.000000 1 2
1718 665 1744 678 1 1 1 1644495429 26869 0.000000 1 2
1698 735 1724 748 1 1 1 1644495429 26869 180000.000000 1 2
1708 700 1734 713 1 1 1 1644495429 26869 180000.000000 1 2
1718 665 1744 678 1 1 1 1644495429 26869 180000.000000 1 2
1698 735 1724 748 1 1 1 1644495429 26869 360000.000000 1 2
1708 700 1734 713 1 1 1 1644495429 26870 360000.000000 1 2
1718 665 1744 678 1 1 1 1644495429 26870 360000.000000 1 2
1698 735 1724 748 1 1 1 1644495429 26870 540000.000000 1 2
1708 700 1734 713 1 1 1 1644495429 26870 540000.000000 1 2
1718 665 1744 678 1 1 1 1644495429 26870 540000.000000 1 2
1698 735 1724 748 1 1 1 1644495429 26870 720000.000000 1 2
1708 700 1734 713 1 1 1 1644495429 26870 720000.000000 1 2
1718 665 1744 678 1 1 1 1644495429 26870 720000.000000 1 2
1698 735 1724 748 1 1 1 1644495429 26870 900000.000000 1 2
1708 700 1734 713 1 1 1 1644495429 26870 900000.000000 1 2
1718 665 1744 678 1 1 1 1644495429 26870 900000.000000 1 2
1698 735 1724 748 1 1 1 1614495429 26870 1080000.000000 1 2
1708 700 1734 713 1 1 1 1614495429 26870 1080000.000000 1 2
1718 665 1744 678 1 1 1 1614495429 26870 1080000.000000 1 2
1698 735 1724 748 1 1 1 1614495429 26870 1260000.000000 1 2
1708 700 1734 713 1 1 1 1614495429 26870 1260000.000000 1 2
1718 665 1744 678 1 1 1 1614495429 26870 1260000.000000 1 2
1023 484 985 468 1 1 1 1644495432 189004 0.000000 1 3
1034 445 1005 433 1 1 1 1644495432 189004 0.000000 1 3
1054 410 1025 398 1 1 1 1644495432 189004 0.000000 1 3
1014 480 985 468 1 1 1 1644495433 39182 0.000000 1 3
1034 445 1005 433 1 1 1 1644495434 25082 0.000000 1 3
1054 410 1025 398 1 1 1 1644495435 45076 0.000000 1 3
1014 480 985 468 1 1 1 1644495436 31039 0.000000 1 3
1160 518 1005 433 1 1 1 1644495437 17066 0.000000 1 3
1 2 0 0 13 0 0
6 6
6 5
1407 811 1376 818 1 1 1 1644495431 575973 0.000000 2 9
1401 776 1370 783 1 1 1 1644495431 575973 0.000000 2 9
1395 741 1364 748 1 1 1 1644495431 575978 0.000000 2 9
1407 811 1376 818 1 1 1 1614495431 575978 180000.000000 2 9
1401 776 1370 783 1 1 1 1644495432 19507 0.000000 2 9
1045 403 1018 398 1 1 1 1644495437 187783 0.000000 2 3
1019 473 992 468 1 1 1 1644495437 187784 0.000000 2 3
1032 438 1005 433 1 1 1 1644495437 187784 0.000000 2 3
1045 403 1018 398 1 1 1 1644495437 187784 180000.000000 2 3
1019 473 992 468 1 1 1 1644495437 187784 180000.000000 2 3
1401 776 1370 783 1 1 1 1644495438 36947 0.000000 2 9
1395 741 1364 748 1 1 1 1644495439 24820 0.000000 2 9
1524 787 1376 818 1 0 1 1644495440 43018 0.000000 2 9
1 4 3 0 5 0 0
3 2
3 1
3 4
3 0
1209 593 1228 608 0 1 1 1644495436 983155 0.000000 3 1
1113 492 1248 573 0 1 1 1644495436 983156 0.000000 3 1
1249 523 1268 538 0 1 1 1644495436 983156 0.000000 3 1
1209 593 1228 608 0 1 1 1644495436 983156 180000.000000 3 1
1229 558 1248 573 0 1 1 1644495436 983156 180000.000000 3 1
10 3 20 0 0 0 0
3 8
3 7
4 7
10 1 20 0 0 0 0
1 8
10 2 20 0 0 0 0
6 2
6 3
10 1 20 0 0 0 0
0 0
10 2 20 0 0 0 0
5 1
5 2
10 2 13 0 0 0 1
5 7
4 8
9
2 1537 734 1 0 1644495430 47339 0.000000 1
2 1446 752 0 0 0 0 0.000000 0
2 786 417 1 0 1644495431 677654 0.000000 0
2 1650 497 0 0 0 0 0.000000 0
2 1065 452 0 0 0 0 0.000000 0
2 441 372 0 0 0 0 0.000000 0
2 732 601 0 0 0 0 0.000000 0
2 1501 473 0 0 0 0 0.000000 0
2 791 837 0 0 0 0 0.000000 0
0 1 10 2 2 1
0 1 10 2 0 1
0
