arya                            
6 50 20 10
7 10 152 126 4 1 11
273 196 1 7 1 1
516 196 1 2 0 1
759 196 0 0 0 0
1002 196 1 8 1 1
1245 196 0 0 0 0
1488 196 1 0 0 0
1731 196 0 0 0 0
152 266 0 0 0 0
395 266 0 0 0 0
638 266 1 2 0 1
881 266 0 0 0 0
1124 266 1 8 0 1
1367 266 0 0 0 0
1610 266 1 0 0 0
273 336 1 7 0 1
516 336 1 2 1 1
759 336 0 0 0 0
1002 336 1 5 0 1
1245 336 0 0 0 0
1488 336 0 0 0 0
1731 336 1 0 0 0
152 406 0 0 0 0
395 406 0 0 0 0
638 406 1 2 0 1
881 406 1 5 1 1
1124 406 0 0 0 0
1367 406 1 10 1 1
1610 406 0 0 0 0
273 476 0 0 0 0
516 476 1 2 0 1
759 476 1 5 0 1
1002 476 1 0 0 1
1245 476 0 0 0 0
1488 476 1 1 0 1
1731 476 0 0 0 0
152 546 1 9 0 1
395 546 1 0 0 0
638 546 0 0 0 0
881 546 1 5 0 1
1124 546 1 0 1 1
1367 546 0 0 0 0
1610 546 1 1 1 1
273 616 0 0 0 0
516 616 0 0 0 0
759 616 0 0 0 0
1002 616 1 0 0 1
1245 616 1 0 0 1
1488 616 1 1 0 1
1731 616 0 0 0 0
152 686 1 9 1 1
395 686 1 0 0 0
638 686 1 6 0 1
881 686 0 0 0 0
1124 686 1 0 0 1
1367 686 1 3 0 1
1610 686 1 1 0 1
273 756 0 0 0 0
516 756 0 0 0 0
759 756 1 6 1 1
1002 756 0 0 0 0
1245 756 1 3 1 1
1488 756 0 0 0 0
1731 756 1 4 0 1
152 826 1 9 0 1
395 826 0 0 0 0
638 826 0 0 0 0
881 826 0 0 0 0
1124 826 1 3 0 1
1367 826 0 0 0 0
1610 826 1 4 1 1
0 5 10 0 0 0
4 5
4 6
4 7
3 6
3 4
2 4 10 0 0 0
6 5
6 7
5 6
5 4
1 5 10 0 0 0
1 2
1 4
1 0
2 3
2 1
3 3 10 0 0 0
4 8
4 9
5 7
4 2 10 0 0 0
6 9
6 8
10 4 20 0 0 0
3 3
3 2
3 5
2 4
10 2 20 0 0 0
2 8
2 7
10 2 20 0 0 0
0 0
0 2
10 2 20 0 0 0
3 0
4 1
10 3 20 0 0 0
0 7
0 9
0 5
10 1 20 0 0 0
5 3
0
0 10 -1 1
0 10 -1 1
0 10 -1 1
0 10 -1 1
0 10 -1 1
0
