4
1
13
0 35 1 4 1 1
121 35 0 0 0 0
243 35 0 0 0 0
364 35 1 0 0 0
486 35 0 0 0 0
607 35 0 0 0 0
729 35 0 0 0 0
850 35 1 0 0 0
972 35 1 0 0 0
1093 35 0 0 0 0
1215 35 1 0 0 0
1336 35 0 0 0 0
1458 35 0 0 0 0
1579 35 0 0 0 0
1701 35 1 0 0 0
1822 35 0 0 0 0
-61 70 0 0 0 0
60 70 0 0 0 0
181 70 1 0 0 0
303 70 1 0 0 0
424 70 1 6 1 1
546 70 0 0 0 0
667 70 1 0 0 0
789 70 0 0 0 0
910 70 1 0 0 0
1032 70 0 0 0 0
1153 70 0 0 0 0
1275 70 1 0 1 1
1396 70 0 0 0 0
1518 70 1 0 0 0
1639 70 0 0 0 0
1761 70 1 0 0 0
0 105 0 0 0 0
121 105 1 0 0 0
243 105 1 0 0 0
364 105 0 0 0 0
486 105 1 6 0 1
607 105 1 0 0 0
729 105 1 0 0 0
850 105 1 0 0 0
972 105 1 0 0 0
1093 105 0 0 0 0
1215 105 1 0 0 1
1336 105 0 0 0 0
1458 105 0 0 0 0
1579 105 1 0 0 0
1701 105 0 0 0 0
1822 105 0 0 0 0
-61 140 0 0 0 0
60 140 1 0 0 0
181 140 0 0 0 0
303 140 1 0 0 0
424 140 1 6 0 1
546 140 1 0 0 0
667 140 1 0 0 0
789 140 0 0 0 0
910 140 1 0 0 0
1032 140 0 0 0 0
1153 140 0 0 0 0
1275 140 1 0 0 1
1396 140 0 0 0 0
1518 140 1 0 0 0
1639 140 1 0 0 0
1761 140 0 0 0 0
0 175 0 0 0 0
121 175 1 0 0 0
243 175 1 0 0 0
364 175 0 0 0 0
486 175 0 0 0 0
607 175 0 0 0 0
729 175 1 0 0 0
850 175 1 0 0 0
972 175 0 0 0 0
1093 175 0 0 0 0
1215 175 1 0 0 0
1336 175 1 0 0 0
1458 175 0 0 0 0
1579 175 1 0 0 0
1701 175 1 0 0 0
1822 175 0 0 0 0
-61 210 0 0 0 0
60 210 0 0 0 0
181 210 1 0 0 0
303 210 1 0 0 0
424 210 1 0 0 0
546 210 0 0 0 0
667 210 0 0 0 0
789 210 1 0 0 0
910 210 0 0 0 0
1032 210 1 0 0 0
1153 210 1 0 0 0
1275 210 0 0 0 0
1396 210 0 0 0 0
1518 210 1 0 0 0
1639 210 1 0 0 0
1761 210 1 0 0 0
0 245 1 0 0 0
121 245 0 0 0 0
243 245 1 0 0 0
364 245 1 0 0 0
486 245 0 0 0 0
607 245 1 0 0 0
729 245 1 0 0 0
850 245 1 0 0 0
972 245 0 0 0 0
1093 245 1 0 0 0
1215 245 0 0 0 0
1336 245 1 0 0 0
1458 245 1 0 0 0
1579 245 0 0 0 0
1701 245 0 0 0 0
1822 245 0 0 0 0
-61 280 0 0 0 0
60 280 0 0 0 0
181 280 1 0 0 0
303 280 1 0 0 0
424 280 1 5 0 1
546 280 0 0 0 0
667 280 1 0 0 0
789 280 1 0 0 0
910 280 1 0 0 0
1032 280 1 0 0 0
1153 280 0 0 0 0
1275 280 1 0 0 0
1396 280 0 0 0 0
1518 280 0 0 0 0
1639 280 0 0 0 0
1761 280 1 0 0 0
0 315 0 0 0 0
121 315 0 0 0 0
243 315 1 0 0 0
364 315 1 0 0 0
486 315 1 5 1 1
607 315 1 0 0 0
729 315 0 0 0 0
850 315 0 0 0 0
972 315 1 8 0 1
1093 315 0 0 0 0
1215 315 0 0 0 0
1336 315 1 0 0 0
1458 315 1 0 0 0
1579 315 1 0 0 0
1701 315 1 0 0 0
1822 315 0 0 0 0
-61 350 0 0 0 0
60 350 1 0 0 0
181 350 1 0 0 0
303 350 0 0 0 0
424 350 1 5 0 1
546 350 0 0 0 0
667 350 1 0 0 0
789 350 0 0 0 0
910 350 1 8 0 1
1032 350 0 0 0 0
1153 350 0 0 0 0
1275 350 1 0 0 0
1396 350 1 0 0 0
1518 350 0 0 0 0
1639 350 1 0 0 0
1761 350 0 0 0 0
0 385 1 3 0 1
121 385 1 0 0 0
243 385 0 0 0 0
364 385 1 0 0 0
486 385 0 0 0 0
607 385 1 9 0 1
729 385 0 0 0 0
850 385 0 0 0 0
972 385 1 8 1 1
1093 385 1 0 0 0
1215 385 0 0 0 0
1336 385 1 0 0 0
1458 385 0 0 0 0
1579 385 1 0 0 0
1701 385 0 0 0 0
1822 385 0 0 0 0
-61 420 0 0 0 0
60 420 0 0 0 0
181 420 1 0 0 0
303 420 1 0 0 0
424 420 0 0 0 0
546 420 0 0 0 0
667 420 1 0 0 0
789 420 1 0 0 0
910 420 0 0 0 0
1032 420 0 0 0 0
1153 420 0 0 0 0
1275 420 0 0 0 0
1396 420 1 0 0 0
1518 420 1 0 0 0
1639 420 0 0 0 0
1761 420 1 0 0 0
0 455 1 3 1 1
121 455 0 0 0 0
243 455 0 0 0 0
364 455 1 0 0 0
486 455 1 0 0 0
607 455 1 9 1 1
729 455 0 0 0 0
850 455 1 0 0 0
972 455 1 8 0 1
1093 455 0 0 0 0
1215 455 1 0 0 0
1336 455 0 0 0 0
1458 455 1 0 0 0
1579 455 1 0 0 0
1701 455 1 0 0 0
1822 455 0 0 0 0
-61 490 0 0 0 0
60 490 0 0 0 0
181 490 1 0 0 0
303 490 0 0 0 0
424 490 1 0 0 0
546 490 0 0 0 0
667 490 0 0 0 0
789 490 1 0 0 0
910 490 1 0 0 0
1032 490 1 0 0 0
1153 490 1 0 0 0
1275 490 1 10 1 1
1396 490 1 0 0 0
1518 490 1 0 0 0
1639 490 1 0 0 0
1761 490 0 0 0 0
0 525 0 0 0 0
121 525 0 0 0 0
243 525 0 0 0 0
364 525 0 0 0 0
486 525 0 0 0 0
607 525 1 7 0 1
729 525 1 0 0 0
850 525 0 0 0 0
972 525 0 0 0 0
1093 525 1 0 0 0
1215 525 0 0 0 0
1336 525 1 10 0 1
1458 525 1 0 0 0
1579 525 0 0 0 0
1701 525 1 0 0 0
1822 525 0 0 0 0
-61 560 0 0 0 0
60 560 0 0 0 0
181 560 0 0 0 0
303 560 0 0 0 0
424 560 1 0 0 0
546 560 1 7 0 1
667 560 0 0 0 0
789 560 1 0 0 0
910 560 0 0 0 0
1032 560 0 0 0 0
1153 560 0 0 0 0
1275 560 0 0 0 0
1396 560 1 0 0 0
1518 560 0 0 0 0
1639 560 1 0 0 0
1761 560 0 0 0 0
0 595 0 0 0 0
121 595 1 0 0 0
243 595 1 0 0 0
364 595 0 0 0 0
486 595 1 0 0 0
607 595 1 7 1 1
729 595 1 0 0 0
850 595 1 11 0 1
972 595 1 0 0 0
1093 595 1 0 0 0
1215 595 0 0 0 0
1336 595 0 0 0 0
1458 595 1 0 0 0
1579 595 1 0 0 0
1701 595 0 0 0 0
1822 595 0 0 0 0
-61 630 0 0 0 0
60 630 0 0 0 0
181 630 1 0 0 0
303 630 0 0 0 0
424 630 0 0 0 0
546 630 0 0 0 0
667 630 1 7 0 1
789 630 1 11 0 1
910 630 0 0 0 0
1032 630 0 0 0 0
1153 630 1 0 0 0
1275 630 0 0 0 0
1396 630 0 0 0 0
1518 630 0 0 0 0
1639 630 0 0 0 0
1761 630 1 0 0 0
0 665 1 12 0 1
121 665 0 0 0 0
243 665 0 0 0 0
364 665 0 0 0 0
486 665 0 0 0 0
607 665 1 7 0 1
729 665 1 0 0 0
850 665 1 11 1 1
972 665 0 0 0 0
1093 665 0 0 0 0
1215 665 1 0 0 0
1336 665 0 0 0 0
1458 665 0 0 0 0
1579 665 0 0 0 0
1701 665 1 0 0 0
1822 665 0 0 0 0
-61 700 0 0 0 0
60 700 0 0 0 0
181 700 0 0 0 0
303 700 1 0 0 0
424 700 0 0 0 0
546 700 0 0 0 0
667 700 1 0 0 0
789 700 0 0 0 0
910 700 1 11 0 1
1032 700 1 1 0 1
1153 700 0 0 0 0
1275 700 0 0 0 0
1396 700 0 0 0 0
1518 700 0 0 0 0
1639 700 1 0 0 0
1761 700 0 0 0 0
0 735 1 12 1 1
121 735 0 0 0 0
243 735 1 0 0 0
364 735 1 0 0 0
486 735 0 0 0 0
607 735 1 0 0 0
729 735 0 0 0 0
850 735 1 11 0 1
972 735 1 0 0 0
1093 735 1 1 1 1
1215 735 1 0 0 0
1336 735 0 0 0 0
1458 735 1 0 0 0
1579 735 0 0 0 0
1701 735 0 0 0 0
1822 735 0 0 0 0
-61 770 0 0 0 0
60 770 1 12 0 1
181 770 0 0 0 0
303 770 0 0 0 0
424 770 0 0 0 0
546 770 1 0 0 0
667 770 0 0 0 0
789 770 1 0 0 0
910 770 1 0 0 0
1032 770 0 0 0 0
1153 770 1 1 0 1
1275 770 1 0 0 0
1396 770 0 0 0 0
1518 770 1 0 0 0
1639 770 1 0 0 0
1761 770 1 0 0 0
0 805 1 12 0 1
121 805 0 0 0 0
243 805 1 0 0 0
364 805 0 0 0 0
486 805 1 0 0 0
607 805 1 0 0 0
729 805 0 0 0 0
850 805 1 0 0 0
972 805 0 0 0 0
1093 805 1 1 0 1
1215 805 0 0 0 0
1336 805 0 0 0 0
1458 805 1 0 0 0
1579 805 0 0 0 0
1701 805 0 0 0 0
1822 805 0 0 0 0
-61 840 0 0 0 0
60 840 1 0 0 0
181 840 1 0 0 0
303 840 0 0 0 0
424 840 1 0 0 0
546 840 1 0 0 0
667 840 1 0 0 0
789 840 1 0 0 0
910 840 0 0 0 0
1032 840 0 0 0 0
1153 840 1 0 0 0
1275 840 1 0 0 0
1396 840 1 0 0 0
1518 840 0 0 0 0
1639 840 0 0 0 0
1761 840 0 0 0 0
0 875 1 0 0 0
121 875 0 0 0 0
243 875 0 0 0 0
364 875 1 0 0 0
486 875 0 0 0 0
607 875 1 0 0 0
729 875 0 0 0 0
850 875 0 0 0 0
972 875 1 2 0 1
1093 875 1 0 0 0
1215 875 1 0 0 0
1336 875 1 0 0 0
1458 875 1 0 0 0
1579 875 0 0 0 0
1701 875 1 0 0 0
1822 875 0 0 0 0
-61 910 0 0 0 0
60 910 1 0 0 0
181 910 1 0 0 0
303 910 0 0 0 0
424 910 1 0 0 0
546 910 0 0 0 0
667 910 1 0 0 0
789 910 1 0 0 0
910 910 0 0 0 0
1032 910 0 0 0 0
1153 910 1 0 0 0
1275 910 1 0 0 0
1396 910 1 0 0 0
1518 910 1 0 0 0
1639 910 1 0 0 0
1761 910 0 0 0 0
0 945 1 0 0 0
121 945 1 0 0 0
243 945 0 0 0 0
364 945 0 0 0 0
486 945 0 0 0 0
607 945 0 0 0 0
729 945 1 0 0 0
850 945 0 0 0 0
972 945 1 2 1 1
1093 945 0 0 0 0
1215 945 1 0 0 0
1336 945 0 0 0 0
1458 945 0 0 0 0
1579 945 0 0 0 0
1701 945 1 0 0 0
1822 945 0 0 0 0

0 3 10
11 1
11 3
10 2

3 4 10
9 20
9 19
9 22
10 21

1 2 10
8 26
8 24

4 2 10
0 12
0 10

2 1 10
0 0

10 3 10
4 8
4 9
4 7

10 3 10
4 1
4 2
4 3

10 5 10
5 16
5 15
5 18
5 14
6 17

10 4 10
8 10
8 9
8 12
8 8

10 2 10
5 12
5 10

10 2 10
11 13
11 14

10 5 10
7 18
7 17
7 20
7 16
8 19

10 4 10
0 20
0 22
0 18
1 21

0 0 0

