arya                            
6 300 20 300
7 9 67 196 4 1 11
188 266 0 0 0 0
431 266 1 5 1 1
674 266 0 0 0 0
917 266 0 0 0 0
1160 266 0 0 0 0
1403 266 0 0 0 0
1646 266 0 0 0 0
67 336 0 0 0 0
310 336 1 5 0 1
553 336 0 0 0 0
796 336 1 7 0 1
1039 336 0 0 0 0
1282 336 0 0 0 0
1525 336 1 6 1 1
188 406 1 4 0 1
431 406 1 1 0 1
674 406 0 0 0 0
917 406 1 7 1 1
1160 406 1 0 0 0
1403 406 1 6 0 1
1646 406 0 0 0 0
67 476 1 4 0 1
310 476 1 1 0 1
553 476 0 0 0 0
796 476 1 7 0 1
1039 476 1 3 0 1
1282 476 0 0 0 0
1525 476 1 6 0 1
188 546 1 4 1 1
431 546 1 1 1 1
674 546 0 0 0 0
917 546 0 0 0 0
1160 546 0 0 0 0
1403 546 0 0 0 0
1646 546 0 0 0 0
67 616 0 0 0 0
310 616 0 0 0 0
553 616 0 0 0 0
796 616 1 0 0 1
1039 616 1 3 1 1
1282 616 1 8 1 1
1525 616 0 0 0 0
188 686 0 0 0 0
431 686 1 1 0 1
674 686 1 0 1 1
917 686 1 3 0 1
1160 686 0 0 0 0
1403 686 1 2 0 1
1646 686 0 0 0 0
67 756 1 0 0 0
310 756 1 10 1 1
553 756 1 0 0 1
796 756 1 0 0 1
1039 756 0 0 0 0
1282 756 1 2 0 1
1525 756 0 0 0 0
188 826 1 10 0 1
431 826 0 0 0 0
674 826 1 0 0 1
917 826 1 0 0 0
1160 826 1 9 1 1
1403 826 1 2 1 1
1646 826 1 0 0 0
0 5 300 0 0 0
2 6
2 7
2 8
3 7
3 5
2 4 300 0 0 0
1 4
1 3
1 6
1 2
3 3 300 0 0 0
5 8
5 7
5 6
1 3 300 0 0 0
4 5
4 3
3 6
4 3 300 0 0 0
0 4
0 3
0 2
10 2 20 0 0 0
1 0
1 1
10 3 20 0 0 0
6 1
6 3
5 2
10 3 20 0 0 0
3 2
3 3
3 1
10 1 20 0 0 0
5 5
10 1 20 0 0 0
4 8
10 2 20 0 0 0
1 7
0 8
0
0 10 -1 1
0 10 -1 1
0 10 -1 1
0 10 -1 1
0 10 -1 1
0
