arya                            
6 50 20 10
7 9 130 184 4 1 11
251 254 0 0 0 0
494 254 0 0 0 0
737 254 0 0 0 0
980 254 1 10 0 1
1223 254 0 0 0 0
1466 254 0 0 0 0
1709 254 0 0 0 0
130 324 0 0 0 0
373 324 0 0 0 0
616 324 0 0 0 0
859 324 1 10 0 1
1102 324 0 0 0 0
1345 324 1 2 1 1
1588 324 1 8 0 1
251 394 0 0 0 0
494 394 0 0 0 0
737 394 0 0 0 0
980 394 1 10 1 1
1223 394 1 0 0 1
1466 394 1 2 0 1
1709 394 0 0 0 0
130 464 0 0 0 0
373 464 1 9 0 1
616 464 0 0 0 0
859 464 0 0 0 0
1102 464 1 0 0 1
1345 464 0 0 0 0
1588 464 1 8 1 1
251 534 1 3 0 1
494 534 1 9 1 1
737 534 1 0 0 0
980 534 0 0 0 0
1223 534 1 0 1 1
1466 534 0 0 0 0
1709 534 1 8 0 1
130 604 1 3 0 1
373 604 0 0 0 0
616 604 1 1 0 1
859 604 1 7 0 1
1102 604 1 0 0 1
1345 604 0 0 0 0
1588 604 0 0 0 0
251 674 1 3 1 1
494 674 1 1 0 1
737 674 1 1 0 1
980 674 1 7 0 1
1223 674 0 0 0 0
1466 674 1 6 1 1
1709 674 1 5 0 1
130 744 1 3 0 1
373 744 0 0 0 0
616 744 1 1 1 1
859 744 1 7 1 1
1102 744 1 4 0 1
1345 744 0 0 0 0
1588 744 1 5 0 1
251 814 0 0 0 0
494 814 0 0 0 0
737 814 0 0 0 0
980 814 1 7 0 1
1223 814 1 4 1 1
1466 814 0 0 0 0
1709 814 1 5 1 1
0 4 10 0 0 0
4 4
4 5
4 3
4 2
2 4 10 0 0 0
2 7
2 6
2 5
1 6
4 2 10 0 0 0
5 1
5 2
1 4 10 0 0 0
0 6
0 7
0 5
0 4
3 2 10 0 0 0
4 8
4 7
10 3 20 0 0 0
6 8
6 7
6 6
10 1 20 0 0 0
5 6
10 4 20 0 0 0
3 7
3 8
3 6
3 5
10 3 20 0 0 0
6 3
6 4
6 1
10 2 20 0 0 0
1 4
1 3
10 3 20 0 0 0
3 2
3 1
3 0
0
0 10 -1 1
0 10 -1 1
0 10 -1 1
0 10 -1 1
0 10 -1 1
0
