4
1
13
0 70 1 7 1 1
243 70 1 4 0 1
486 70 0 0 0 0
729 70 1 0 0 0
972 70 1 0 1 1
1215 70 1 9 1 1
1458 70 0 0 0 0
-122 140 0 0 0 0
121 140 1 4 1 1
364 140 1 6 1 1
607 140 0 0 0 0
850 140 0 0 0 0
1093 140 1 0 0 1
1336 140 0 0 0 0
0 210 0 0 0 0
243 210 1 4 0 1
486 210 1 6 0 1
729 210 0 0 0 0
972 210 1 0 0 1
1215 210 1 9 0 1
1458 210 0 0 0 0
-122 280 0 0 0 0
121 280 0 0 0 0
364 280 0 0 0 0
607 280 0 0 0 0
850 280 1 5 0 1
1093 280 0 0 0 0
1336 280 0 0 0 0
0 350 1 0 0 0
243 350 1 1 0 1
486 350 0 0 0 0
729 350 0 0 0 0
972 350 0 0 0 0
1215 350 1 0 0 0
1458 350 0 0 0 0
-122 420 0 0 0 0
121 420 1 1 0 1
364 420 1 2 1 1
607 420 0 0 0 0
850 420 1 5 1 1
1093 420 0 0 0 0
1336 420 1 0 0 0
0 490 0 0 0 0
243 490 1 1 1 1
486 490 0 0 0 0
729 490 0 0 0 0
972 490 0 0 0 0
1215 490 0 0 0 0
1458 490 0 0 0 0
-122 560 0 0 0 0
121 560 0 0 0 0
364 560 0 0 0 0
607 560 1 0 0 0
850 560 1 5 0 1
1093 560 0 0 0 0
1336 560 0 0 0 0
0 630 0 0 0 0
243 630 1 1 0 1
486 630 0 0 0 0
729 630 0 0 0 0
972 630 0 0 0 0
1215 630 0 0 0 0
1458 630 0 0 0 0
-122 700 0 0 0 0
121 700 1 11 1 1
364 700 1 8 0 1
607 700 0 0 0 0
850 700 1 0 0 0
1093 700 0 0 0 0
1336 700 0 0 0 0
0 770 0 0 0 0
243 770 1 11 0 1
486 770 1 8 1 1
729 770 0 0 0 0
972 770 1 0 0 0
1215 770 1 12 1 1
1458 770 0 0 0 0
-122 840 0 0 0 0
121 840 1 11 0 1
364 840 1 8 0 1
607 840 1 3 1 1
850 840 1 0 0 0
1093 840 0 0 0 0
1336 840 1 10 1 1

0 3 50
4 0
4 2
5 1

1 4 50
1 6
1 5
1 8
1 4

4 1 50
2 5

3 1 50
3 11

2 3 50
1 1
1 2
1 0

10 3 50
4 5
4 7
4 3

10 2 50
2 1
2 2

10 1 50
0 0

10 3 50
2 10
2 11
2 9

10 2 50
5 0
5 2

10 1 50
6 11

10 3 50
1 9
1 10
1 11

10 1 50
5 10

0 0 0

