arya                            
6 50 20 10
7 10 58 110 4 1 11
179 180 1 1 0 1
422 180 0 0 0 0
665 180 1 9 0 0
908 180 1 8 1 1
1151 180 0 7 0 0
1394 180 0 0 0 0
1637 180 0 0 0 0
58 250 1 9 0 1
301 250 1 1 1 1
544 250 0 5 0 0
787 250 0 9 1 0
1030 250 0 7 1 0
1273 250 1 5 0 1
1516 250 1 5 0 1
179 320 0 0 0 0
422 320 0 0 0 0
665 320 0 0 0 0
908 320 0 0 0 0
1151 320 1 10 1 1
1394 320 1 5 1 1
1637 320 0 1 0 0
58 390 1 9 1 1
301 390 0 0 0 0
544 390 0 5 1 0
787 390 0 0 0 0
1030 390 1 10 0 1
1273 390 0 0 0 0
1516 390 1 5 0 1
179 460 1 2 0 1
422 460 0 5 0 0
665 460 1 4 0 1
908 460 0 0 0 0
1151 460 0 0 0 0
1394 460 1 3 0 1
1637 460 1 7 1 1
58 530 0 8 1 0
301 530 1 2 0 1
544 530 1 5 0 0
787 530 1 4 1 1
1030 530 1 6 0 1
1273 530 0 0 0 0
1516 530 0 1 0 0
179 600 1 2 1 1
422 600 1 0 0 1
665 600 1 4 0 1
908 600 1 4 1 1
1151 600 1 6 1 1
1394 600 1 3 1 1
1637 600 0 1 0 0
58 670 0 0 0 0
301 670 1 0 1 1
544 670 0 0 0 0
787 670 0 0 0 0
1030 670 1 6 1 1
1273 670 1 3 0 1
1516 670 0 10 0 0
179 740 1 2 0 1
422 740 1 0 1 1
665 740 0 6 0 0
908 740 0 0 0 0
1151 740 0 0 0 0
1394 740 1 3 0 1
1637 740 0 0 0 0
58 810 0 3 1 0
301 810 0 0 0 0
544 810 1 0 1 1
787 810 1 0 0 0
1030 810 0 0 0 0
1273 810 0 0 0 0
1516 810 0 0 0 0
0 4 10 0 0 0
1 8
1 7
1 6
2 9
2 2 10 0 0 0
1 1
0 0
3 4 10 0 0 0
0 6
0 8
0 4
1 5
4 4 10 0 0 0
5 6
5 7
5 8
5 4
1 4 10 0 0 0
3 5
3 6
2 6
2 4
10 4 20 0 0 0
5 2
5 1
6 3
6 1
10 3 20 0 0 0
4 7
4 6
4 5
10 1 20 0 0 0
6 4
10 1 20 0 0 0
3 0
10 2 20 0 0 0
0 3
0 1
10 2 20 0 0 0
4 2
4 3
0
0 10 -1 1
0 10 -1 1
0 10 -1 1
0 10 -1 1
0 10 -1 1
115
1522 699 1036 699 2 1 1 1644327580 830977 0.000000 10 2
1522 664 1036 664 2 1 1 1644327580 830977 0.000000 10 2
1522 699 1036 699 2 1 1 1644327581 609 0.000000 10 2
1522 664 1036 664 2 1 1 1644327581 609 0.000000 10 2
1569 683 1542 699 2 1 1 1644327579 28682 0.000000 1 10
1549 648 1522 664 2 1 1 1644327579 28682 0.000000 1 10
1529 613 1502 629 2 1 1 1644327579 28690 0.000000 1 10
1569 683 1542 699 2 1 1 1644327579 28690 180000.000000 1 10
1549 648 1522 664 2 1 1 1644327579 28690 180000.000000 1 10
1529 613 1502 629 2 1 1 1644327579 28690 180000.000000 1 10
1569 683 1542 699 2 1 1 1644327579 28690 360000.000000 1 10
1549 648 1522 664 2 1 1 1644327579 28690 360000.000000 1 10
1529 613 1502 629 2 1 1 1644327579 28691 360000.000000 1 10
1569 683 1542 699 2 1 1 1644327579 28691 540000.000000 1 10
1549 648 1522 664 2 1 1 1644327579 28691 540000.000000 1 10
1529 613 1502 629 2 1 1 1644327579 28691 540000.000000 1 10
1569 683 1542 699 2 1 1 1644327579 28691 720000.000000 1 10
1549 648 1522 664 2 1 1 1644327579 28691 720000.000000 1 10
1529 613 1502 629 2 1 1 1644327579 28691 720000.000000 1 10
1569 683 1542 699 2 1 1 1644327579 28691 900000.000000 1 10
1549 648 1522 664 2 1 1 1644327579 28691 900000.000000 1 10
1529 613 1502 629 2 1 1 1644327579 28691 900000.000000 1 10
1569 683 1542 699 2 1 1 1644327579 28691 1080000.000000 1 10
1549 648 1522 664 2 1 1 1644327579 28691 1080000.000000 1 10
1529 613 1502 629 2 1 1 1644327579 28691 1080000.000000 1 10
1569 683 1542 699 2 1 1 1644327579 28691 1260000.000000 1 10
1549 648 1522 664 2 1 1 1644327579 28691 1260000.000000 1 10
1529 613 1502 629 2 1 1 1644327579 28691 1260000.000000 1 10
1569 683 1542 699 2 1 1 1644327579 28691 1440000.000000 1 10
1549 648 1522 664 2 1 1 1644327579 28691 1440000.000000 1 10
1529 613 1502 629 2 1 1 1644327579 28691 1440000.000000 1 10
1569 683 1542 699 2 1 1 1644327579 28692 1620000.000000 1 10
1549 648 1522 664 2 1 1 1644327579 28692 1620000.000000 1 10
1529 613 1502 629 2 1 1 1644327579 28692 1620000.000000 1 10
1569 683 1542 699 2 1 1 1644327579 28692 1800000.000000 1 10
1495 570 1036 664 2 1 1 1644327580 830976 0.000000 1 2
1444 544 1030 629 2 1 1 1644327581 35150 0.000000 1 2
636 909 672 909 4 1 1 1644327579 28695 0.000000 3 6
496 874 672 874 4 1 1 1644327579 28695 0.000000 3 6
426 839 672 839 4 1 1 1644327579 28695 0.000000 3 6
646 909 672 909 4 1 1 1644327579 28695 180000.000000 3 6
566 874 672 874 4 1 1 1644327579 28695 180000.000000 3 6
426 839 672 839 4 1 1 1644327579 28695 180000.000000 3 6
646 909 672 909 4 1 1 1644327579 28695 360000.000000 3 6
566 874 672 874 4 1 1 1644327579 28695 360000.000000 3 6
426 839 672 839 4 1 1 1644327579 28695 360000.000000 3 6
646 909 672 909 4 1 1 1644327579 28695 540000.000000 3 6
576 874 672 874 4 1 1 1644327579 28695 540000.000000 3 6
436 839 672 839 4 1 1 1644327579 28695 540000.000000 3 6
646 909 672 909 4 1 1 1644327579 28695 720000.000000 3 6
566 874 672 874 4 1 1 1644327579 28695 720000.000000 3 6
426 839 672 839 4 1 1 1644327579 28695 720000.000000 3 6
646 909 672 909 4 1 1 1644327579 28695 900000.000000 3 6
566 874 672 874 4 1 1 1644327579 28695 900000.000000 3 6
426 839 672 839 4 1 1 1644327579 28695 900000.000000 3 6
646 909 672 909 4 1 1 1644327579 28696 1080000.000000 3 6
646 874 672 874 4 1 1 1644327579 28696 1080000.000000 3 6
426 839 672 839 4 1 1 1644327579 28696 1080000.000000 3 6
646 909 672 909 4 1 1 1644327579 28696 1260000.000000 3 6
646 874 672 874 4 1 1 1644327579 28696 1260000.000000 3 6
646 839 672 839 4 1 1 1644327579 28696 1260000.000000 3 6
646 909 672 909 4 1 1 1644327579 28696 1440000.000000 3 6
646 874 672 874 4 1 1 1644327579 28696 1440000.000000 3 6
646 839 672 839 4 1 1 1644327579 28696 1440000.000000 3 6
646 909 672 909 4 1 1 1644327579 28696 1620000.000000 3 6
646 874 672 874 4 1 1 1644327579 28696 1620000.000000 3 6
646 839 672 839 4 1 1 1644327579 28696 1620000.000000 3 6
646 909 672 909 4 1 1 1644327579 28696 1800000.000000 3 6
1166 646 1765 524 4 1 1 1644327581 647736 0.000000 3 1
929 658 1758 489 4 1 1 1644327581 647737 0.000000 3 1
1083 699 1772 559 4 1 1 1644327582 21075 0.000000 3 1
986 683 1765 524 4 1 1 1644327583 40637 0.000000 3 1
879 668 1758 489 4 1 1 1644327584 26749 0.000000 3 1
853 746 1772 559 4 1 1 1644327585 46774 0.000000 3 1
736 734 1765 524 4 1 1 1644327586 32845 0.000000 3 1
599 725 1758 489 4 1 1 1644327587 19438 0.000000 3 1
493 820 1772 559 4 1 1 1644327588 39470 0.000000 3 1
446 796 1765 524 4 1 1 1644327589 25833 0.000000 3 1
439 761 1758 489 4 1 1 1644327590 46248 0.000000 3 1
193 909 1772 559 4 1 1 1644327591 32191 0.000000 3 1
186 874 1765 524 4 1 1 1644327592 17473 0.000000 3 1
633 894 652 909 3 1 1 1644327579 28696 0.000000 4 6
653 859 672 874 3 1 1 1644327579 28697 0.000000 4 6
673 824 692 839 3 1 1 1644327579 28697 0.000000 4 6
633 894 652 909 3 1 1 1644327579 28697 180000.000000 4 6
653 859 672 874 3 1 1 1644327579 28697 180000.000000 4 6
673 824 692 839 3 1 1 1644327579 28697 180000.000000 4 6
633 894 652 909 3 1 1 1644327579 28698 360000.000000 4 6
653 859 672 874 3 1 1 1644327579 28698 360000.000000 4 6
673 824 692 839 3 1 1 1644327579 28698 360000.000000 4 6
544 843 652 909 3 1 1 1644327579 28698 540000.000000 4 6
653 859 672 874 3 1 1 1644327579 28698 540000.000000 4 6
673 824 692 839 3 1 1 1644327579 28698 540000.000000 4 6
436 783 652 909 3 1 1 1644327579 28698 720000.000000 4 6
645 853 672 874 3 1 1 1644327579 28698 720000.000000 4 6
673 824 692 839 3 1 1 1644327579 28698 720000.000000 4 6
436 783 652 909 3 1 1 1644327579 28698 900000.000000 4 6
582 818 672 874 3 1 1 1644327579 28698 900000.000000 4 6
673 824 692 839 3 1 1 1644327579 28698 900000.000000 4 6
436 783 652 909 3 1 1 1644327579 28698 1080000.000000 4 6
582 818 672 874 3 1 1 1644327579 28698 1080000.000000 4 6
673 824 692 839 3 1 1 1644327579 28698 1080000.000000 4 6
436 783 652 909 3 1 1 1644327579 28698 1260000.000000 4 6
582 818 672 874 3 1 1 1644327579 28698 1260000.000000 4 6
673 824 692 839 3 1 1 1644327579 28698 1260000.000000 4 6
436 783 652 909 3 1 1 1644327579 28698 1440000.000000 4 6
582 818 672 874 3 1 1 1644327579 28698 1440000.000000 4 6
673 824 692 839 3 1 1 1644327579 28699 1440000.000000 4 6
436 783 652 909 3 1 1 1644327579 28699 1620000.000000 4 6
582 818 672 874 3 1 1 1644327579 28699 1620000.000000 4 6
673 824 692 839 3 1 1 1644327579 28699 1620000.000000 4 6
436 783 652 909 3 1 1 1644327579 28699 1800000.000000 4 6
949 630 1765 524 3 1 1 1644327581 476457 0.000000 4 1
1324 532 1760 489 3 1 1 1644327581 476457 0.000000 4 1
438 781 409 769 4 1 1 1644327581 647738 0.000000 6 4
