4
1
13
0 35 0 0 0 0
121 35 1 0 0 0
243 35 1 0 0 0
364 35 1 0 0 0
486 35 1 7 0 1
607 35 1 0 0 0
729 35 1 0 0 0
850 35 1 0 0 0
972 35 1 10 0 1
1093 35 0 0 0 0
1215 35 0 0 0 0
1336 35 1 0 0 0
1458 35 1 0 0 0
1579 35 1 11 1 1
1701 35 1 0 0 0
1822 35 0 0 0 0
-61 70 0 0 0 0
60 70 0 0 0 0
181 70 1 0 0 0
303 70 1 0 0 0
424 70 1 7 1 1
546 70 0 0 0 0
667 70 1 0 0 0
789 70 0 0 0 0
910 70 0 0 0 0
1032 70 0 0 0 0
1153 70 0 0 0 0
1275 70 0 0 0 0
1396 70 0 0 0 0
1518 70 0 0 0 0
1639 70 0 0 0 0
1761 70 1 0 0 0
0 105 1 0 0 0
121 105 0 0 0 0
243 105 0 0 0 0
364 105 0 0 0 0
486 105 1 7 0 1
607 105 1 0 0 0
729 105 0 0 0 0
850 105 1 0 0 0
972 105 1 10 1 1
1093 105 1 0 0 0
1215 105 1 5 1 1
1336 105 1 0 0 0
1458 105 1 0 0 0
1579 105 0 0 0 0
1701 105 1 0 0 0
1822 105 0 0 0 0
-61 140 0 0 0 0
60 140 0 0 0 0
181 140 0 0 0 0
303 140 0 0 0 0
424 140 1 7 0 1
546 140 1 0 0 0
667 140 1 8 0 1
789 140 1 0 0 0
910 140 1 4 0 1
1032 140 1 10 0 1
1153 140 1 5 0 1
1275 140 0 0 0 0
1396 140 1 0 0 0
1518 140 1 0 0 0
1639 140 0 0 0 0
1761 140 0 0 0 0
0 175 0 0 0 0
121 175 1 0 0 0
243 175 0 0 0 0
364 175 0 0 0 0
486 175 0 0 0 0
607 175 0 0 0 0
729 175 0 0 0 0
850 175 0 0 0 0
972 175 1 4 0 1
1093 175 1 0 0 0
1215 175 1 5 0 1
1336 175 0 0 0 0
1458 175 0 0 0 0
1579 175 0 0 0 0
1701 175 1 0 0 0
1822 175 0 0 0 0
-61 210 0 0 0 0
60 210 1 0 0 0
181 210 0 0 0 0
303 210 1 0 0 0
424 210 0 0 0 0
546 210 0 0 0 0
667 210 1 8 1 1
789 210 1 0 0 0
910 210 1 4 1 1
1032 210 0 0 0 0
1153 210 0 0 0 0
1275 210 0 0 0 0
1396 210 0 0 0 0
1518 210 0 0 0 0
1639 210 1 0 0 0
1761 210 0 0 0 0
0 245 0 0 0 0
121 245 1 0 0 0
243 245 0 0 0 0
364 245 0 0 0 0
486 245 1 0 0 0
607 245 0 0 0 0
729 245 0 0 0 0
850 245 1 4 0 1
972 245 0 0 0 0
1093 245 1 0 0 0
1215 245 0 0 0 0
1336 245 1 0 0 0
1458 245 0 0 0 0
1579 245 1 0 0 0
1701 245 0 0 0 0
1822 245 0 0 0 0
-61 280 0 0 0 0
60 280 1 0 0 0
181 280 0 0 0 0
303 280 0 0 0 0
424 280 0 0 0 0
546 280 0 0 0 0
667 280 0 0 0 0
789 280 1 0 0 0
910 280 1 4 0 1
1032 280 1 0 0 0
1153 280 0 0 0 0
1275 280 0 0 0 0
1396 280 1 0 1 1
1518 280 0 0 0 0
1639 280 0 0 0 0
1761 280 0 0 0 0
0 315 1 0 0 0
121 315 0 0 0 0
243 315 1 0 0 0
364 315 1 1 1 1
486 315 0 0 0 0
607 315 1 0 0 0
729 315 1 0 0 0
850 315 1 0 0 0
972 315 0 0 0 0
1093 315 1 0 0 0
1215 315 0 0 0 0
1336 315 1 0 0 1
1458 315 0 0 0 0
1579 315 0 0 0 0
1701 315 0 0 0 0
1822 315 0 0 0 0
-61 350 0 0 0 0
60 350 0 0 0 0
181 350 1 0 0 0
303 350 0 0 0 0
424 350 1 1 0 1
546 350 0 0 0 0
667 350 1 0 0 0
789 350 1 0 0 0
910 350 1 0 0 0
1032 350 0 0 0 0
1153 350 1 0 0 0
1275 350 1 0 0 0
1396 350 0 0 0 0
1518 350 0 0 0 0
1639 350 0 0 0 0
1761 350 0 0 0 0
0 385 1 0 0 0
121 385 1 0 0 0
243 385 0 0 0 0
364 385 0 0 0 0
486 385 0 0 0 0
607 385 1 0 0 0
729 385 1 0 0 0
850 385 1 0 0 0
972 385 0 0 0 0
1093 385 0 0 0 0
1215 385 0 0 0 0
1336 385 0 0 0 0
1458 385 1 0 0 0
1579 385 0 0 0 0
1701 385 1 0 0 0
1822 385 0 0 0 0
-61 420 0 0 0 0
60 420 1 0 0 0
181 420 1 0 0 0
303 420 0 0 0 0
424 420 1 0 0 0
546 420 0 0 0 0
667 420 0 0 0 0
789 420 0 0 0 0
910 420 1 0 0 0
1032 420 0 0 0 0
1153 420 1 0 0 0
1275 420 0 0 0 0
1396 420 1 0 0 0
1518 420 1 0 0 0
1639 420 1 0 0 0
1761 420 1 0 0 0
0 455 0 0 0 0
121 455 0 0 0 0
243 455 0 0 0 0
364 455 0 0 0 0
486 455 0 0 0 0
607 455 0 0 0 0
729 455 1 0 0 0
850 455 0 0 0 0
972 455 1 0 0 0
1093 455 1 0 0 0
1215 455 0 0 0 0
1336 455 1 0 0 0
1458 455 0 0 0 0
1579 455 1 0 0 0
1701 455 0 0 0 0
1822 455 0 0 0 0
-61 490 0 0 0 0
60 490 1 0 0 0
181 490 0 0 0 0
303 490 1 0 0 0
424 490 1 0 0 0
546 490 1 0 0 0
667 490 1 0 0 0
789 490 0 0 0 0
910 490 0 0 0 0
1032 490 0 0 0 0
1153 490 0 0 0 0
1275 490 1 0 0 0
1396 490 1 0 0 0
1518 490 1 0 0 0
1639 490 0 0 0 0
1761 490 0 0 0 0
0 525 1 0 0 0
121 525 0 0 0 0
243 525 0 0 0 0
364 525 1 0 0 0
486 525 1 0 0 0
607 525 0 0 0 0
729 525 0 0 0 0
850 525 0 0 0 0
972 525 0 0 0 0
1093 525 1 0 0 0
1215 525 0 0 0 0
1336 525 0 0 0 0
1458 525 1 0 0 0
1579 525 0 0 0 0
1701 525 1 0 0 0
1822 525 0 0 0 0
-61 560 0 0 0 0
60 560 1 6 0 1
181 560 1 0 0 0
303 560 1 0 0 0
424 560 0 0 0 0
546 560 0 0 0 0
667 560 1 0 0 0
789 560 1 0 0 0
910 560 0 0 0 0
1032 560 1 0 0 0
1153 560 1 0 0 0
1275 560 0 0 0 0
1396 560 0 0 0 0
1518 560 0 0 0 0
1639 560 0 0 0 0
1761 560 0 0 0 0
0 595 0 0 0 0
121 595 1 6 1 1
243 595 1 0 0 0
364 595 0 0 0 0
486 595 0 0 0 0
607 595 0 0 0 0
729 595 1 0 0 0
850 595 0 0 0 0
972 595 0 0 0 0
1093 595 1 0 0 0
1215 595 0 0 0 0
1336 595 0 0 0 0
1458 595 0 0 0 0
1579 595 1 0 0 0
1701 595 0 0 0 0
1822 595 0 0 0 0
-61 630 0 0 0 0
60 630 1 6 0 1
181 630 0 0 0 0
303 630 1 0 0 0
424 630 1 0 0 0
546 630 0 0 0 0
667 630 0 0 0 0
789 630 0 0 0 0
910 630 1 0 0 0
1032 630 0 0 0 0
1153 630 1 0 0 0
1275 630 0 0 0 0
1396 630 1 0 0 0
1518 630 1 0 0 0
1639 630 1 0 0 0
1761 630 1 0 0 0
0 665 1 0 0 0
121 665 1 6 0 1
243 665 0 0 0 0
364 665 0 0 0 0
486 665 0 0 0 0
607 665 0 0 0 0
729 665 0 0 0 0
850 665 1 12 1 1
972 665 1 0 0 0
1093 665 1 0 0 0
1215 665 0 0 0 0
1336 665 1 0 0 0
1458 665 1 0 0 0
1579 665 0 0 0 0
1701 665 0 0 0 0
1822 665 0 0 0 0
-61 700 0 0 0 0
60 700 0 0 0 0
181 700 0 0 0 0
303 700 0 0 0 0
424 700 1 0 0 0
546 700 1 0 0 0
667 700 0 0 0 0
789 700 1 12 0 1
910 700 1 12 0 1
1032 700 1 0 0 0
1153 700 0 0 0 0
1275 700 0 0 0 0
1396 700 1 0 0 0
1518 700 1 2 0 1
1639 700 1 0 0 0
1761 700 0 0 0 0
0 735 0 0 0 0
121 735 0 0 0 0
243 735 0 0 0 0
364 735 0 0 0 0
486 735 1 0 0 0
607 735 0 0 0 0
729 735 0 0 0 0
850 735 1 12 0 1
972 735 1 0 0 0
1093 735 1 0 0 0
1215 735 0 0 0 0
1336 735 1 0 0 0
1458 735 0 0 0 0
1579 735 0 0 0 0
1701 735 0 0 0 0
1822 735 0 0 0 0
-61 770 0 0 0 0
60 770 0 0 0 0
181 770 0 0 0 0
303 770 0 0 0 0
424 770 0 0 0 0
546 770 1 0 0 0
667 770 1 0 0 0
789 770 0 0 0 0
910 770 1 0 0 0
1032 770 0 0 0 0
1153 770 1 0 0 0
1275 770 1 0 0 0
1396 770 0 0 0 0
1518 770 1 2 1 1
1639 770 0 0 0 0
1761 770 1 0 0 0
0 805 1 0 0 0
121 805 0 0 0 0
243 805 1 0 0 0
364 805 1 0 0 0
486 805 0 0 0 0
607 805 0 0 0 0
729 805 1 0 0 0
850 805 0 0 0 0
972 805 0 0 0 0
1093 805 0 0 0 0
1215 805 0 0 0 0
1336 805 0 0 0 0
1458 805 0 0 0 0
1579 805 0 0 0 0
1701 805 0 0 0 0
1822 805 0 0 0 0
-61 840 0 0 0 0
60 840 0 0 0 0
181 840 1 0 0 0
303 840 0 0 0 0
424 840 0 0 0 0
546 840 1 0 0 0
667 840 0 0 0 0
789 840 1 0 0 0
910 840 0 0 0 0
1032 840 1 0 0 0
1153 840 1 0 0 0
1275 840 1 9 0 1
1396 840 0 0 0 0
1518 840 1 2 0 1
1639 840 0 0 0 0
1761 840 0 0 0 0
0 875 0 0 0 0
121 875 0 0 0 0
243 875 0 0 0 0
364 875 1 0 0 0
486 875 1 0 0 0
607 875 0 0 0 0
729 875 0 0 0 0
850 875 1 0 0 0
972 875 0 0 0 0
1093 875 0 0 0 0
1215 875 1 0 0 0
1336 875 0 0 0 0
1458 875 0 0 0 0
1579 875 1 0 0 0
1701 875 1 0 0 0
1822 875 0 0 0 0
-61 910 0 0 0 0
60 910 1 0 0 0
181 910 1 0 0 0
303 910 0 0 0 0
424 910 1 0 0 0
546 910 1 3 0 1
667 910 1 0 0 0
789 910 1 0 0 0
910 910 0 0 0 0
1032 910 1 0 0 0
1153 910 0 0 0 0
1275 910 1 9 1 1
1396 910 1 0 0 0
1518 910 0 0 0 0
1639 910 0 0 0 0
1761 910 1 0 0 0
0 945 0 0 0 0
121 945 0 0 0 0
243 945 1 0 0 0
364 945 0 0 0 0
486 945 0 0 0 0
607 945 1 3 1 1
729 945 0 0 0 0
850 945 0 0 0 0
972 945 0 0 0 0
1093 945 1 0 0 0
1215 945 0 0 0 0
1336 945 1 9 0 1
1458 945 1 0 0 0
1579 945 0 0 0 0
1701 945 1 0 0 0
1822 945 0 0 0 0

0 2 10
12 7
11 8

3 2 10
3 8
4 9

1 3 10
13 21
13 23
13 19

2 2 10
5 26
5 25

4 5 10
8 5
8 4
8 7
8 3
7 6

10 3 10
10 2
10 3
10 4

10 4 10
1 16
1 17
1 15
1 18

10 4 10
4 1
4 2
4 0
4 3

10 2 10
6 5
6 3

10 3 10
11 25
11 26
11 23

10 3 10
8 2
8 0
9 3

10 1 10
13 0

10 4 10
7 18
7 19
7 20
8 19

0 0 0

