arya                            
6 50 20 10
7 10 27 152 4 1 11
148 222 1 7 1 1
391 222 1 5 1 1
634 222 1 6 1 1
877 222 0 0 0 0
1120 222 0 0 0 0
1363 222 0 0 0 0
1606 222 1 0 0 0
27 292 0 0 0 0
270 292 0 0 0 0
513 292 1 5 0 1
756 292 0 0 0 0
999 292 0 0 0 0
1242 292 1 0 0 0
1485 292 1 0 0 0
148 362 0 0 0 0
391 362 0 0 0 0
634 362 1 6 0 1
877 362 0 0 0 0
1120 362 1 0 0 0
1363 362 0 0 0 0
1606 362 1 0 0 0
27 432 0 0 0 0
270 432 0 0 0 0
513 432 0 0 0 0
756 432 0 0 0 0
999 432 0 0 0 0
1242 432 0 0 0 0
1485 432 1 0 0 0
148 502 1 2 1 1
391 502 1 0 0 0
634 502 0 0 0 0
877 502 0 0 0 0
1120 502 0 0 0 0
1363 502 0 0 0 0
1606 502 0 0 0 0
27 572 0 0 0 0
270 572 0 0 0 0
513 572 0 0 0 0
756 572 0 0 0 0
999 572 0 0 0 0
1242 572 1 0 0 1
1485 572 0 0 0 0
148 642 1 2 0 1
391 642 0 0 0 0
634 642 0 0 0 0
877 642 1 0 0 0
1120 642 0 0 0 0
1363 642 1 0 1 1
1606 642 1 0 0 0
27 712 0 0 0 0
270 712 1 10 1 1
513 712 1 4 0 1
756 712 0 0 0 0
999 712 1 1 0 1
1242 712 1 0 0 1
1485 712 0 0 0 0
148 782 1 9 0 1
391 782 0 0 0 0
634 782 0 0 0 0
877 782 0 0 0 0
1120 782 1 1 1 1
1363 782 0 0 0 0
1606 782 0 0 0 0
27 852 1 9 1 1
270 852 0 0 0 0
513 852 1 4 1 1
756 852 1 8 1 1
999 852 0 0 0 0
1242 852 1 1 0 1
1485 852 1 3 1 1
0 3 10 0 0 0
5 6
5 7
5 5
2 3 10 0 0 0
4 8
4 7
5 9
4 2 10 0 0 0
0 4
0 6
3 1 10 0 0 0
6 9
1 2 10 0 0 0
2 9
2 7
10 2 20 0 0 0
1 0
2 1
10 2 20 0 0 0
2 0
2 2
10 1 20 0 0 0
0 0
10 1 20 0 0 0
3 9
10 2 20 0 0 0
0 9
0 8
10 1 20 0 0 0
1 7
0
0 10 -1 1
0 10 -1 1
0 10 -1 1
0 10 -1 1
0 10 -1 1
0
