arya                            
6 50 20 10
7 11 6 72 4 1 11
127 142 1 8 1 1
370 142 0 0 0 0
613 142 0 0 0 0
856 142 0 0 0 0
1099 142 1 6 0 1
1342 142 1 6 0 1
1585 142 1 0 0 0
6 212 0 0 0 0
249 212 1 7 0 1
492 212 0 0 0 0
735 212 1 0 0 0
978 212 1 0 0 0
1221 212 1 6 1 1
1464 212 1 0 0 0
127 282 0 0 0 0
370 282 1 7 1 1
613 282 0 0 0 0
856 282 1 0 0 0
1099 282 0 0 0 0
1342 282 0 0 0 0
1585 282 0 0 0 0
6 352 0 0 0 0
249 352 0 0 0 0
492 352 0 0 0 0
735 352 1 0 0 0
978 352 0 0 0 0
1221 352 1 0 0 1
1464 352 0 0 0 0
127 422 1 4 1 1
370 422 1 7 0 1
613 422 0 0 0 0
856 422 0 0 0 0
1099 422 1 0 1 1
1342 422 0 0 0 0
1585 422 1 0 0 0
6 492 0 0 0 0
249 492 0 0 0 0
492 492 0 0 0 0
735 492 0 0 0 0
978 492 1 0 0 1
1221 492 0 0 0 0
1464 492 0 0 0 0
127 562 1 2 0 1
370 562 1 2 0 1
613 562 1 0 0 0
856 562 1 3 1 1
1099 562 0 0 0 0
1342 562 1 0 0 0
1585 562 0 0 0 0
6 632 0 0 0 0
249 632 1 2 1 1
492 632 1 0 0 0
735 632 1 3 0 1
978 632 1 1 0 1
1221 632 1 0 0 0
1464 632 0 0 0 0
127 702 1 2 0 1
370 702 0 0 0 0
613 702 0 0 0 0
856 702 1 1 0 1
1099 702 0 0 0 0
1342 702 1 9 0 1
1585 702 1 0 0 0
6 772 1 10 1 1
249 772 1 2 0 1
492 772 0 0 0 0
735 772 0 0 0 0
978 772 1 1 1 1
1221 772 1 9 0 1
1464 772 0 0 0 0
127 842 1 10 0 1
370 842 1 5 1 1
613 842 0 0 0 0
856 842 0 0 0 0
1099 842 1 1 0 1
1342 842 1 9 1 1
1585 842 1 0 0 0
0 3 10 0 0 0
4 4
4 5
5 3
2 4 10 0 0 0
4 9
4 10
4 7
3 8
3 5 10 0 0 0
1 7
1 6
1 9
0 8
0 6
1 2 10 0 0 0
3 6
3 7
4 1 10 0 0 0
0 4
10 1 20 0 0 0
1 10
10 3 20 0 0 0
5 1
5 0
4 0
10 3 20 0 0 0
1 2
1 1
1 4
10 1 20 0 0 0
0 0
10 3 20 0 0 0
5 10
5 9
5 8
10 2 20 0 0 0
0 9
0 10
0
0 10 -1 1
0 10 -1 1
0 10 -1 1
0 10 -1 1
0 10 -1 1
0
