arya                            
6 300 20 300
7 11 26 64 4 1 11
147 134 1 2 0 1
390 134 1 3 0 1
633 134 1 0 0 0
876 134 1 4 0 1
1119 134 0 0 0 0
1362 134 0 0 0 0
1605 134 0 0 0 0
26 204 1 2 1 1
269 204 1 3 1 1
512 204 0 0 0 0
755 204 0 0 0 0
998 204 1 4 1 1
1241 204 1 0 0 0
1484 204 0 0 0 0
147 274 0 0 0 0
390 274 1 3 0 1
633 274 0 0 0 0
876 274 0 0 0 0
1119 274 0 0 0 0
1362 274 0 0 0 0
1605 274 0 0 0 0
26 344 0 0 0 0
269 344 1 3 0 1
512 344 0 0 0 0
755 344 0 0 0 0
998 344 0 0 0 0
1241 344 1 0 0 0
1484 344 0 0 0 0
147 414 0 0 0 0
390 414 1 8 1 1
633 414 0 0 0 0
876 414 0 0 0 0
1119 414 0 0 0 0
1362 414 0 0 0 0
1605 414 1 1 0 1
26 484 0 0 0 0
269 484 0 0 0 0
512 484 1 8 0 1
755 484 1 9 1 1
998 484 1 5 0 1
1241 484 1 5 0 1
1484 484 1 1 1 1
147 554 1 6 1 1
390 554 0 0 0 0
633 554 0 0 0 0
876 554 1 9 0 1
1119 554 1 5 1 1
1362 554 0 0 0 0
1605 554 1 1 0 1
26 624 0 0 0 0
269 624 0 0 0 0
512 624 1 0 0 0
755 624 0 0 0 0
998 624 1 5 0 1
1241 624 1 5 0 1
1484 624 0 0 0 0
147 694 0 0 0 0
390 694 0 0 0 0
633 694 0 0 0 0
876 694 0 0 0 0
1119 694 1 5 0 1
1362 694 1 0 0 0
1605 694 0 0 0 0
26 764 1 0 0 1
269 764 1 0 0 1
512 764 1 0 0 0
755 764 1 0 0 0
998 764 1 10 1 1
1241 764 0 0 0 0
1484 764 0 0 0 0
147 834 1 0 1 1
390 834 1 0 0 0
633 834 0 0 0 0
876 834 0 0 0 0
1119 834 1 10 0 1
1362 834 0 0 0 0
1605 834 1 7 1 1
0 3 300 0 0 0
0 10
0 9
1 9
2 3 300 0 0 0
6 5
6 6
6 4
1 2 300 0 0 0
0 1
0 0
4 4 300 0 0 0
1 1
1 2
1 0
1 3
3 2 300 0 0 0
4 1
3 0
10 6 20 0 0 0
4 6
4 7
4 5
4 8
5 7
5 5
10 1 20 0 0 0
0 6
10 1 20 0 0 0
6 10
10 2 20 0 0 0
1 4
2 5
10 2 20 0 0 0
3 5
3 6
10 2 20 0 0 0
4 9
4 10
0
0 10 -1 1
0 10 -1 1
0 10 -1 1
0 10 -1 1
0 10 -1 1
0
