arya                            
8 50 20 10 0 1
7 11 96 85 1 5 18
217 155 1 4 1 1
460 155 0 4 1 0
703 155 1 10 1 1
946 155 0 0 1 0
1189 155 0 1 1 0
1432 155 1 7 1 1
1675 155 1 5 1 1
96 225 0 5 1 0
339 225 1 4 1 1
582 225 0 4 1 0
825 225 1 10 1 1
1068 225 1 0 1 1
1311 225 0 1 1 0
1554 225 0 2 1 0
217 295 1 4 1 1
460 295 1 3 1 1
703 295 1 0 1 1
946 295 1 0 1 1
1189 295 0 1 1 0
1432 295 1 7 1 1
1675 295 0 7 1 0
96 365 0 8 1 0
339 365 1 11 1 1
582 365 0 4 1 0
825 365 1 0 1 1
1068 365 0 6 1 0
1311 365 1 1 1 1
1554 365 1 14 1 1
217 435 0 8 1 0
460 435 1 11 1 1
703 435 1 0 1 1
946 435 1 12 1 1
1189 435 1 1 1 1
1432 435 1 14 1 1
1675 435 0 1 1 0
96 505 1 9 1 1
339 505 0 3 1 0
582 505 1 0 1 1
825 505 1 3 1 1
1068 505 1 1 1 1
1311 505 0 10 1 0
1554 505 0 6 1 0
217 575 1 9 1 1
460 575 0 9 1 0
703 575 0 5 1 0
946 575 0 6 1 0
1189 575 1 1 1 1
1432 575 1 17 1 1
1675 575 1 6 1 1
96 645 1 9 1 1
339 645 0 3 1 0
582 645 1 15 1 1
825 645 1 3 1 1
1068 645 1 8 1 1
1311 645 0 8 1 0
1554 645 1 6 1 1
217 715 1 13 1 1
460 715 1 3 1 1
703 715 0 5 1 0
946 715 0 6 1 0
1189 715 0 2 1 0
1432 715 1 2 1 1
1675 715 1 6 1 1
96 785 1 9 1 1
339 785 0 1 1 0
582 785 1 11 1 1
825 785 0 5 1 0
1068 785 1 0 1 1
1311 785 1 0 1 1
1554 785 1 2 1 1
217 855 0 3 1 0
460 855 1 1 1 1
703 855 1 11 1 1
946 855 1 16 1 1
1189 855 1 0 1 1
1432 855 1 2 1 1
1675 855 0 0 1 0
0 3 10 0 0 0 0
4 10
4 9
5 9
2 4 10 0 0 0 0
4 4
4 5
4 6
5 3
2 3 10 0 0 0 0
5 10
5 8
6 9
2 2 10 0 0 0 0
3 7
3 5
2 3 10 0 0 0 0
0 0
0 2
1 1
2 1 10 0 0 0 0
6 0
10 3 20 0 0 0 0
6 6
6 7
6 8
10 2 20 0 0 0 0
5 0
5 2
10 1 20 0 0 0 0
4 7
10 3 20 0 0 0 0
0 5
0 6
0 7
10 2 20 0 0 0 0
2 0
3 1
10 2 20 0 0 0 0
2 10
2 9
10 1 20 0 0 0 0
3 4
10 1 20 0 0 0 0
0 8
10 2 20 0 0 0 0
6 3
5 4
10 1 20 0 0 0 0
2 7
10 1 20 0 0 0 0
3 10
10 1 20 0 0 0 0
5 6
0
0 1 10 -1 -1 1
0 0 10 -1 -1 1
0
