arya                            
8 50 20 10 0 1
7 10 64 113 1 1 10
185 183 1 0 0 0
428 183 1 0 0 0
671 183 0 0 0 0
914 183 0 0 0 0
1157 183 0 0 0 0
1400 183 0 0 0 0
1643 183 0 0 0 0
64 253 1 0 0 0
307 253 0 0 0 0
550 253 0 0 0 0
793 253 0 0 0 0
1036 253 1 8 0 1
1279 253 0 0 0 0
1522 253 1 2 1 1
185 323 0 0 0 0
428 323 0 0 0 0
671 323 0 0 0 0
914 323 1 8 1 1
1157 323 1 0 0 0
1400 323 0 0 0 0
1643 323 0 0 0 0
64 393 0 0 0 0
307 393 0 0 0 0
550 393 1 1 0 1
793 393 0 0 0 0
1036 393 0 0 0 0
1279 393 0 0 0 0
1522 393 1 0 0 1
185 463 1 6 0 1
428 463 1 5 1 1
671 463 1 1 1 1
914 463 0 0 0 0
1157 463 1 4 0 1
1400 463 1 0 0 1
1643 463 1 0 0 1
64 533 1 6 1 1
307 533 1 5 0 1
550 533 1 1 0 1
793 533 0 0 0 0
1036 533 0 0 0 0
1279 533 1 4 1 1
1522 533 1 0 1 1
185 603 1 6 0 1
428 603 1 3 0 1
671 603 0 0 0 0
914 603 0 0 0 0
1157 603 1 4 0 1
1400 603 0 0 0 0
1643 603 1 0 0 1
64 673 0 0 0 0
307 673 0 0 0 0
550 673 1 3 1 1
793 673 1 7 1 1
1036 673 0 0 0 0
1279 673 0 0 0 0
1522 673 1 0 0 1
185 743 0 0 0 0
428 743 1 3 0 1
671 743 0 0 0 0
914 743 1 7 0 1
1157 743 0 0 0 0
1400 743 1 9 0 1
1643 743 0 0 0 0
64 813 1 0 0 0
307 813 1 0 0 0
550 813 1 3 0 1
793 813 0 0 0 0
1036 813 0 0 0 0
1279 813 0 0 0 0
1522 813 1 9 1 1
0 6 3 0 27 0 1
6 5
6 6
6 4
6 7
6 3
5 4
1623 333 1623 303 0 1 1 1644495583 187535 0.000000 0 2
1583 333 1583 303 0 1 1 1644495583 187535 0.000000 0 2
1543 333 1543 303 0 1 1 1644495583 187535 0.000000 0 2
1623 333 1623 303 0 1 1 1644495583 187535 180000.000000 0 2
1583 333 1583 303 0 1 1 1644495583 187535 180000.000000 0 2
1543 333 1543 303 0 1 1 1644495583 187535 180000.000000 0 2
1623 333 1623 303 0 1 1 1644495583 187535 360000.000000 0 2
1583 333 1583 303 0 1 1 1644495583 187535 360000.000000 0 2
1543 333 1543 303 0 1 1 1644495583 187535 360000.000000 0 2
1623 333 1623 303 0 1 1 1644495583 187535 540000.000000 0 2
1583 333 1583 303 0 1 1 1644495583 187535 540000.000000 0 2
1543 333 1543 303 0 1 1 1644495583 187535 540000.000000 0 2
1623 333 1623 303 0 1 1 1644495583 187535 720000.000000 0 2
1583 333 1583 303 0 1 1 1644495583 187535 720000.000000 0 2
1543 333 1543 303 0 1 1 1644495583 187536 720000.000000 0 2
1623 333 1623 303 0 1 1 1644495583 187536 900000.000000 0 2
1583 333 1583 303 0 1 1 1644495583 187536 900000.000000 0 2
1543 333 1543 303 0 1 1 1644495583 187536 900000.000000 0 2
1623 333 1623 303 0 1 1 1644495583 187536 1080000.000000 0 2
1583 333 1583 303 0 1 1 1644495583 187536 1080000.000000 0 2
1543 333 1543 303 0 1 1 1644495583 187536 1080000.000000 0 2
1623 333 1623 303 0 1 1 1644495583 187540 1260000.000000 0 2
1583 333 1583 303 0 1 1 1644495583 187540 1260000.000000 0 2
1543 333 1543 303 0 1 1 1644495583 187541 1260000.000000 0 2
1623 333 1623 303 0 1 1 1644495583 187541 1440000.000000 0 2
1583 333 1583 303 0 1 1 1644495583 187541 1440000.000000 0 2
1543 333 1543 303 0 1 1 1644495583 187541 1440000.000000 0 2
1 3 2 0 28 0 0
2 4
2 5
2 3
512 548 489 548 1 1 1 1644495580 24918 0.000000 1 5
512 513 489 513 1 1 1 1644495580 24919 0.000000 1 5
512 478 489 478 1 1 1 1644495580 24919 0.000000 1 5
512 548 489 548 1 1 1 1644495580 24919 180000.000000 1 5
512 513 489 513 1 1 1 1644495580 24919 180000.000000 1 5
512 478 489 478 1 1 1 1644495580 24919 180000.000000 1 5
512 548 489 548 1 1 1 1644495580 24919 360000.000000 1 5
512 513 489 513 1 1 1 1644495580 24919 360000.000000 1 5
512 478 489 478 1 1 1 1644495580 24919 360000.000000 1 5
512 548 489 548 1 1 1 1644495580 24919 540000.000000 1 5
512 513 489 513 1 1 1 1644495580 24919 540000.000000 1 5
512 478 489 478 1 1 1 1644495580 24919 540000.000000 1 5
512 548 489 548 1 1 1 1644495580 24919 720000.000000 1 5
512 513 489 513 1 1 1 1644495580 24919 720000.000000 1 5
512 478 489 478 1 1 1 1644495580 24919 720000.000000 1 5
512 548 489 548 1 1 1 1644495580 24919 900000.000000 1 5
512 513 489 513 1 1 1 1644495580 24919 900000.000000 1 5
512 478 489 478 1 1 1 1644495580 24919 900000.000000 1 5
512 548 489 548 1 1 1 1644495580 24919 1080000.000000 1 5
512 513 489 513 1 1 1 1644495580 24919 1080000.000000 1 5
512 478 489 478 1 1 1 1644495580 24919 1080000.000000 1 5
512 548 489 548 1 1 1 1614495580 24919 1260000.000000 1 5
512 513 489 513 1 1 1 1614495580 24919 1260000.000000 1 5
512 478 489 478 1 1 1 1614495580 24920 1260000.000000 1 5
1430 602 1581 618 1 0 1 1644495584 36488 0.000000 1 0
1432 567 1583 583 1 0 1 1644495584 36488 0.000000 1 0
1434 532 1585 548 1 0 1 1644495584 36488 0.000000 1 0
1380 597 1581 618 1 0 1 1644495584 36488 180000.000000 1 0
0 1 8 0 0 0 0
6 1
10 4 20 0 0 0 0
2 7
2 9
1 8
1 6
10 3 20 0 0 0 0
5 5
4 6
4 4
1 2 0 0 9 0 0
1 4
1 5
1187 578 1581 618 1 0 1 1644495584 36488 0.000000 5 0
1189 543 1583 583 1 0 1 1644495584 36488 0.000000 5 0
1191 508 1585 548 1 0 1 1644495584 36488 0.000000 5 0
1137 573 1581 618 1 0 1 1644495584 36488 180000.000000 5 0
1139 538 1583 583 1 0 1 1644495584 36489 180000.000000 5 0
1141 503 1585 548 1 0 1 1644495584 36489 180000.000000 5 0
1087 568 1581 618 1 0 1 1644495584 36493 360000.000000 5 0
156 576 125 583 1 1 1 1644495585 23195 0.000000 5 6
384 494 119 548 1 0 1 1644495586 42701 0.000000 5 6
10 3 19 0 0 0 1
0 5
0 6
0 4
10 2 20 0 0 0 0
3 7
3 8
10 2 20 0 0 0 0
3 2
4 1
10 2 20 0 0 0 0
6 9
5 8
4
2 737 684 0 0 0 0 0.000000 0
2 508 530 1 0 1644495581 149206 0.000000 1
2 926 413 0 0 0 0 0.000000 0
2 263 540 0 0 0 0 0.000000 0
0 1 0 -1 -1 1
0 1 10 2 1 1
0
