arya                            
8 50 20 10
7 10 38 145 4 1 13
159 215 1 6 1 1
402 215 0 4 1 0
645 215 1 8 0 1
888 215 0 3 1 0
1131 215 1 7 1 1
1374 215 1 4 1 1
1617 215 0 9 1 0
38 285 1 6 1 1
281 285 1 6 1 1
524 285 1 12 1 1
767 285 1 8 1 1
1010 285 0 3 1 0
1253 285 1 7 1 1
1496 285 1 4 1 1
159 355 0 5 1 0
402 355 1 12 1 1
645 355 0 2 1 0
888 355 1 8 1 1
1131 355 1 7 0 1
1374 355 0 0 1 0
1617 355 1 4 1 1
38 425 0 5 1 0
281 425 0 6 1 0
524 425 1 5 1 1
767 425 1 5 0 1
1010 425 0 6 1 0
1253 425 1 1 1 1
1496 425 1 4 1 1
159 495 0 5 1 0
402 495 0 7 0 0
645 495 1 5 1 1
888 495 1 9 1 1
1131 495 1 1 1 1
1374 495 0 0 1 0
1617 495 1 3 0 0
38 565 0 4 1 0
281 565 1 2 1 1
524 565 0 2 1 0
767 565 0 3 1 0
1010 565 1 9 1 1
1253 565 1 1 1 1
1496 565 1 3 1 0
159 635 1 2 0 1
402 635 1 2 0 1
645 635 0 6 1 0
888 635 1 9 1 1
1131 635 0 0 1 0
1374 635 1 1 0 1
1617 635 0 4 0 0
38 705 1 10 1 1
281 705 1 2 1 1
524 705 1 0 1 1
767 705 1 9 1 1
1010 705 0 0 1 0
1253 705 0 11 1 0
1496 705 0 2 1 0
159 775 0 1 1 0
402 775 0 1 1 0
645 775 1 0 0 1
888 775 0 3 0 0
1131 775 0 0 1 0
1374 775 1 0 0 0
1617 775 1 11 1 1
38 845 1 10 1 1
281 845 1 2 1 1
524 845 1 0 1 1
767 845 0 3 0 0
1010 845 1 3 1 1
1253 845 1 5 1 0
1496 845 0 0 0 0
0 3 10 0 0 0
2 9
2 8
2 7
2 4 10 0 0 0
5 5
5 6
5 3
4 4
3 5 10 0 0 0
1 7
1 6
1 9
1 5
0 6
1 1 10 0 0 0
4 9
4 4 10 0 0 0
6 1
6 2
6 3
5 0
10 3 20 0 0 0
2 4
2 3
3 3
10 3 20 0 0 0
0 0
0 1
1 1
10 3 20 0 0 0
4 0
4 2
5 1
10 3 20 0 0 0
3 1
3 2
2 0
10 4 20 0 0 0
3 6
3 7
3 4
4 5
10 2 20 0 0 0
0 9
0 7
10 1 20 0 0 0
6 8
10 2 20 0 0 0
2 1
1 2
0
0 10 -1 1
0 10 -1 1
0 10 -1 1
0 10 -1 1
0 10 -1 1
0
