arya                            
6 50 20 10
7 10 62 154 4 1 11
183 224 0 10 1 0
426 224 1 0 1 1
669 224 1 0 0 0
912 224 1 1 1 1
1155 224 1 0 0 0
1398 224 1 9 0 1
1641 224 0 8 1 0
62 294 1 8 1 1
305 294 1 0 0 1
548 294 1 0 0 1
791 294 0 0 0 0
1034 294 1 1 0 1
1277 294 0 0 0 0
1520 294 1 9 1 1
183 364 1 3 0 1
426 364 0 0 0 0
669 364 0 0 0 0
912 364 1 1 1 1
1155 364 0 0 0 0
1398 364 0 4 1 0
1641 364 0 0 0 0
62 434 1 3 0 1
305 434 0 2 0 0
548 434 1 0 0 0
791 434 1 1 0 1
1034 434 0 0 0 0
1277 434 0 0 0 0
1520 434 1 2 0 1
183 504 1 3 1 1
426 504 1 0 0 0
669 504 1 3 0 0
912 504 1 1 0 1
1155 504 0 0 0 0
1398 504 0 0 0 0
1641 504 0 5 1 0
62 574 0 0 0 0
305 574 1 3 0 1
548 574 0 0 0 0
791 574 1 3 0 0
1034 574 1 7 1 0
1277 574 1 10 1 1
1520 574 1 2 1 1
183 644 0 0 0 0
426 644 1 6 0 1
669 644 0 3 1 0
912 644 0 0 0 0
1155 644 1 10 0 1
1398 644 0 6 1 0
1641 644 1 2 0 1
62 714 1 0 0 0
305 714 1 4 0 1
548 714 1 6 1 1
791 714 1 5 0 1
1034 714 1 0 0 0
1277 714 1 10 0 1
1520 714 0 0 0 0
183 784 0 0 0 0
426 784 1 4 1 1
669 784 1 5 0 1
912 784 1 5 0 1
1155 784 0 0 0 0
1398 784 0 6 0 0
1641 784 1 7 1 1
62 854 1 0 0 0
305 854 1 4 1 1
548 854 1 6 0 1
791 854 1 5 1 1
1034 854 0 1 1 0
1277 854 0 0 0 0
1520 854 0 0 0 0
0 3 10 0 0 0
1 0
1 1
2 1
2 5 10 0 0 0
3 2
3 3
3 4
3 0
4 1
3 3 10 0 0 0
6 5
6 6
6 3
4 4 10 0 0 0
0 4
0 3
0 2
1 5
1 3 10 0 0 0
1 9
1 8
1 7
10 4 20 0 0 0
3 9
3 8
3 7
2 8
10 3 20 0 0 0
2 7
2 9
1 6
10 1 20 0 0 0
6 8
10 1 20 0 0 0
0 1
10 2 20 0 0 0
6 1
5 0
10 3 20 0 0 0
5 5
5 7
4 6
1
0 812 653 1 0 1644329604 403331 0.000000 3
0 10 -1 1
0 10 -1 1
0 10 -1 1
0 10 -1 1
0 10 -1 1
140
1064 655 1089 653 1 1 1 1644329565 49462 0.000000 3 7
1058 620 1083 618 1 1 1 1644329565 49463 0.000000 3 7
1052 585 1077 583 1 1 1 1644329565 49463 0.000000 3 7
1064 655 1089 653 1 1 1 1644329565 49463 180000.000000 3 7
1058 620 1083 618 1 1 1 1644329565 49463 180000.000000 3 7
1052 585 1077 583 1 1 1 1644329565 49463 180000.000000 3 7
1064 655 1089 653 1 1 1 1644329565 49463 360000.000000 3 7
1058 620 1083 618 1 1 1 1644329565 49463 360000.000000 3 7
1052 585 1077 583 1 1 1 1644329565 49463 360000.000000 3 7
1064 655 1089 653 1 1 1 1644329565 49463 540000.000000 3 7
1058 620 1083 618 1 1 1 1644329565 49463 540000.000000 3 7
1052 585 1077 583 1 1 1 1644329565 49463 540000.000000 3 7
1064 655 1089 653 1 1 1 1644329565 49464 720000.000000 3 7
1058 620 1083 618 1 1 1 1644329565 49464 720000.000000 3 7
1052 585 1077 583 1 1 1 1644329565 49464 720000.000000 3 7
1064 655 1089 653 1 1 1 1644329565 49464 900000.000000 3 7
1058 620 1083 618 1 1 1 1644329565 49464 900000.000000 3 7
1052 585 1077 583 1 1 1 1644329565 49464 900000.000000 3 7
1064 655 1089 653 1 1 1 1644329565 49464 1080000.000000 3 7
1058 620 1083 618 1 1 1 1644329565 49464 1080000.000000 3 7
1052 585 1077 583 1 1 1 1644329565 49464 1080000.000000 3 7
1064 655 1089 653 1 1 1 1644329565 49464 1260000.000000 3 7
1058 620 1083 618 1 1 1 1644329565 49464 1260000.000000 3 7
1052 585 1077 583 1 1 1 1644329565 49464 1260000.000000 3 7
871 667 1460 443 1 1 1 1644329567 451065 0.000000 3 4
748 676 1447 408 1 1 1 1644329567 451065 0.000000 3 4
1445 735 1467 723 2 1 1 1644329565 49447 0.000000 1 6
1425 700 1447 688 2 1 1 1644329565 49447 0.000000 1 6
1405 665 1427 653 2 1 1 1644329565 49456 0.000000 1 6
1445 735 1467 723 2 1 1 1644329565 49456 180000.000000 1 6
1425 700 1447 688 2 1 1 1644329565 49456 180000.000000 1 6
1405 665 1427 653 2 1 1 1644329565 49456 180000.000000 1 6
1445 735 1467 723 2 1 1 1644329565 49457 360000.000000 1 6
1425 700 1447 688 2 1 1 1644329565 49457 360000.000000 1 6
1405 665 1427 653 2 1 1 1644329565 49457 360000.000000 1 6
1445 735 1467 723 2 1 1 1644329565 49457 540000.000000 1 6
1425 700 1447 688 2 1 1 1644329565 49457 540000.000000 1 6
1405 665 1427 653 2 1 1 1644329565 49457 540000.000000 1 6
1445 735 1467 723 2 1 1 1644329565 49457 720000.000000 1 6
1425 700 1447 688 2 1 1 1644329565 49457 720000.000000 1 6
1405 665 1427 653 2 1 1 1644329565 49457 720000.000000 1 6
1445 735 1467 723 2 1 1 1644329565 49457 900000.000000 1 6
1425 700 1447 688 2 1 1 1644329565 49457 900000.000000 1 6
1405 665 1427 653 2 1 1 1644329565 49457 900000.000000 1 6
1445 735 1467 723 2 1 1 1644329565 49457 1080000.000000 1 6
1425 700 1447 688 2 1 1 1644329565 49458 1080000.000000 1 6
1405 665 1427 653 2 1 1 1644329565 49458 1080000.000000 1 6
1445 735 1467 723 2 1 1 1644329565 49458 1260000.000000 1 6
1425 700 1447 688 2 1 1 1644329565 49458 1260000.000000 1 6
1405 665 1427 653 2 1 1 1644329565 49458 1260000.000000 1 6
724 733 698 723 2 1 1 1644329567 585690 0.000000 1 3
744 698 718 688 2 1 1 1644329567 585690 0.000000 1 3
818 739 246 513 2 1 1 1644329568 61480 0.000000 1 2
961 885 218 583 4 1 1 1644329570 35167 0.000000 1 2
986 882 1063 933 2 1 1 1644329570 67956 0.000000 3 1
1006 847 1083 898 2 1 1 1644329570 67956 0.000000 3 1
1017 807 1103 863 2 1 1 1644329571 93628 0.000000 3 1
842 802 1063 933 2 1 1 1644329572 58710 0.000000 3 1
1050 649 1081 653 3 1 1 1644329565 49458 0.000000 2 7
1052 614 1083 618 3 1 1 1644329565 49459 0.000000 2 7
1054 579 1085 583 3 1 1 1644329565 49459 0.000000 2 7
1050 649 1081 653 3 1 1 1644329565 49459 180000.000000 2 7
1052 614 1083 618 3 1 1 1644329565 49459 180000.000000 2 7
1054 579 1085 583 3 1 1 1644329565 49459 180000.000000 2 7
1050 649 1081 653 3 1 1 1644329565 49459 360000.000000 2 7
1052 614 1083 618 3 1 1 1644329565 49459 360000.000000 2 7
1054 579 1085 583 3 1 1 1644329565 49459 360000.000000 2 7
920 636 1081 653 3 1 1 1644329565 49459 540000.000000 2 7
1052 614 1083 618 3 1 1 1644329565 49459 540000.000000 2 7
1054 579 1085 583 3 1 1 1644329565 49459 540000.000000 2 7
760 620 1081 653 3 1 1 1644329565 49459 720000.000000 2 7
1052 614 1083 618 3 1 1 1644329565 49459 720000.000000 2 7
1054 579 1085 583 3 1 1 1644329565 49460 720000.000000 2 7
1050 649 1081 653 3 1 1 1644329565 49460 900000.000000 2 7
1052 614 1083 618 3 1 1 1644329565 49460 900000.000000 2 7
1054 579 1085 583 3 1 1 1644329565 49460 900000.000000 2 7
1050 649 1081 653 3 1 1 1644329565 49460 1080000.000000 2 7
1052 614 1083 618 3 1 1 1644329565 49460 1080000.000000 2 7
1054 579 1085 583 3 1 1 1644329565 49460 1080000.000000 2 7
1050 649 1081 653 3 1 1 1644329565 49460 1260000.000000 2 7
1052 614 1083 618 3 1 1 1644329565 49460 1260000.000000 2 7
1054 579 1085 583 3 1 1 1644329565 49460 1260000.000000 2 7
912 851 1069 933 3 1 1 1644329568 26957 0.000000 2 1
1061 883 1083 898 3 1 1 1644329568 26957 0.000000 2 1
1075 848 1097 863 3 1 1 1644329568 96449 0.000000 2 1
1047 918 1069 933 3 1 1 1644329569 48992 0.000000 2 1
1061 883 1083 898 3 1 1 1644329570 35166 0.000000 2 1
702 640 728 653 3 1 1 1644329571 60761 0.000000 2 3
672 706 708 723 3 1 1 1644329572 58711 0.000000 2 3
302 534 1447 408 3 1 1 1644329573 49022 0.000000 2 4
1651 568 1670 583 4 1 1 1644329565 49465 0.000000 4 5
1671 533 1690 548 4 1 1 1644329565 49465 0.000000 4 5
1691 498 1710 513 4 1 1 1644329565 49465 0.000000 4 5
1651 568 1670 583 4 1 1 1644329565 49465 180000.000000 4 5
1671 533 1690 548 4 1 1 1644329565 49465 180000.000000 4 5
1691 498 1710 513 4 1 1 1644329565 49465 180000.000000 4 5
1651 568 1670 583 4 1 1 1644329565 49467 360000.000000 4 5
1671 533 1690 548 4 1 1 1644329565 49467 360000.000000 4 5
1691 498 1710 513 4 1 1 1644329565 49467 360000.000000 4 5
1651 568 1670 583 4 1 1 1644329565 49467 540000.000000 4 5
1671 533 1690 548 4 1 1 1644329565 49467 540000.000000 4 5
1691 498 1710 513 4 1 1 1644329565 49467 540000.000000 4 5
1651 568 1670 583 4 1 1 1644329565 49467 720000.000000 4 5
1671 533 1690 548 4 1 1 1644329565 49467 720000.000000 4 5
1691 498 1710 513 4 1 1 1644329565 49467 720000.000000 4 5
1651 568 1670 583 4 1 1 1644329565 49467 900000.000000 4 5
1671 533 1690 548 4 1 1 1644329565 49468 900000.000000 4 5
1691 498 1710 513 4 1 1 1644329565 49468 900000.000000 4 5
1651 568 1670 583 4 1 1 1644329565 49468 1080000.000000 4 5
1671 533 1690 548 4 1 1 1644329565 49468 1080000.000000 4 5
1691 498 1710 513 4 1 1 1644329565 49468 1080000.000000 4 5
1651 568 1670 583 4 1 1 1644329565 49468 1260000.000000 4 5
1671 533 1690 548 4 1 1 1644329565 49468 1260000.000000 4 5
1691 498 1710 513 4 1 1 1644329565 49468 1260000.000000 4 5
1138 913 1123 933 4 1 1 1644329567 142549 0.000000 4 1
1098 878 1083 898 4 1 1 1644329567 142550 0.000000 4 1
345 495 228 513 4 1 1 1644329569 82035 0.000000 4 2
263 577 236 583 4 1 1 1644329569 82035 0.000000 4 2
259 542 232 548 4 1 1 1644329570 35168 0.000000 4 2
1064 835 1043 863 4 1 1 1644329571 60762 0.000000 4 1
1138 913 1123 933 4 1 1 1644329572 58712 0.000000 4 1
1272 646 1083 898 4 1 1 1644329573 49023 0.000000 4 1
1286 539 1043 863 4 1 1 1644329574 36089 0.000000 4 1
1354 625 1123 933 4 1 1 1644329575 55811 0.000000 4 1
588 715 1069 933 4 1 1 1644329574 36088 0.000000 2 1
402 600 1083 898 4 1 1 1644329574 544931 0.000000 2 1
606 641 1097 863 4 1 1 1644329575 55811 0.000000 2 1
498 679 1069 933 4 1 1 1644329576 42645 0.000000 2 1
482 632 1083 898 4 1 1 1644329577 63493 0.000000 2 1
386 555 1097 863 4 1 1 1644329578 49101 0.000000 2 1
308 610 1069 933 4 1 1 1644329579 36995 0.000000 2 1
242 551 1083 898 4 1 1 1644329580 53940 0.000000 2 1
1460 609 1087 653 4 1 1 1644329567 279405 0.000000 5 7
1303 591 1083 618 4 1 1 1644329567 279406 0.000000 5 7
1263 560 1079 583 4 1 1 1644329567 279406 0.000000 5 7
1298 627 1087 653 4 1 1 1644329567 279406 180000.000000 5 7
1281 688 228 583 2 1 1 1644329568 131027 0.000000 6 2
1285 653 232 548 2 1 1 1644329568 131028 0.000000 6 2
1451 653 236 513 2 1 1 1644329568 131028 0.000000 6 2
1281 688 228 583 2 1 1 1644329568 131028 180000.000000 6 2
