arya                            
6 50 20 10
7 10 50 148 4 1 11
171 218 1 10 1 1
414 218 0 0 0 0
657 218 1 0 0 0
900 218 1 9 1 1
1143 218 0 0 0 0
1386 218 0 0 0 0
1629 218 1 8 1 1
50 288 0 0 0 0
293 288 0 0 0 0
536 288 1 0 0 0
779 288 0 0 0 0
1022 288 1 9 0 1
1265 288 0 0 0 0
1508 288 0 0 0 0
171 358 1 2 0 1
414 358 0 0 0 0
657 358 0 0 0 0
900 358 0 0 0 0
1143 358 1 0 0 0
1386 358 1 4 1 1
1629 358 0 0 0 0
50 428 1 2 0 1
293 428 1 2 0 1
536 428 0 0 0 0
779 428 1 0 0 0
1022 428 0 0 0 0
1265 428 0 0 0 0
1508 428 1 4 0 1
171 498 1 2 1 1
414 498 0 0 0 0
657 498 1 3 0 1
900 498 0 0 0 0
1143 498 0 0 0 0
1386 498 0 0 0 0
1629 498 1 5 1 1
50 568 0 0 0 0
293 568 1 2 0 1
536 568 0 0 0 0
779 568 1 3 0 1
1022 568 1 7 1 1
1265 568 0 0 0 0
1508 568 1 5 0 1
171 638 0 0 0 0
414 638 0 0 0 0
657 638 1 3 1 1
900 638 0 0 0 0
1143 638 0 0 0 0
1386 638 1 6 1 1
1629 638 0 0 0 0
50 708 0 0 0 0
293 708 0 0 0 0
536 708 0 0 0 0
779 708 1 3 0 1
1022 708 0 0 0 0
1265 708 1 6 0 1
1508 708 0 0 0 0
171 778 0 0 0 0
414 778 1 0 1 1
657 778 0 0 0 0
900 778 0 0 0 0
1143 778 0 0 0 0
1386 778 1 6 0 1
1629 778 0 0 0 0
50 848 0 0 0 0
293 848 0 0 0 0
536 848 0 0 0 0
779 848 1 0 0 0
1022 848 1 1 1 1
1265 848 0 0 0 0
1508 848 0 0 0 0
0 1 10 0 0 0
1 8
2 1 10 0 0 0
4 9
3 5 10 0 0 0
0 4
0 3
0 2
1 5
1 3
1 4 10 0 0 0
2 6
2 4
3 7
3 5
4 2 10 0 0 0
5 2
6 3
10 2 20 0 0 0
6 4
6 5
10 3 20 0 0 0
5 6
5 7
5 8
10 1 20 0 0 0
4 5
10 1 20 0 0 0
6 0
10 2 20 0 0 0
3 0
4 1
10 1 20 0 0 0
0 0
0
0 10 -1 1
0 10 -1 1
0 10 -1 1
0 10 -1 1
0 10 -1 1
0
