arya                            
8 50 20 10 0 1
7 10 130 177 4 1 13
251 247 0 5 1 0
494 247 1 11 1 1
737 247 0 4 0 0
980 247 0 2 1 0
1223 247 1 5 0 1
1466 247 0 6 0 0
1709 247 0 2 1 0
130 317 0 9 1 0
373 317 0 5 1 0
616 317 1 11 1 1
859 317 1 10 1 1
1102 317 1 5 1 1
1345 317 1 7 1 1
1588 317 1 12 0 1
251 387 0 11 0 0
494 387 0 5 0 0
737 387 0 6 1 0
980 387 1 5 1 1
1223 387 1 5 1 1
1466 387 1 7 1 1
1709 387 1 12 1 1
130 457 1 4 1 1
373 457 0 9 1 0
616 457 1 2 1 1
859 457 0 2 0 0
1102 457 0 4 0 0
1345 457 1 7 0 1
1588 457 0 4 1 0
251 527 0 9 0 0
494 527 1 2 1 1
737 527 0 6 1 0
980 527 0 4 1 0
1223 527 0 7 1 0
1466 527 1 6 1 1
1709 527 0 4 1 0
130 597 1 4 0 1
373 597 1 2 0 1
616 597 0 7 0 0
859 597 0 0 0 0
1102 597 1 5 1 0
1345 597 0 12 1 0
1588 597 1 1 0 1
251 667 0 3 1 0
494 667 1 2 1 1
737 667 0 1 0 0
980 667 0 5 0 0
1223 667 0 5 0 0
1466 667 1 6 1 1
1709 667 1 1 1 1
130 737 1 8 0 1
373 737 0 2 0 0
616 737 1 3 1 1
859 737 0 1 0 0
1102 737 1 5 0 0
1345 737 0 11 0 0
1588 737 0 0 1 0
251 807 1 8 0 1
494 807 0 3 0 0
737 807 0 1 1 0
980 807 0 8 1 0
1223 807 1 9 1 1
1466 807 1 0 0 1
1709 807 0 0 1 0
130 877 1 8 1 1
373 877 0 10 0 0
616 877 1 3 1 1
859 877 1 1 1 0
1102 877 1 5 0 0
1345 877 1 9 1 1
1588 877 1 0 1 1
0 2 10 0 0 0 0
6 9
5 8
1 2 10 0 0 0 0
6 6
6 5
2 4 10 0 0 0 0
1 4
1 5
1 6
2 3
3 2 10 0 0 0 0
2 7
2 9
4 2 10 0 0 0 0
0 3
0 5
10 4 20 0 0 0 0
4 1
4 2
4 0
3 2
10 2 20 0 0 0 0
5 6
5 4
10 3 20 0 0 0 0
5 1
5 2
5 3
10 3 20 0 0 0 0
0 9
0 8
0 7
10 2 20 0 0 0 0
5 9
4 8
10 1 20 0 0 0 0
3 1
10 2 20 0 0 0 0
2 1
1 0
10 2 20 0 0 0 0
6 2
6 1
0
0 1 10 -1 -1 1
0 1 10 -1 -1 1
0 1 10 -1 -1 1
0 1 10 -1 -1 1
0 1 10 -1 -1 1
0
