4
1
13
0 35 0 0 0 0
121 35 1 4 1 1
243 35 1 0 1 1
364 35 1 0 0 0
486 35 0 0 0 0
607 35 1 0 0 0
729 35 1 0 0 0
850 35 0 0 0 0
972 35 1 0 0 0
1093 35 0 0 0 0
1215 35 1 0 0 0
1336 35 1 0 0 0
1458 35 0 0 0 0
1579 35 1 0 0 0
1701 35 1 0 0 0
1822 35 0 0 0 0
-61 70 0 0 0 0
60 70 0 0 0 0
181 70 0 0 0 0
303 70 1 0 0 1
424 70 1 11 0 1
546 70 0 0 0 0
667 70 1 0 0 0
789 70 0 0 0 0
910 70 0 0 0 0
1032 70 0 0 0 0
1153 70 1 0 0 0
1275 70 1 0 0 0
1396 70 0 0 0 0
1518 70 0 0 0 0
1639 70 1 0 0 0
1761 70 1 0 0 0
0 105 1 5 1 1
121 105 1 4 0 1
243 105 0 0 0 0
364 105 0 0 0 0
486 105 1 11 1 1
607 105 0 0 0 0
729 105 1 0 0 0
850 105 0 0 0 0
972 105 0 0 0 0
1093 105 1 0 0 0
1215 105 1 0 0 0
1336 105 1 0 0 0
1458 105 0 0 0 0
1579 105 1 0 0 0
1701 105 0 0 0 0
1822 105 0 0 0 0
-61 140 0 0 0 0
60 140 0 0 0 0
181 140 1 0 0 0
303 140 1 0 0 0
424 140 1 10 0 1
546 140 1 11 0 1
667 140 1 1 0 1
789 140 1 0 0 0
910 140 1 0 0 0
1032 140 1 0 0 0
1153 140 1 0 0 0
1275 140 0 0 0 0
1396 140 0 0 0 0
1518 140 1 0 0 0
1639 140 0 0 0 0
1761 140 1 0 0 0
0 175 0 0 0 0
121 175 1 0 0 0
243 175 0 0 0 0
364 175 1 0 0 0
486 175 0 0 0 0
607 175 1 0 0 0
729 175 1 1 0 1
850 175 1 0 0 0
972 175 0 0 0 0
1093 175 0 0 0 0
1215 175 0 0 0 0
1336 175 1 0 0 0
1458 175 1 0 0 0
1579 175 1 0 0 0
1701 175 0 0 0 0
1822 175 0 0 0 0
-61 210 0 0 0 0
60 210 0 0 0 0
181 210 1 0 0 0
303 210 0 0 0 0
424 210 1 10 1 1
546 210 0 0 0 0
667 210 1 1 1 1
789 210 0 0 0 0
910 210 1 0 0 0
1032 210 0 0 0 0
1153 210 1 0 0 0
1275 210 0 0 0 0
1396 210 0 0 0 0
1518 210 1 0 0 0
1639 210 1 2 0 1
1761 210 0 0 0 0
0 245 0 0 0 0
121 245 0 0 0 0
243 245 0 0 0 0
364 245 0 0 0 0
486 245 1 10 0 1
607 245 0 0 0 0
729 245 0 0 0 0
850 245 0 0 0 0
972 245 1 0 0 0
1093 245 0 0 0 0
1215 245 0 0 0 0
1336 245 0 0 0 0
1458 245 1 0 0 0
1579 245 0 0 0 0
1701 245 1 2 0 1
1822 245 0 0 0 0
-61 280 0 0 0 0
60 280 1 0 0 0
181 280 0 0 0 0
303 280 0 0 0 0
424 280 1 10 0 1
546 280 1 0 0 0
667 280 0 0 0 0
789 280 0 0 0 0
910 280 1 0 0 0
1032 280 0 0 0 0
1153 280 0 0 0 0
1275 280 0 0 0 0
1396 280 0 0 0 0
1518 280 0 0 0 0
1639 280 1 2 1 1
1761 280 0 0 0 0
0 315 1 0 0 0
121 315 1 0 0 0
243 315 0 0 0 0
364 315 1 0 0 0
486 315 1 0 0 0
607 315 1 0 0 0
729 315 1 0 0 0
850 315 1 0 0 0
972 315 1 0 0 0
1093 315 0 0 0 0
1215 315 1 0 0 0
1336 315 0 0 0 0
1458 315 0 0 0 0
1579 315 0 0 0 0
1701 315 0 0 0 0
1822 315 0 0 0 0
-61 350 0 0 0 0
60 350 1 0 0 0
181 350 0 0 0 0
303 350 0 0 0 0
424 350 1 6 0 1
546 350 1 0 0 0
667 350 1 0 0 0
789 350 0 0 0 0
910 350 0 0 0 0
1032 350 0 0 0 0
1153 350 0 0 0 0
1275 350 0 0 0 0
1396 350 0 0 0 0
1518 350 0 0 0 0
1639 350 1 2 0 1
1761 350 1 0 0 0
0 385 0 0 0 0
121 385 0 0 0 0
243 385 0 0 0 0
364 385 0 0 0 0
486 385 1 6 0 1
607 385 1 0 0 0
729 385 1 0 0 0
850 385 0 0 0 0
972 385 1 0 0 0
1093 385 1 0 0 0
1215 385 0 0 0 0
1336 385 0 0 0 0
1458 385 1 0 0 0
1579 385 1 0 0 0
1701 385 1 0 0 0
1822 385 0 0 0 0
-61 420 0 0 0 0
60 420 1 0 0 0
181 420 0 0 0 0
303 420 1 0 0 0
424 420 1 6 1 1
546 420 0 0 0 0
667 420 0 0 0 0
789 420 0 0 0 0
910 420 0 0 0 0
1032 420 0 0 0 0
1153 420 0 0 0 0
1275 420 0 0 0 0
1396 420 1 0 0 0
1518 420 0 0 0 0
1639 420 0 0 0 0
1761 420 0 0 0 0
0 455 1 0 0 0
121 455 1 0 0 0
243 455 0 0 0 0
364 455 1 6 0 1
486 455 1 6 0 1
607 455 1 0 0 0
729 455 0 0 0 0
850 455 1 0 0 0
972 455 1 0 0 0
1093 455 1 0 0 0
1215 455 0 0 0 0
1336 455 1 0 0 0
1458 455 0 0 0 0
1579 455 1 0 0 0
1701 455 0 0 0 0
1822 455 0 0 0 0
-61 490 0 0 0 0
60 490 1 0 0 0
181 490 0 0 0 0
303 490 1 0 0 0
424 490 0 0 0 0
546 490 1 0 0 0
667 490 1 0 0 0
789 490 0 0 0 0
910 490 1 0 0 0
1032 490 1 0 0 0
1153 490 1 0 0 0
1275 490 1 3 0 1
1396 490 1 0 0 0
1518 490 0 0 0 0
1639 490 1 0 0 0
1761 490 1 7 1 1
0 525 0 0 0 0
121 525 0 0 0 0
243 525 0 0 0 0
364 525 0 0 0 0
486 525 1 0 0 0
607 525 0 0 0 0
729 525 1 0 0 0
850 525 1 0 0 0
972 525 1 0 0 0
1093 525 0 0 0 0
1215 525 1 0 0 0
1336 525 1 3 0 1
1458 525 1 0 0 0
1579 525 1 0 0 0
1701 525 0 0 0 0
1822 525 0 0 0 0
-61 560 0 0 0 0
60 560 0 0 0 0
181 560 0 0 0 0
303 560 0 0 0 0
424 560 1 0 0 0
546 560 0 0 0 0
667 560 1 0 0 0
789 560 0 0 0 0
910 560 0 0 0 0
1032 560 0 0 0 0
1153 560 1 0 0 0
1275 560 1 3 1 1
1396 560 1 0 0 0
1518 560 0 0 0 0
1639 560 1 0 0 0
1761 560 0 0 0 0
0 595 1 0 0 0
121 595 1 0 0 0
243 595 0 0 0 0
364 595 0 0 0 0
486 595 1 0 0 0
607 595 1 0 0 0
729 595 0 0 0 0
850 595 0 0 0 0
972 595 0 0 0 0
1093 595 1 0 0 0
1215 595 0 0 0 0
1336 595 1 3 0 1
1458 595 0 0 0 0
1579 595 0 0 0 0
1701 595 0 0 0 0
1822 595 0 0 0 0
-61 630 0 0 0 0
60 630 0 0 0 0
181 630 0 0 0 0
303 630 0 0 0 0
424 630 0 0 0 0
546 630 1 0 0 0
667 630 0 0 0 0
789 630 1 0 0 0
910 630 1 0 0 0
1032 630 1 0 0 0
1153 630 1 0 0 0
1275 630 0 0 0 0
1396 630 0 0 0 0
1518 630 0 0 0 0
1639 630 0 0 0 0
1761 630 0 0 0 0
0 665 0 0 0 0
121 665 1 0 0 0
243 665 1 8 1 1
364 665 0 0 0 0
486 665 1 0 0 0
607 665 1 0 0 0
729 665 1 0 0 0
850 665 1 0 0 0
972 665 1 0 0 0
1093 665 1 0 0 0
1215 665 0 0 0 0
1336 665 0 0 0 0
1458 665 1 0 0 0
1579 665 0 0 0 0
1701 665 0 0 0 0
1822 665 0 0 0 0
-61 700 0 0 0 0
60 700 1 0 0 0
181 700 0 0 0 0
303 700 0 0 0 0
424 700 0 0 0 0
546 700 0 0 0 0
667 700 1 0 0 0
789 700 0 0 0 0
910 700 1 0 0 0
1032 700 0 0 0 0
1153 700 1 0 0 0
1275 700 0 0 0 0
1396 700 0 0 0 0
1518 700 0 0 0 0
1639 700 0 0 0 0
1761 700 0 0 0 0
0 735 0 0 0 0
121 735 0 0 0 0
243 735 1 8 0 1
364 735 1 0 0 0
486 735 0 0 0 0
607 735 1 0 0 0
729 735 0 0 0 0
850 735 1 0 0 0
972 735 0 0 0 0
1093 735 0 0 0 0
1215 735 1 0 0 0
1336 735 1 0 0 0
1458 735 0 0 0 0
1579 735 0 0 0 0
1701 735 1 12 0 1
1822 735 0 0 0 0
-61 770 0 0 0 0
60 770 0 0 0 0
181 770 1 0 0 0
303 770 0 0 0 0
424 770 0 0 0 0
546 770 1 0 0 0
667 770 0 0 0 0
789 770 1 0 0 0
910 770 0 0 0 0
1032 770 0 0 0 0
1153 770 1 0 0 0
1275 770 1 0 0 0
1396 770 0 0 0 0
1518 770 1 0 0 0
1639 770 1 12 1 1
1761 770 1 0 0 0
0 805 1 0 0 0
121 805 1 0 0 0
243 805 1 0 0 0
364 805 0 0 0 0
486 805 1 0 0 0
607 805 0 0 0 0
729 805 1 0 0 0
850 805 1 0 0 0
972 805 1 0 0 0
1093 805 0 0 0 0
1215 805 1 0 0 0
1336 805 0 0 0 0
1458 805 1 9 0 1
1579 805 1 12 0 1
1701 805 0 0 0 0
1822 805 0 0 0 0
-61 840 0 0 0 0
60 840 0 0 0 0
181 840 1 0 0 0
303 840 0 0 0 0
424 840 0 0 0 0
546 840 1 0 0 0
667 840 1 0 0 0
789 840 1 0 0 0
910 840 0 0 0 0
1032 840 1 0 0 0
1153 840 1 0 0 0
1275 840 1 0 0 0
1396 840 1 9 1 1
1518 840 1 0 0 0
1639 840 0 0 0 0
1761 840 0 0 0 0
0 875 0 0 0 0
121 875 1 0 0 0
243 875 0 0 0 0
364 875 0 0 0 0
486 875 0 0 0 0
607 875 1 0 0 0
729 875 0 0 0 0
850 875 1 0 0 0
972 875 0 0 0 0
1093 875 1 0 0 0
1215 875 1 0 0 0
1336 875 0 0 0 0
1458 875 0 0 0 0
1579 875 0 0 0 0
1701 875 1 0 0 0
1822 875 0 0 0 0
-61 910 0 0 0 0
60 910 0 0 0 0
181 910 1 0 0 0
303 910 1 0 0 0
424 910 0 0 0 0
546 910 1 0 0 0
667 910 0 0 0 0
789 910 0 0 0 0
910 910 0 0 0 0
1032 910 1 0 0 0
1153 910 1 0 0 0
1275 910 1 0 0 0
1396 910 0 0 0 0
1518 910 0 0 0 0
1639 910 1 0 0 0
1761 910 1 0 0 0
0 945 1 0 0 0
121 945 1 0 0 0
243 945 0 0 0 0
364 945 1 0 0 0
486 945 1 0 0 0
607 945 0 0 0 0
729 945 0 0 0 0
850 945 1 0 0 0
972 945 0 0 0 0
1093 945 0 0 0 0
1215 945 1 0 0 0
1336 945 1 0 0 0
1458 945 0 0 0 0
1579 945 1 0 0 0
1701 945 0 0 0 0
1822 945 0 0 0 0

0 2 10
2 0
3 1

2 3 10
6 5
6 4
6 3

3 4 10
14 7
14 6
14 9
14 5

4 4 10
11 15
11 16
11 14
11 13

1 2 10
1 0
1 2

10 1 10
0 2

10 5 10
4 11
4 12
4 10
4 9
3 12

10 1 10
15 13

10 2 10
2 18
2 20

10 2 10
12 23
12 22

10 4 10
4 5
4 6
4 7
4 3

10 3 10
4 2
4 1
5 3

10 3 10
14 21
14 20
13 22

0 0 0

