arya                            
8 50 20 10 0 1
7 10 63 165 1 1 10
184 235 1 4 1 1
427 235 0 0 0 0
670 235 0 0 0 0
913 235 0 0 0 0
1156 235 0 0 0 0
1399 235 0 0 0 0
1642 235 1 0 0 0
63 305 1 4 0 1
306 305 0 0 0 0
549 305 0 0 0 0
792 305 1 1 0 1
1035 305 1 5 1 1
1278 305 0 0 0 0
1521 305 1 6 0 1
184 375 0 0 0 0
427 375 1 8 0 1
670 375 0 0 0 0
913 375 1 1 0 1
1156 375 0 0 0 0
1399 375 1 6 1 1
1642 375 0 0 0 0
63 445 1 7 1 1
306 445 1 8 0 1
549 445 0 0 0 0
792 445 1 1 1 1
1035 445 0 0 0 0
1278 445 0 0 0 0
1521 445 1 6 0 1
184 515 1 0 0 1
427 515 1 8 1 1
670 515 0 0 0 0
913 515 0 0 0 0
1156 515 1 0 0 0
1399 515 1 6 0 1
1642 515 0 0 0 0
63 585 0 0 0 0
306 585 1 0 0 1
549 585 1 3 0 1
792 585 1 1 0 1
1035 585 1 0 0 0
1278 585 1 2 0 1
1521 585 0 0 0 0
184 655 1 0 1 1
427 655 1 3 0 1
670 655 1 3 0 1
913 655 1 0 0 0
1156 655 0 0 0 0
1399 655 0 0 0 0
1642 655 1 0 0 0
63 725 0 0 0 0
306 725 1 0 0 1
549 725 1 3 1 1
792 725 0 0 0 0
1035 725 0 0 0 0
1278 725 1 2 1 1
1521 725 1 0 0 0
184 795 0 0 0 0
427 795 1 3 0 1
670 795 0 0 0 0
913 795 0 0 0 0
1156 795 1 2 0 1
1399 795 1 2 0 1
1642 795 0 0 0 0
63 865 0 0 0 0
306 865 0 0 0 0
549 865 1 3 0 1
792 865 0 0 0 0
1035 865 1 9 1 1
1278 865 0 0 0 0
1521 865 0 0 0 0
0 4 2 0 27 0 1
0 6
0 4
1 7
1 5
479 612 508 600 0 1 1 1644496682 972914 0.000000 0 8
459 577 488 565 0 1 1 1644496682 972914 0.000000 0 8
439 542 468 530 0 1 1 1644496682 972914 0.000000 0 8
479 612 508 600 0 1 1 1644496682 972914 180000.000000 0 8
459 577 488 565 0 1 1 1644496682 972914 180000.000000 0 8
439 542 468 530 0 1 1 1644496682 972914 180000.000000 0 8
479 612 508 600 0 1 1 1644496682 972914 360000.000000 0 8
459 577 488 565 0 1 1 1644496682 972914 360000.000000 0 8
439 542 468 530 0 1 1 1644496682 972914 360000.000000 0 8
479 612 508 600 0 1 1 1644496682 972914 540000.000000 0 8
459 577 488 565 0 1 1 1644496682 972914 540000.000000 0 8
439 542 468 530 0 1 1 1644496682 972914 540000.000000 0 8
479 612 508 600 0 1 1 1644496682 972914 720000.000000 0 8
459 577 488 565 0 1 1 1644496682 972914 720000.000000 0 8
439 542 468 530 0 1 1 1644496682 972914 720000.000000 0 8
479 612 508 600 0 1 1 1644496682 972915 900000.000000 0 8
459 577 488 565 0 1 1 1644496682 972915 900000.000000 0 8
439 542 468 530 0 1 1 1644496682 972915 900000.000000 0 8
443 630 508 600 0 0 1 1644496682 972915 1080000.000000 0 8
423 595 488 565 0 0 1 1644496682 972915 1080000.000000 0 8
403 560 468 530 0 0 1 1644496682 972915 1080000.000000 0 8
393 660 508 600 0 0 1 1644496682 972920 1260000.000000 0 8
373 625 488 565 0 0 1 1644496682 972920 1260000.000000 0 8
353 590 468 530 0 0 1 1644496682 972920 1260000.000000 0 8
353 685 508 600 0 0 1 1644496682 972920 1440000.000000 0 8
333 650 488 565 0 0 1 1644496682 972921 1440000.000000 0 8
313 615 468 530 0 0 1 1644496682 972921 1440000.000000 0 8
1 4 0 0 29 0 0
3 3
3 2
3 5
3 1
1087 402 1116 390 1 1 1 1644496679 29458 0.000000 1 5
1067 367 1096 355 1 1 1 1644496679 29458 0.000000 1 5
1047 332 1076 320 1 1 1 1644496679 29458 0.000000 1 5
1087 402 1116 390 1 1 1 1644496679 29458 180000.000000 1 5
1067 367 1096 355 1 1 1 1644496679 29458 180000.000000 1 5
1047 332 1076 320 1 1 1 1644496679 29458 180000.000000 1 5
1087 402 1116 390 1 1 1 1644496679 29459 360000.000000 1 5
1067 367 1096 355 1 1 1 1644496679 29459 360000.000000 1 5
1047 332 1076 320 1 1 1 1644496679 29459 360000.000000 1 5
1087 402 1116 390 1 1 1 1644496679 29459 540000.000000 1 5
1067 367 1096 355 1 1 1 1644496679 29459 540000.000000 1 5
1047 332 1076 320 1 1 1 1644496679 29459 540000.000000 1 5
1087 402 1116 390 1 1 1 1644496679 29459 720000.000000 1 5
1067 367 1096 355 1 1 1 1644496679 29459 720000.000000 1 5
1047 332 1076 320 1 1 1 1644496679 29459 720000.000000 1 5
1087 402 1116 390 1 1 1 1644496679 29459 900000.000000 1 5
1067 367 1096 355 1 1 1 1644496679 29459 900000.000000 1 5
1047 332 1076 320 1 1 1 1644496679 29459 900000.000000 1 5
1087 402 1116 390 1 1 1 1644496679 29459 1080000.000000 1 5
1067 367 1096 355 1 1 1 1644496679 29459 1080000.000000 1 5
1047 332 1076 320 1 1 1 1644496679 29459 1080000.000000 1 5
1087 402 1116 390 1 1 1 1644496679 29459 1260000.000000 1 5
1067 367 1096 355 1 1 1 1644496679 29459 1260000.000000 1 5
1047 332 1076 320 1 1 1 1644496679 29459 1260000.000000 1 5
765 560 257 740 1 0 1 1644496684 436094 0.000000 1 0
753 525 245 705 1 0 1 1644496684 436095 0.000000 1 0
741 490 233 670 1 0 1 1644496684 436095 0.000000 1 0
815 545 257 740 1 0 1 1644496684 436095 180000.000000 1 0
803 510 245 705 1 0 1 1644496684 436095 180000.000000 1 0
10 4 20 0 0 0 0
5 7
5 8
5 5
4 8
10 6 20 0 0 0 0
2 7
2 6
2 9
2 5
1 8
1 6
10 2 20 0 0 0 0
0 0
0 1
1 1 0 0 8 0 0
4 1
1423 453 1454 460 1 1 1 1644496680 966794 0.000000 5 6
1429 418 1460 425 1 1 1 1644496681 35565 0.000000 5 6
1435 383 1466 390 1 1 1 1644496681 171974 0.000000 5 6
1423 453 1454 460 1 1 1 1644496681 171975 0.000000 5 6
1429 418 1460 425 1 1 1 1644496681 171975 0.000000 5 6
982 350 231 670 1 0 1 1644496684 436095 0.000000 5 0
1010 420 259 740 1 0 1 1644496684 436100 0.000000 5 0
996 385 245 705 1 0 1 1644496684 436100 0.000000 5 0
10 4 15 0 0 0 0
5 2
5 4
6 3
6 1
10 1 20 0 0 0 0
0 3
10 3 2 0 0 0 1
1 4
1 3
1 2
10 1 20 0 0 0 0
4 9
2
2 1310 380 1 0 1644496681 579095 0.000000 1
2 389 376 0 0 0 0 0.000000 0
0 1 0 -1 -1 1
0 1 10 2 0 1
0
