arya                            
6 50 20 10
7 9 105 180 4 1 11
226 250 0 0 0 0
469 250 1 1 0 1
712 250 1 9 1 1
955 250 1 4 1 1
1198 250 0 0 0 0
1441 250 0 0 0 0
1684 250 1 0 0 0
105 320 0 0 0 0
348 320 1 1 0 1
591 320 1 1 0 1
834 320 1 4 0 1
1077 320 0 0 0 0
1320 320 0 0 0 0
1563 320 1 0 0 1
226 390 1 7 1 1
469 390 1 1 1 1
712 390 0 0 0 0
955 390 1 4 0 1
1198 390 0 0 0 0
1441 390 1 0 1 1
1684 390 0 0 0 0
105 460 0 0 0 0
348 460 1 1 0 1
591 460 1 1 0 1
834 460 1 5 0 1
1077 460 0 0 0 0
1320 460 1 0 0 1
1563 460 1 0 0 1
226 530 0 0 0 0
469 530 1 1 0 1
712 530 1 5 1 1
955 530 0 0 0 0
1198 530 0 0 0 0
1441 530 0 0 0 0
1684 530 0 0 0 0
105 600 0 0 0 0
348 600 0 0 0 0
591 600 1 5 0 1
834 600 1 5 0 1
1077 600 1 8 1 1
1320 600 0 0 0 0
1563 600 0 0 0 0
226 670 0 0 0 0
469 670 0 0 0 0
712 670 1 5 0 1
955 670 1 8 0 1
1198 670 1 8 0 1
1441 670 1 6 0 1
1684 670 1 2 1 1
105 740 1 3 1 1
348 740 0 0 0 0
591 740 1 10 0 1
834 740 0 0 0 0
1077 740 0 0 0 0
1320 740 0 0 0 0
1563 740 1 2 0 1
226 810 0 0 0 0
469 810 1 10 1 1
712 810 0 0 0 0
955 810 0 0 0 0
1198 810 0 0 0 0
1441 810 1 6 1 1
1684 810 1 2 0 1
0 4 10 0 0 0
5 2
5 3
6 3
6 1
2 7 10 0 0 0
1 2
1 3
1 1
1 4
1 0
2 3
2 1
1 3 10 0 0 0
6 6
6 7
6 8
3 1 10 0 0 0
0 7
4 3 10 0 0 0
3 0
3 1
3 2
10 5 20 0 0 0
2 4
2 5
2 6
3 5
3 3
10 2 20 0 0 0
5 8
5 6
10 1 20 0 0 0
0 2
10 3 20 0 0 0
4 5
4 6
3 6
10 1 20 0 0 0
2 0
10 2 20 0 0 0
1 8
2 7
0
0 10 -1 1
0 10 -1 1
0 10 -1 1
0 10 -1 1
0 10 -1 1
0
