arya                            
8 50 20 10 0 1
7 11 129 67 1 1 10
250 137 0 0 0 0
493 137 0 0 0 0
736 137 0 0 0 0
979 137 0 0 0 0
1222 137 1 8 0 1
1465 137 1 6 0 1
1708 137 1 6 0 1
129 207 1 1 1 1
372 207 1 2 1 1
615 207 1 3 1 1
858 207 0 0 0 0
1101 207 1 8 1 1
1344 207 0 0 0 0
1587 207 1 6 1 1
250 277 0 0 0 0
493 277 1 2 0 1
736 277 0 0 0 0
979 277 1 5 0 1
1222 277 0 0 0 0
1465 277 0 0 0 0
1708 277 0 0 0 0
129 347 1 1 0 1
372 347 1 2 0 1
615 347 0 0 0 0
858 347 1 5 1 1
1101 347 0 0 0 0
1344 347 1 7 0 1
1587 347 0 0 0 0
250 417 0 0 0 0
493 417 0 0 0 0
736 417 1 5 0 1
979 417 0 0 0 0
1222 417 0 0 0 0
1465 417 1 7 1 1
1708 417 0 0 0 0
129 487 1 0 0 0
372 487 1 0 0 0
615 487 0 0 0 0
858 487 0 0 0 0
1101 487 0 0 0 0
1344 487 1 7 0 1
1587 487 1 4 0 1
250 557 1 0 0 0
493 557 1 0 0 0
736 557 0 0 0 0
979 557 0 0 0 0
1222 557 0 0 0 0
1465 557 0 0 0 0
1708 557 1 4 1 1
129 627 1 0 0 0
372 627 0 0 0 0
615 627 0 0 0 0
858 627 0 0 0 0
1101 627 1 0 0 0
1344 627 0 0 0 0
1587 627 1 4 0 1
250 697 0 0 0 0
493 697 1 0 0 0
736 697 1 0 0 0
979 697 0 0 0 0
1222 697 0 0 0 0
1465 697 0 0 0 0
1708 697 0 0 0 0
129 767 0 0 0 0
372 767 0 0 0 0
615 767 0 0 0 0
858 767 0 0 0 0
1101 767 1 9 0 1
1344 767 0 0 0 0
1587 767 0 0 0 0
250 837 1 0 1 1
493 837 1 0 0 0
736 837 1 0 0 0
979 837 1 9 1 1
1222 837 0 0 0 0
1465 837 1 0 0 0
1708 837 1 0 0 0
0 1 10 0 0 0 0
0 10
1 2 10 0 0 0 0
0 1
0 3
10 3 20 0 0 0 0
1 1
1 2
1 3
10 1 20 0 0 0 0
2 1
10 3 20 0 0 0 0
6 6
6 7
6 5
10 3 20 0 0 0 0
3 3
3 2
2 4
10 3 20 0 0 0 0
6 1
6 0
5 0
10 3 20 0 0 0 0
5 4
5 5
5 3
10 2 20 0 0 0 0
4 1
4 0
10 2 20 0 0 0 0
3 10
4 9
0
0 1 10 -1 -1 1
0 1 10 -1 -1 1
0
