arya                            
6 50 20 10
7 10 42 140 4 1 11
163 210 1 0 0 0
406 210 1 0 0 0
649 210 0 0 0 0
892 210 0 0 0 0
1135 210 1 0 0 0
1378 210 0 0 0 0
1621 210 1 9 1 1
42 280 1 0 0 0
285 280 0 0 0 0
528 280 1 0 0 0
771 280 1 8 1 1
1014 280 1 0 0 0
1257 280 1 2 0 1
1500 280 0 0 0 0
163 350 0 0 0 0
406 350 1 0 0 0
649 350 0 0 0 0
892 350 0 0 0 0
1135 350 0 0 0 0
1378 350 1 2 0 1
1621 350 1 9 0 1
42 420 1 0 0 0
285 420 0 0 0 0
528 420 0 0 0 0
771 420 0 0 0 0
1014 420 0 0 0 0
1257 420 1 2 1 1
1500 420 0 0 0 0
163 490 1 1 0 1
406 490 1 1 0 1
649 490 0 0 0 0
892 490 0 0 0 0
1135 490 1 2 0 1
1378 490 1 2 0 1
1621 490 0 0 0 0
42 560 0 0 0 0
285 560 1 1 1 1
528 560 0 0 0 0
771 560 1 0 0 1
1014 560 1 4 0 1
1257 560 1 2 0 1
1500 560 1 6 0 1
163 630 1 1 0 1
406 630 0 0 0 0
649 630 1 0 1 1
892 630 1 4 1 1
1135 630 1 7 1 1
1378 630 0 0 0 0
1621 630 1 6 1 1
42 700 0 0 0 0
285 700 1 1 0 1
528 700 1 0 0 1
771 700 1 0 0 1
1014 700 1 3 0 1
1257 700 1 7 0 1
1500 700 1 5 0 1
163 770 1 0 0 0
406 770 1 10 0 1
649 770 0 0 0 0
892 770 0 0 0 0
1135 770 0 0 0 0
1378 770 0 0 0 0
1621 770 1 5 0 1
42 840 1 0 0 0
285 840 1 0 0 0
528 840 1 10 1 1
771 840 1 0 0 0
1014 840 1 3 1 1
1257 840 1 0 0 0
1500 840 1 5 1 1
0 4 10 0 0 0
2 6
2 7
3 7
3 5
2 5 10 0 0 0
1 5
1 4
1 7
0 6
0 4
4 6 10 0 0 0
5 3
5 4
5 2
5 5
5 1
4 4
1 2 10 0 0 0
4 9
4 7
3 2 10 0 0 0
3 6
4 5
10 3 20 0 0 0
6 9
6 8
6 7
10 2 20 0 0 0
6 6
6 5
10 2 20 0 0 0
4 6
5 7
10 1 20 0 0 0
3 1
10 2 20 0 0 0
6 0
6 2
10 2 20 0 0 0
2 9
1 8
0
0 10 -1 1
0 10 -1 1
0 10 -1 1
0 10 -1 1
0 10 -1 1
0
