4
1
13
0 70 1 2 1 1
243 70 0 5 0 0
486 70 1 6 0 0
729 70 0 2 1 0
972 70 1 10 0 0
1215 70 1 10 1 1
1458 70 0 0 0 0
-122 140 0 0 0 0
121 140 1 2 1 1
364 140 0 6 1 0
607 140 0 0 1 0
850 140 0 9 1 0
1093 140 0 11 1 0
1336 140 1 4 1 1
0 210 0 0 0 0
243 210 1 5 1 0
486 210 0 4 1 0
729 210 1 0 0 1
972 210 0 10 1 0
1215 210 0 0 0 0
1458 210 0 0 0 0
-122 280 0 0 0 0
121 280 0 5 0 0
364 280 1 4 0 0
607 280 1 0 1 1
850 280 0 10 0 0
1093 280 0 10 0 0
1336 280 0 4 1 0
0 350 1 9 1 1
243 350 1 5 0 0
486 350 0 0 0 0
729 350 1 0 0 1
972 350 0 10 0 0
1215 350 1 1 0 0
1458 350 0 0 0 0
-122 420 0 0 0 0
121 420 0 12 1 0
364 420 0 2 1 0
607 420 0 3 1 0
850 420 1 5 0 1
1093 420 0 1 1 0
1336 420 1 4 1 0
0 490 1 9 0 1
243 490 1 0 0 0
486 490 1 3 0 1
729 490 1 11 1 1
972 490 1 5 1 1
1215 490 1 0 0 0
1458 490 0 0 0 0
-122 560 0 0 0 0
121 560 1 7 0 1
364 560 1 3 1 1
607 560 1 11 0 1
850 560 1 5 1 1
1093 560 1 5 1 1
1336 560 1 8 0 1
0 630 1 0 0 0
243 630 1 3 0 1
486 630 1 3 1 1
729 630 0 0 0 0
972 630 1 5 0 1
1215 630 1 6 0 1
1458 630 0 0 0 0
-122 700 0 0 0 0
121 700 1 7 1 1
364 700 0 0 0 0
607 700 1 1 0 1
850 700 1 10 1 0
1093 700 1 6 0 1
1336 700 1 8 1 1
0 770 1 7 1 1
243 770 0 6 1 0
486 770 1 12 1 1
729 770 1 1 1 1
972 770 1 0 0 0
1215 770 1 6 1 1
1458 770 0 0 0 0
-122 840 0 0 0 0
121 840 0 0 0 0
364 840 0 6 0 0
607 840 0 1 0 0
850 840 1 1 0 1
1093 840 0 8 1 0
1336 840 1 6 0 1

0 3 50
3 3
3 4
3 2

4 3 50
3 10
3 9
4 11

2 2 50
0 0
1 1

1 4 50
2 7
2 8
2 6
1 8

3 1 50
6 1

10 5 50
4 6
4 7
4 5
4 8
5 7

10 4 50
5 10
5 9
5 8
6 11

10 3 50
1 9
1 7
0 10

10 2 50
6 9
6 7

10 2 50
0 4
0 6

10 1 50
5 0

10 2 50
3 6
3 7

10 1 50
2 10

0 0 0

