arya                            
6 50 20 10
7 10 19 120 4 1 11
140 190 1 2 1 1
383 190 1 9 1 1
626 190 1 4 1 1
869 190 1 0 0 0
1112 190 0 0 0 0
1355 190 0 0 0 0
1598 190 0 0 0 0
19 260 1 2 0 1
262 260 0 0 0 0
505 260 0 0 0 0
748 260 0 0 0 0
991 260 0 0 0 0
1234 260 1 7 0 1
1477 260 0 0 0 0
140 330 1 2 0 1
383 330 0 0 0 0
626 330 1 1 0 1
869 330 0 0 0 0
1112 330 1 7 1 1
1355 330 0 0 0 0
1598 330 0 0 0 0
19 400 0 0 0 0
262 400 1 0 0 0
505 400 1 1 1 1
748 400 0 0 0 0
991 400 1 7 0 1
1234 400 0 0 0 0
1477 400 1 0 0 0
140 470 0 0 0 0
383 470 0 0 0 0
626 470 0 0 0 0
869 470 1 10 1 1
1112 470 1 7 0 1
1355 470 1 0 0 0
1598 470 0 0 0 0
19 540 1 0 0 0
262 540 1 0 0 0
505 540 1 1 0 1
748 540 0 0 0 0
991 540 1 10 0 1
1234 540 1 0 0 0
1477 540 1 0 0 1
140 610 1 0 0 0
383 610 0 0 0 0
626 610 1 0 0 0
869 610 1 10 0 1
1112 610 0 0 0 0
1355 610 1 5 0 1
1598 610 1 0 1 1
19 680 0 0 0 0
262 680 1 0 0 0
505 680 1 3 0 1
748 680 0 0 0 0
991 680 0 0 0 0
1234 680 0 0 0 0
1477 680 0 0 0 0
140 750 1 8 0 1
383 750 1 3 0 1
626 750 1 3 0 1
869 750 1 6 0 1
1112 750 1 6 0 1
1355 750 1 5 1 1
1598 750 0 0 0 0
19 820 1 8 1 1
262 820 0 0 0 0
505 820 1 3 1 1
748 820 0 0 0 0
991 820 1 6 1 1
1234 820 0 0 0 0
1477 820 1 5 0 1
0 2 10 0 0 0
6 6
6 5
2 3 10 0 0 0
2 3
2 2
2 5
3 3 10 0 0 0
0 0
0 1
0 2
1 4 10 0 0 0
2 9
2 8
2 7
1 8
4 1 10 0 0 0
2 0
10 3 20 0 0 0
5 8
5 6
6 9
10 3 20 0 0 0
4 9
4 8
3 8
10 4 20 0 0 0
4 2
4 3
4 4
5 1
10 2 20 0 0 0
0 9
0 8
10 1 20 0 0 0
1 0
10 3 20 0 0 0
3 4
3 6
4 5
0
0 10 -1 1
0 10 -1 1
0 10 -1 1
0 10 -1 1
0 10 -1 1
0
