arya                            
8 50 20 10 0 1
7 11 19 103 4 1 13
140 173 1 3 0 1
383 173 0 0 0 0
626 173 0 0 0 0
869 173 0 0 0 0
1112 173 1 5 0 1
1355 173 1 7 1 1
1598 173 0 0 0 0
19 243 1 3 0 1
262 243 0 0 0 0
505 243 1 6 1 1
748 243 0 0 0 0
991 243 0 0 0 0
1234 243 1 5 0 1
1477 243 0 0 0 0
140 313 1 3 1 1
383 313 1 6 0 1
626 313 0 0 0 0
869 313 0 0 0 0
1112 313 1 5 1 1
1355 313 0 0 0 0
1598 313 1 0 0 0
19 383 1 3 0 1
262 383 0 0 0 0
505 383 1 2 0 1
748 383 1 2 0 1
991 383 0 0 0 0
1234 383 0 0 0 0
1477 383 0 0 0 0
140 453 0 0 0 0
383 453 1 10 0 1
626 453 1 2 1 1
869 453 1 8 0 1
1112 453 0 0 0 0
1355 453 0 0 0 0
1598 453 0 0 0 0
19 523 1 0 0 0
262 523 1 10 1 1
505 523 0 0 0 0
748 523 0 0 0 0
991 523 0 0 0 0
1234 523 1 0 0 0
1477 523 0 0 0 0
140 593 0 0 0 0
383 593 0 0 0 0
626 593 0 0 0 0
869 593 1 8 1 1
1112 593 1 4 0 1
1355 593 1 1 0 1
1598 593 1 0 0 0
19 663 0 0 0 0
262 663 1 10 0 1
505 663 1 0 1 1
748 663 0 0 0 0
991 663 0 0 0 0
1234 663 0 0 0 0
1477 663 1 1 0 1
140 733 0 0 0 0
383 733 0 0 0 0
626 733 1 0 0 1
869 733 0 0 0 0
1112 733 1 4 1 1
1355 733 1 1 1 1
1598 733 0 0 0 0
19 803 1 11 1 1
262 803 1 9 0 1
505 803 0 0 0 0
748 803 0 0 0 0
991 803 0 0 0 0
1234 803 0 0 0 0
1477 803 0 0 0 0
140 873 0 0 0 0
383 873 1 9 1 1
626 873 0 0 0 0
869 873 0 0 0 0
1112 873 1 4 0 1
1355 873 1 1 0 1
1598 873 1 12 1 1
0 2 13 0 0 0 0
2 7
2 8
1 4 0 0 13 0 0
5 8
5 10
5 6
6 7
1196 818 1173 818 1 1 1 1644496553 495734 0.000000 1 4
1196 783 1173 783 1 1 1 1644496553 495734 0.000000 1 4
1196 748 1173 748 1 1 1 1644496553 495734 0.000000 1 4
1196 818 1173 818 1 1 1 1644496553 495734 180000.000000 1 4
1196 783 1173 783 1 1 1 1644496553 495734 180000.000000 1 4
1196 748 1173 748 1 1 1 1644496553 495734 180000.000000 1 4
1196 818 1173 818 1 1 1 1644496553 495734 360000.000000 1 4
1196 783 1173 783 1 1 1 1644496553 495734 360000.000000 1 4
1196 748 1173 748 1 1 1 1644496553 495734 360000.000000 1 4
1196 818 1173 818 1 1 1 1644496553 495734 540000.000000 1 4
1196 783 1173 783 1 1 1 1644496553 495734 540000.000000 1 4
1196 748 1173 748 1 1 1 1644496554 245039 0.000000 1 4
1376 818 1173 818 1 0 1 1644496555 26575 0.000000 1 4
2 3 2 0 11 0 1
2 4
2 3
3 3
979 717 1153 818 2 1 1 1644496553 495735 0.000000 2 4
1039 706 1173 783 2 1 1 1644496553 495735 0.000000 2 4
1099 694 1193 748 2 0 1 1644496553 495742 0.000000 2 4
979 717 1153 818 2 1 1 1644496553 495742 180000.000000 2 4
1039 706 1173 783 2 0 1 1644496553 495742 180000.000000 2 4
1059 671 1193 748 2 0 1 1644496553 495742 180000.000000 2 4
979 717 1153 818 2 0 1 1644496553 495742 360000.000000 2 4
999 682 1173 783 2 0 1 1644496553 495742 360000.000000 2 4
1019 647 1193 748 2 0 1 1644496553 495742 360000.000000 2 4
939 694 1153 818 2 0 1 1644496553 495742 540000.000000 2 4
959 659 1173 783 2 0 1 1644496553 495743 540000.000000 2 4
3 4 2 0 11 0 0
0 2
0 3
0 1
0 0
632 524 677 538 3 0 1 1644496553 495743 0.000000 3 2
642 489 687 503 3 0 1 1644496553 495743 0.000000 3 2
652 454 697 468 3 0 1 1644496553 495743 0.000000 3 2
587 509 677 538 3 0 1 1644496553 495743 180000.000000 3 2
597 474 687 503 3 0 1 1644496553 495743 180000.000000 3 2
607 439 697 468 3 0 1 1644496553 495743 180000.000000 3 2
542 495 677 538 3 0 1 1644496553 495743 360000.000000 3 2
552 460 687 503 3 0 1 1644496553 495743 360000.000000 3 2
562 425 697 468 3 0 1 1644496553 495743 360000.000000 3 2
497 481 677 538 3 0 1 1644496553 495743 540000.000000 3 2
507 446 687 503 3 0 1 1644496553 495743 540000.000000 3 2
1 3 0 0 25 0 1
4 8
4 10
4 6
689 907 450 958 4 0 1 1644496553 495732 0.000000 4 9
683 872 444 923 4 0 1 1644496553 495732 0.000000 4 9
677 837 438 888 4 0 1 1644496553 495732 0.000000 4 9
739 897 450 958 4 0 1 1644496553 495733 180000.000000 4 9
733 862 444 923 4 0 1 1644496553 495733 180000.000000 4 9
727 827 438 888 4 0 1 1644496553 495733 180000.000000 4 9
789 887 450 958 4 0 1 1644496553 495733 360000.000000 4 9
783 852 444 923 4 0 1 1644496553 495733 360000.000000 4 9
777 817 438 888 4 0 1 1644496553 495733 360000.000000 4 9
839 877 450 958 4 0 1 1644496553 495733 540000.000000 4 9
833 842 444 923 4 0 1 1644496553 495733 540000.000000 4 9
837 805 438 888 4 0 1 1644496554 42035 0.000000 4 9
909 863 450 958 1 0 1 1644496554 245038 0.000000 4 9
903 828 444 923 1 0 1 1644496554 245038 0.000000 4 9
997 773 438 888 1 1 1 1644496554 245038 0.000000 4 9
959 853 450 958 1 0 1 1644496554 414757 0.000000 4 9
953 818 444 923 1 0 1 1644496554 414758 0.000000 4 9
997 773 438 888 1 1 1 1644496554 414758 0.000000 4 9
1009 843 450 958 1 0 1 1644496554 585924 0.000000 4 9
1003 808 444 923 1 0 1 1644496554 585924 0.000000 4 9
1057 761 438 888 1 1 1 1644496554 585924 0.000000 4 9
1059 833 450 958 1 0 1 1644496554 754499 0.000000 4 9
1053 798 444 923 1 0 1 1644496554 754500 0.000000 4 9
1117 753 438 888 1 0 1 1644496554 993002 0.000000 4 9
1139 822 450 958 1 0 1 1644496555 26574 0.000000 4 9
10 3 20 0 0 0 0
4 2
4 0
5 1
10 2 20 0 0 0 0
2 1
1 2
10 1 20 0 0 0 0
5 0
10 2 20 0 0 0 0
3 6
3 4
10 2 20 0 0 0 1
1 10
1 9
10 3 20 0 0 0 0
1 5
1 4
1 7
10 1 20 0 0 0 0
0 9
10 1 20 0 0 0 0
6 10
1
2 611 874 0 0 0 0 0.000000 0
0 1 10 -1 -1 1
0 1 10 -1 -1 1
0 1 10 -1 -1 1
0 1 10 -1 -1 1
0 1 10 -1 -1 1
0
