arya                            
6 50 20 10
7 10 15 179 4 1 11
136 249 0 0 0 0
379 249 0 0 0 0
622 249 0 0 0 0
865 249 1 6 0 1
1108 249 0 0 0 0
1351 249 1 1 0 1
1594 249 0 0 0 0
15 319 1 3 1 1
258 319 0 0 0 0
501 319 1 8 1 1
744 319 0 0 0 0
987 319 0 0 0 0
1230 319 1 1 1 1
1473 319 0 0 0 0
136 389 0 0 0 0
379 389 1 8 0 1
622 389 1 8 0 1
865 389 1 6 1 1
1108 389 1 1 0 1
1351 389 0 0 0 0
1594 389 0 0 0 0
15 459 0 0 0 0
258 459 0 0 0 0
501 459 1 8 0 1
744 459 0 0 0 0
987 459 1 6 0 1
1230 459 1 1 0 1
1473 459 0 0 0 0
136 529 1 4 1 1
379 529 0 0 0 0
622 529 0 0 0 0
865 529 1 6 0 1
1108 529 0 0 0 0
1351 529 0 0 0 0
1594 529 1 7 1 1
15 599 0 0 0 0
258 599 0 0 0 0
501 599 1 5 0 1
744 599 1 10 0 1
987 599 0 0 0 0
1230 599 0 0 0 0
1473 599 1 0 0 1
136 669 0 0 0 0
379 669 1 5 1 1
622 669 1 10 0 1
865 669 0 0 0 0
1108 669 0 0 0 0
1351 669 1 0 0 1
1594 669 1 0 0 1
15 739 1 0 0 0
258 739 1 5 0 1
501 739 1 5 0 1
744 739 1 10 1 1
987 739 1 2 1 1
1230 739 1 9 1 1
1473 739 1 0 1 1
136 809 0 0 0 0
379 809 0 0 0 0
622 809 0 0 0 0
865 809 1 2 0 1
1108 809 0 0 0 0
1351 809 0 0 0 0
1594 809 1 0 0 1
15 879 0 0 0 0
258 879 0 0 0 0
501 879 0 0 0 0
744 879 0 0 0 0
987 879 0 0 0 0
1230 879 1 9 0 1
1473 879 0 0 0 0
0 5 10 0 0 0
6 7
6 8
6 6
6 5
5 6
2 4 10 0 0 0
5 1
5 0
5 3
4 2
4 2 10 0 0 0
4 7
3 8
3 1 10 0 0 0
0 1
1 1 10 0 0 0
0 4
10 4 20 0 0 0
1 6
1 7
2 7
2 5
10 4 20 0 0 0
3 2
3 4
3 0
4 3
10 1 20 0 0 0
6 4
10 4 20 0 0 0
2 1
2 2
2 3
1 2
10 2 20 0 0 0
5 7
5 9
10 3 20 0 0 0
3 7
3 5
2 6
0
0 10 -1 1
0 10 -1 1
0 10 -1 1
0 10 -1 1
0 10 -1 1
0
