4
1
13
0 70 1 7 1 1
243 70 0 0 0 0
486 70 1 0 0 0
729 70 0 0 0 0
972 70 1 1 1 1
1215 70 0 0 0 0
1458 70 0 0 0 0
-121 140 0 0 0 0
122 140 0 0 0 0
365 140 0 0 0 0
608 140 1 11 0 1
851 140 0 0 0 0
1094 140 0 0 0 0
1337 140 0 0 0 0
0 210 0 0 0 0
243 210 1 0 0 0
486 210 0 0 0 0
729 210 1 11 1 1
972 210 1 1 0 1
1215 210 0 0 0 0
1458 210 0 0 0 0
-121 280 0 0 0 0
122 280 0 0 0 0
365 280 1 5 1 1
608 280 1 11 0 1
851 280 0 0 0 0
1094 280 0 0 0 0
1337 280 1 0 0 0
0 350 1 9 1 1
243 350 1 5 0 1
486 350 1 5 0 1
729 350 0 0 0 0
972 350 0 0 0 0
1215 350 1 3 1 1
1458 350 0 0 0 0
-121 420 0 0 0 0
122 420 1 9 0 1
365 420 1 5 0 1
608 420 0 0 0 0
851 420 0 0 0 0
1094 420 1 3 0 1
1337 420 0 0 0 0
0 490 1 6 0 1
243 490 0 0 0 0
486 490 0 0 0 0
729 490 0 0 0 0
972 490 1 2 0 1
1215 490 1 0 0 1
1458 490 0 0 0 0
-121 560 0 0 0 0
122 560 1 10 1 1
365 560 1 0 0 0
608 560 1 8 1 1
851 560 1 2 1 1
1094 560 1 0 0 1
1337 560 0 0 0 0
0 630 1 6 1 1
243 630 1 10 0 1
486 630 0 0 0 0
729 630 0 0 0 0
972 630 1 2 0 1
1215 630 1 0 1 1
1458 630 0 0 0 0
-121 700 0 0 0 0
122 700 1 6 0 1
365 700 0 0 0 0
608 700 0 0 0 0
851 700 0 0 0 0
1094 700 0 0 0 0
1337 700 0 0 0 0
0 770 1 6 0 1
243 770 0 0 0 0
486 770 1 4 1 1
729 770 1 0 0 0
972 770 1 12 1 1
1215 770 1 0 0 1
1458 770 0 0 0 0
-121 840 0 0 0 0
122 840 0 0 0 0
365 840 0 0 0 0
608 840 0 0 0 0
851 840 1 12 0 1
1094 840 0 0 0 0
1337 840 1 0 0 0

0 4 50
5 8
5 7
5 10
5 6

4 2 50
4 0
4 2

1 3 50
4 7
4 8
4 6

2 2 50
5 4
5 5

3 1 50
2 10

10 4 50
2 3
2 4
2 5
1 4

10 4 50
0 8
0 10
0 6
1 9

10 1 50
0 0

10 1 50
3 7

10 2 50
0 4
1 5

10 2 50
1 7
1 8

10 3 50
3 2
3 3
3 1

10 2 50
4 10
4 11

0 0 0

