arya                            
8 50 20 10
7 11 119 90 4 1 13
240 160 1 3 0 0
483 160 1 2 1 1
726 160 1 8 1 1
969 160 0 2 1 0
1212 160 1 1 1 1
1455 160 0 8 1 0
1698 160 1 3 1 1
119 230 0 3 0 0
362 230 0 8 1 0
605 230 0 9 1 0
848 230 1 4 0 1
1091 230 1 1 0 1
1334 230 0 7 1 0
1577 230 0 0 0 0
240 300 1 0 1 1
483 300 0 7 0 0
726 300 0 0 0 0
969 300 1 4 1 1
1212 300 1 1 1 1
1455 300 0 7 0 0
1698 300 1 3 1 1
119 370 0 3 0 0
362 370 1 0 1 1
605 370 1 9 0 0
848 370 1 4 1 1
1091 370 1 4 0 1
1334 370 0 0 0 0
1577 370 1 4 0 0
240 440 1 0 1 1
483 440 1 7 1 1
726 440 1 6 0 0
969 440 1 4 1 1
1212 440 0 3 1 0
1455 440 0 0 1 0
1698 440 1 0 0 0
119 510 1 0 1 1
362 510 0 0 0 0
605 510 1 7 0 1
848 510 1 1 0 0
1091 510 0 3 0 0
1334 510 1 10 0 1
1577 510 0 0 0 0
240 580 1 0 0 1
483 580 1 7 1 1
726 580 1 1 1 0
969 580 0 5 1 0
1212 580 0 3 0 0
1455 580 1 6 0 1
1698 580 1 6 1 1
119 650 1 5 0 1
362 650 1 7 0 1
605 650 0 1 0 0
848 650 1 1 0 0
1091 650 0 5 1 0
1334 650 1 10 1 1
1577 650 1 6 1 1
240 720 1 5 1 1
483 720 0 4 1 0
726 720 0 1 1 0
969 720 1 2 0 0
1212 720 1 10 0 1
1455 720 1 6 1 1
1698 720 0 0 1 0
119 790 1 5 1 1
362 790 1 11 1 1
605 790 1 9 1 1
848 790 0 0 0 0
1091 790 1 10 1 0
1334 790 0 11 1 0
1577 790 1 6 0 1
240 860 1 5 0 1
483 860 0 0 0 0
726 860 0 0 0 0
969 860 0 2 0 0
1212 860 1 2 0 0
1455 860 1 12 1 1
1698 860 1 10 1 0
0 5 10 0 0 0
0 4
0 5
0 6
0 2
1 3
2 3 10 0 0 0
4 0
4 1
4 2
1 1 10 0 0 0
1 0
3 2 10 0 0 0
6 0
6 2
4 5 10 0 0 0
3 2
3 3
3 1
3 4
4 3
10 4 20 0 0 0
0 9
0 10
0 8
0 7
10 5 20 0 0 0
6 7
6 6
6 9
5 8
5 6
10 4 20 0 0 0
1 6
1 7
1 4
2 5
10 1 20 0 0 0
2 0
10 1 20 0 0 0
2 9
10 3 20 0 0 0
5 7
5 5
4 8
10 1 20 0 0 0
1 9
10 1 20 0 0 0
5 10
0
0 10 -1 1
0 10 -1 1
0 10 -1 1
0 10 -1 1
0 10 -1 1
0
