arya                            
8 50 20 10 0 1
7 11 88 82 1 1 10
209 152 0 0 0 0
452 152 1 0 0 0
695 152 1 0 0 0
938 152 1 2 0 1
1181 152 0 0 0 0
1424 152 1 0 0 1
1667 152 1 0 0 0
88 222 1 6 0 1
331 222 0 0 0 0
574 222 1 0 0 0
817 222 1 0 0 0
1060 222 1 2 1 1
1303 222 1 0 1 1
1546 222 0 0 0 0
209 292 1 6 1 1
452 292 0 0 0 0
695 292 0 0 0 0
938 292 0 0 0 0
1181 292 0 0 0 0
1424 292 0 0 0 0
1667 292 0 0 0 0
88 362 0 0 0 0
331 362 0 0 0 0
574 362 0 0 0 0
817 362 0 0 0 0
1060 362 1 2 0 1
1303 362 0 0 0 0
1546 362 0 0 0 0
209 432 1 6 0 1
452 432 0 0 0 0
695 432 0 0 0 0
938 432 1 0 0 0
1181 432 1 1 0 1
1424 432 1 1 0 1
1667 432 0 0 0 0
88 502 0 0 0 0
331 502 0 0 0 0
574 502 0 0 0 0
817 502 1 0 0 0
1060 502 0 0 0 0
1303 502 1 1 1 1
1546 502 1 7 0 1
209 572 1 8 1 1
452 572 0 0 0 0
695 572 1 3 0 1
938 572 0 0 0 0
1181 572 1 1 0 1
1424 572 0 0 0 0
1667 572 1 7 0 1
88 642 1 4 0 1
331 642 0 0 0 0
574 642 1 3 0 1
817 642 1 3 0 1
1060 642 0 0 0 0
1303 642 1 1 0 1
1546 642 1 7 1 1
209 712 0 0 0 0
452 712 1 9 1 1
695 712 1 3 1 1
938 712 1 5 1 1
1181 712 1 0 0 0
1424 712 1 7 0 1
1667 712 0 0 0 0
88 782 1 4 1 1
331 782 0 0 0 0
574 782 0 0 0 0
817 782 1 3 0 1
1060 782 0 0 0 0
1303 782 0 0 0 0
1546 782 0 0 0 0
209 852 0 0 0 0
452 852 0 0 0 0
695 852 1 3 0 1
938 852 1 5 0 1
1181 852 0 0 0 0
1424 852 1 0 0 0
1667 852 0 0 0 0
0 2 13 10 49 1 1
5 1
5 0
1404 282 1404 552 0 1 1 1644497780 159977 0.000000 0 1
1364 282 1364 552 0 1 1 1644497780 159978 0.000000 0 1
1324 282 1324 552 0 1 1 1644497780 159978 0.000000 0 1
1404 282 1404 552 0 1 1 1644497780 159978 180000.000000 0 1
1364 282 1364 552 0 1 1 1644497780 159978 180000.000000 0 1
1324 282 1324 552 0 1 1 1644497780 159978 180000.000000 0 1
1404 282 1404 552 0 1 1 1644497780 159978 360000.000000 0 1
1364 282 1364 552 0 1 1 1644497780 159978 360000.000000 0 1
1324 282 1324 552 0 1 1 1644497780 159978 360000.000000 0 1
1404 282 1404 552 0 0 1 1644497780 159978 540000.000000 0 1
1364 282 1364 552 0 0 1 1644497780 159978 540000.000000 0 1
1324 282 1324 552 0 1 1 1644497780 159978 540000.000000 0 1
1404 282 1404 552 0 0 1 1644497780 159978 720000.000000 0 1
1364 282 1364 552 0 0 1 1644497780 159978 720000.000000 0 1
1324 282 1324 552 0 0 1 1644497780 159978 720000.000000 0 1
1404 282 1404 552 0 0 1 1644497780 159978 900000.000000 0 1
1364 282 1364 552 0 0 1 1644497780 159978 900000.000000 0 1
1324 282 1324 552 0 0 1 1644497780 159978 900000.000000 0 1
1404 282 1404 552 0 0 1 1644497780 159978 1080000.000000 0 1
1364 282 1364 552 0 0 1 1644497780 159978 1080000.000000 0 1
1324 282 1324 552 0 0 1 1644497780 159978 1080000.000000 0 1
1404 282 1404 552 0 0 1 1644497780 159985 1260000.000000 0 1
1364 282 1364 552 0 0 1 1644497780 159985 1260000.000000 0 1
1324 282 1324 552 0 0 1 1644497780 159985 1260000.000000 0 1
1404 282 1404 552 0 0 1 1644497780 159985 1440000.000000 0 1
1364 282 1364 552 0 0 1 1644497780 159985 1440000.000000 0 1
1324 282 1324 552 0 0 1 1644497780 159985 1440000.000000 0 1
1404 282 1404 552 0 0 1 1644497780 159985 1620000.000000 0 1
1364 282 1364 552 0 0 1 1644497780 159985 1620000.000000 0 1
1324 282 1324 552 0 0 1 1644497780 159985 1620000.000000 0 1
1404 282 1404 552 0 0 1 1644497780 159985 1800000.000000 0 1
1364 282 1364 552 0 0 1 1644497780 159985 1800000.000000 0 1
1324 282 1324 552 0 0 1 1644497780 159985 1800000.000000 0 1
1404 282 1404 552 0 0 1 1644497780 159985 1980000.000000 0 1
1364 282 1364 552 0 0 1 1644497780 159985 1980000.000000 0 1
1324 282 1324 552 0 0 1 1644497780 159985 1980000.000000 0 1
1404 282 1404 552 0 0 1 1644497780 159985 2160000.000000 0 1
1364 282 1364 552 0 0 1 1644497780 159985 2160000.000000 0 1
1324 282 1324 552 0 0 1 1644497780 159985 2160000.000000 0 1
1404 272 1404 552 0 0 0 1639497780 159985 2340000.000000 0 1
1364 272 1364 552 0 0 0 1639497780 159985 2340000.000000 0 1
1324 272 1324 552 0 0 0 1639497780 159985 2340000.000000 0 1
1404 272 1404 552 0 0 0 1639497780 159985 2520000.000000 0 1
1364 272 1364 552 0 0 0 1639497780 159986 2520000.000000 0 1
1324 272 1324 552 0 0 0 1639497780 159986 2520000.000000 0 1
1404 272 1404 552 0 0 0 1639497780 159986 2700000.000000 0 1
1364 272 1364 552 0 0 0 1639497780 159986 2700000.000000 0 1
1324 272 1324 552 0 0 0 1639497780 159986 2700000.000000 0 1
1404 272 1404 552 0 0 0 1639497780 159986 2880000.000000 0 1
1 5 1 0 53 0 1
5 5
5 4
5 7
4 6
4 4
1560 711 1587 727 1 1 1 1644497755 34392 0.000000 1 7
1580 676 1607 692 1 1 1 1644497755 34393 0.000000 1 7
1600 641 1627 657 1 1 1 1644497755 34393 0.000000 1 7
1560 711 1587 727 1 1 1 1644497755 34393 180000.000000 1 7
1580 676 1607 692 1 1 1 1644497755 34393 180000.000000 1 7
1600 641 1627 657 1 1 1 1644497755 34393 180000.000000 1 7
1560 711 1587 727 1 1 1 1644497755 34393 360000.000000 1 7
1580 676 1607 692 1 1 1 1644497755 34393 360000.000000 1 7
1600 641 1627 657 1 1 1 1644497755 34393 360000.000000 1 7
1560 711 1587 727 1 1 1 1644497755 34393 540000.000000 1 7
1580 676 1607 692 1 1 1 1644497755 34393 540000.000000 1 7
1600 641 1627 657 1 1 1 1644497755 34393 540000.000000 1 7
1560 711 1587 727 1 1 1 1644497755 34393 720000.000000 1 7
1580 676 1607 692 1 1 1 1644497755 34393 720000.000000 1 7
1600 641 1627 657 1 1 1 1644497755 34393 720000.000000 1 7
1560 711 1587 727 1 1 1 1644497755 34393 900000.000000 1 7
1580 676 1607 692 1 1 1 1644497755 34393 900000.000000 1 7
1600 641 1627 657 1 1 1 1644497755 34393 900000.000000 1 7
1560 711 1587 727 1 1 1 1644497755 34393 1080000.000000 1 7
1580 676 1607 692 1 1 1 1644497755 34394 1080000.000000 1 7
1600 641 1627 657 1 1 1 1644497755 34394 1080000.000000 1 7
1560 711 1587 727 1 1 1 1644497755 34394 1260000.000000 1 7
1580 676 1607 692 1 1 1 1644497755 34394 1260000.000000 1 7
1600 641 1627 657 1 1 1 1644497755 34394 1260000.000000 1 7
1100 331 1081 307 1 1 1 1644497766 15863 0.000000 1 2
1140 296 1121 272 1 1 1 1644497766 15863 0.000000 1 2
1180 261 1161 237 1 1 1 1644497766 15863 0.000000 1 2
1100 331 1081 307 1 1 1 1644497766 15863 180000.000000 1 2
1140 296 1121 272 1 1 1 1644497766 15863 180000.000000 1 2
1180 261 1161 237 1 1 1 1644497766 15863 180000.000000 1 2
1100 331 1081 307 1 1 1 1644497766 15863 360000.000000 1 2
1140 296 1121 272 1 1 1 1644497766 15863 360000.000000 1 2
1180 261 1161 237 1 1 1 1644497766 15863 360000.000000 1 2
1100 331 1081 307 1 1 1 1644497766 15863 540000.000000 1 2
1140 296 1121 272 1 1 1 1644497766 15863 540000.000000 1 2
1180 261 1161 237 1 1 1 1644497768 22090 0.000000 1 2
1100 331 1081 307 1 1 1 1644497768 22090 0.000000 1 2
781 747 756 762 1 1 1 1644497774 39848 0.000000 1 3
769 712 744 727 1 1 1 1644497774 39848 0.000000 1 3
793 782 768 797 1 1 1 1644497774 39848 0.000000 1 3
781 747 756 762 1 1 1 1644497774 39848 180000.000000 1 3
769 712 744 727 1 1 1 1644497774 39848 180000.000000 1 3
793 782 768 797 1 1 1 1644497774 39848 180000.000000 1 3
174 820 149 832 1 1 1 1644497779 990799 0.000000 1 4
166 785 141 797 1 1 1 1644497779 990806 0.000000 1 4
182 855 157 867 1 1 1 1644497779 990806 0.000000 1 4
174 820 149 832 1 1 1 1644497779 990806 180000.000000 1 4
166 785 141 797 1 1 1 1644497779 990806 180000.000000 1 4
1404 332 1404 272 1 1 1 1644497782 30258 0.000000 1 0
1364 332 1364 272 1 1 1 1644497782 30258 0.000000 1 0
1324 332 1324 272 1 1 1 1644497782 30258 0.000000 1 0
1062 649 157 867 1 0 1 1644497784 36672 0.000000 1 4
1054 614 149 832 1 0 1 1644497784 36673 0.000000 1 4
1 3 0 0 26 0 0
4 1
4 3
3 0
813 771 796 797 1 1 1 1644497768 158729 0.000000 2 3
773 736 756 762 1 1 1 1644497768 158729 0.000000 2 3
733 701 716 727 1 1 1 1644497768 158736 0.000000 2 3
813 771 796 797 1 1 1 1644497768 328624 0.000000 2 3
773 736 756 762 1 1 1 1644497768 328625 0.000000 2 3
733 701 716 727 1 1 1 1644497769 7896 0.000000 2 3
813 771 796 797 1 1 1 1644497769 109580 0.000000 2 3
773 736 756 762 1 1 1 1644497769 109581 0.000000 2 3
733 701 716 727 1 1 1 1644497769 993882 0.000000 2 3
813 771 796 797 1 1 1 1644497769 993882 0.000000 2 3
773 736 756 762 1 1 1 1644497770 28580 0.000000 2 3
733 701 716 727 1 1 1 1644497771 14210 0.000000 2 3
813 771 796 797 1 1 1 1644497772 33781 0.000000 2 3
773 736 756 762 1 1 1 1644497773 20409 0.000000 2 3
733 701 716 727 1 1 1 1644497774 39847 0.000000 2 3
813 771 796 797 1 1 1 1644497775 26183 0.000000 2 3
773 736 756 762 1 1 1 1644497776 12174 0.000000 2 3
733 701 716 727 1 1 1 1644497777 32246 0.000000 2 3
813 771 796 797 1 1 1 1644497778 18245 0.000000 2 3
773 736 756 762 1 1 1 1644497779 38484 0.000000 2 3
733 701 716 727 1 1 1 1644497780 24130 0.000000 2 3
813 771 796 797 1 1 1 1644497781 44660 0.000000 2 3
773 736 756 762 1 1 1 1644497782 30257 0.000000 2 3
733 701 716 727 1 1 1 1644497783 16713 0.000000 2 3
975 555 796 797 1 0 1 1644497784 36671 0.000000 2 3
1109 288 756 762 1 0 1 1644497785 22935 0.000000 2 3
1 6 2 0 23 0 0
2 8
2 7
2 10
2 6
3 9
3 7
180 861 153 867 1 1 1 1644497779 990806 0.000000 3 4
176 826 149 832 1 1 1 1644497779 990806 0.000000 3 4
172 791 145 797 1 1 1 1644497779 990806 0.000000 3 4
180 861 153 867 1 1 1 1644497779 990807 180000.000000 3 4
176 826 149 832 1 1 1 1644497779 990807 180000.000000 3 4
172 791 145 797 1 1 1 1644497779 990807 180000.000000 3 4
180 861 153 867 1 1 1 1644497779 990807 360000.000000 3 4
176 826 149 832 1 1 1 1644497779 990807 360000.000000 3 4
172 791 145 797 1 1 1 1644497779 990807 360000.000000 3 4
180 861 153 867 1 1 1 1644497779 990807 540000.000000 3 4
176 826 149 832 1 1 1 1644497779 990807 540000.000000 3 4
172 791 145 797 1 1 1 1644497779 990807 540000.000000 3 4
180 861 153 867 1 1 1 1644497779 990807 720000.000000 3 4
176 826 149 832 1 1 1 1644497779 990807 720000.000000 3 4
1268 287 1336 237 1 1 1 1644497782 30259 0.000000 3 0
1348 339 1392 307 1 1 1 1644497782 30259 0.000000 3 0
1288 328 1364 272 1 1 1 1644497782 30259 0.000000 3 0
1268 287 1336 237 1 1 1 1644497782 30259 180000.000000 3 0
1348 339 1392 307 1 1 1 1644497782 30259 180000.000000 3 0
446 793 149 832 1 0 1 1644497784 36673 0.000000 3 4
442 758 145 797 1 0 1 1644497784 36673 0.000000 3 4
450 828 153 867 1 0 1 1644497784 36673 0.000000 3 4
496 788 149 832 1 0 1 1644497784 36673 180000.000000 3 4
1 2 5 0 0 0 0
0 9
0 7
10 2 20 0 0 0 0
3 8
3 10
10 3 20 0 0 0 0
0 2
0 1
0 4
1 4 1 0 32 0 0
6 7
6 6
6 5
5 8
1112 322 1091 307 1 1 1 1644497757 5522 0.000000 7 2
1142 287 1121 272 1 1 1 1644497757 39955 0.000000 7 2
1172 252 1151 237 1 1 1 1644497757 209377 0.000000 7 2
1112 322 1091 307 1 1 1 1644497757 209377 0.000000 7 2
1142 287 1121 272 1 1 1 1644497757 209377 0.000000 7 2
1172 252 1151 237 1 1 1 1644497758 26193 0.000000 7 2
1112 322 1091 307 1 1 1 1644497766 15863 0.000000 7 2
1142 287 1121 272 1 1 1 1644497766 15864 0.000000 7 2
1172 252 1151 237 1 1 1 1644497766 15864 0.000000 7 2
1112 322 1091 307 1 1 1 1644497766 15864 180000.000000 7 2
1142 287 1121 272 1 1 1 1644497766 15864 180000.000000 7 2
1172 252 1151 237 1 1 1 1644497766 15864 180000.000000 7 2
1112 322 1091 307 1 1 1 1644497766 15864 360000.000000 7 2
1142 287 1121 272 1 1 1 1644497766 15864 360000.000000 7 2
1172 252 1151 237 1 1 1 1644497768 22091 0.000000 7 2
1112 322 1091 307 1 1 1 1644497768 22091 0.000000 7 2
787 758 756 762 1 1 1 1644497774 39848 0.000000 7 3
785 723 754 727 1 1 1 1644497774 39848 0.000000 7 3
789 793 758 797 1 1 1 1644497774 39848 0.000000 7 3
787 758 756 762 1 1 1 1644497774 39848 180000.000000 7 3
785 723 754 727 1 1 1 1644497774 39848 180000.000000 7 3
789 793 758 797 1 1 1 1644497774 39849 180000.000000 7 3
177 828 149 832 1 1 1 1644497779 990807 0.000000 7 4
174 793 146 797 1 1 1 1644497779 990807 0.000000 7 4
180 863 152 867 1 1 1 1644497779 990807 0.000000 7 4
177 828 149 832 1 1 1 1644497779 990807 180000.000000 7 4
174 793 146 797 1 1 1 1644497779 990807 180000.000000 7 4
1338 331 1324 307 1 1 1 1644497782 30259 0.000000 7 0
1404 341 1364 272 1 1 1 1644497782 30259 0.000000 7 0
1449 315 1404 237 1 1 1 1644497782 30259 0.000000 7 0
1300 751 152 867 1 0 1 1644497784 36673 0.000000 7 4
1297 716 149 832 1 0 1 1644497784 36673 0.000000 7 4
10 1 20 0 0 0 0
0 6
10 1 20 0 0 0 0
1 8
13
2 838 715 1 1 1644497771 999625 0.000000 1
2 1242 361 1 1 1644497758 400864 0.000000 1
2 627 674 1 0 1644497782 406951 0.000000 1
2 758 699 0 0 0 0 0.000000 0
2 1011 403 0 0 0 0 0.000000 0
2 605 746 0 0 0 0 0.000000 0
2 1051 349 1 1 1644497777 339359 0.000000 1
2 836 746 0 0 0 0 0.000000 0
2 1035 599 0 0 0 0 0.000000 0
2 1164 256 1 1 1644497766 934403 0.000000 1
2 661 293 0 0 0 0 0.000000 0
2 756 536 0 0 0 0 0.000000 0
2 1058 647 0 0 0 0 0.000000 0
0 1 0 -1 -1 1
0 1 10 2 2 1
0
