arya                            
8 50 20 10
7 11 106 76 4 1 13
227 146 1 1 1 1
470 146 1 11 0 1
713 146 0 3 0 0
956 146 0 8 1 0
1199 146 0 0 0 0
1442 146 1 4 0 0
1685 146 1 0 0 0
106 216 1 1 0 1
349 216 0 4 1 0
592 216 1 11 0 1
835 216 1 0 0 0
1078 216 1 2 1 1
1321 216 0 2 1 0
1564 216 0 2 0 0
227 286 1 1 0 1
470 286 1 11 1 1
713 286 0 3 1 0
956 286 1 2 0 1
1199 286 0 0 0 0
1442 286 1 5 1 1
1685 286 0 0 0 0
106 356 1 4 0 1
349 356 0 0 0 0
592 356 1 11 0 1
835 356 0 3 0 0
1078 356 0 0 0 0
1321 356 1 5 1 1
1564 356 1 6 0 1
227 426 1 4 1 1
470 426 1 0 0 1
713 426 0 0 0 0
956 426 0 0 0 0
1199 426 0 7 1 0
1442 426 0 2 0 0
1685 426 0 6 1 0
106 496 1 4 0 1
349 496 1 0 0 1
592 496 0 0 0 0
835 496 0 1 0 0
1078 496 1 7 0 1
1321 496 1 5 0 1
1564 496 1 6 1 1
227 566 0 10 0 0
470 566 1 0 1 1
713 566 1 12 1 1
956 566 1 7 1 1
1199 566 1 9 1 1
1442 566 0 0 0 0
1685 566 1 6 0 1
106 636 1 5 1 0
349 636 1 0 0 1
592 636 1 0 0 1
835 636 0 1 0 0
1078 636 0 1 0 0
1321 636 0 7 0 0
1564 636 0 0 0 0
227 706 0 0 0 0
470 706 0 0 1 0
713 706 0 5 0 0
956 706 1 7 0 1
1199 706 1 9 0 1
1442 706 0 7 0 0
1685 706 1 3 0 1
106 776 0 5 0 0
349 776 0 0 0 0
592 776 0 0 0 0
835 776 1 5 1 0
1078 776 0 9 1 0
1321 776 0 7 1 0
1564 776 1 3 0 1
227 846 1 8 1 1
470 846 1 0 0 0
713 846 0 5 0 0
956 846 0 0 0 0
1199 846 1 10 1 1
1442 846 1 8 1 0
1685 846 1 3 1 1
0 5 10 0 0 0
1 6
1 7
1 5
1 4
2 7
2 3 10 0 0 0
0 0
0 1
0 2
3 2 10 0 0 0
4 1
3 2
1 3 10 0 0 0
6 10
6 9
6 8
4 3 10 0 0 0
0 4
0 5
0 3
10 3 20 0 0 0
5 3
5 2
5 5
10 3 20 0 0 0
6 5
6 6
6 3
10 3 20 0 0 0
3 6
3 8
4 5
10 1 20 0 0 0
0 10
10 2 20 0 0 0
4 6
4 8
10 1 20 0 0 0
4 10
10 4 20 0 0 0
1 2
1 0
2 3
2 1
10 1 20 0 0 0
2 6
0
0 10 -1 1
0 10 -1 1
0 10 -1 1
0 10 -1 1
0 10 -1 1
0
