4
1
13
0 70 1 0 0 0
243 70 1 4 1 1
486 70 1 12 0 1
729 70 0 0 0 0
972 70 0 0 0 0
1215 70 1 0 0 0
1458 70 0 0 0 0
-122 140 0 0 0 0
121 140 0 0 0 0
364 140 1 4 0 1
607 140 0 0 0 0
850 140 1 10 1 1
1093 140 0 0 0 0
1336 140 0 0 0 0
0 210 0 0 0 0
243 210 0 0 0 0
486 210 1 12 1 1
729 210 0 0 0 0
972 210 0 0 0 0
1215 210 0 0 0 0
1458 210 0 0 0 0
-122 280 0 0 0 0
121 280 1 0 0 0
364 280 0 0 0 0
607 280 0 0 0 0
850 280 0 0 0 0
1093 280 0 0 0 0
1336 280 1 9 1 1
0 350 0 0 0 0
243 350 0 0 0 0
486 350 0 0 0 0
729 350 1 2 1 1
972 350 1 7 1 1
1215 350 1 8 1 1
1458 350 0 0 0 0
-122 420 0 0 0 0
121 420 0 0 0 0
364 420 0 0 0 0
607 420 0 0 0 0
850 420 0 0 0 0
1093 420 0 0 0 0
1336 420 0 0 0 0
0 490 1 0 0 0
243 490 0 0 0 0
486 490 1 6 1 1
729 490 1 1 0 1
972 490 1 7 0 1
1215 490 0 0 0 0
1458 490 0 0 0 0
-122 560 0 0 0 0
121 560 1 0 0 0
364 560 1 0 0 1
607 560 0 0 0 0
850 560 1 0 0 0
1093 560 1 0 0 0
1336 560 0 0 0 0
0 630 1 11 0 1
243 630 0 0 0 0
486 630 0 0 0 0
729 630 1 1 1 1
972 630 1 0 0 0
1215 630 1 0 0 0
1458 630 0 0 0 0
-122 700 0 0 0 0
121 700 0 0 0 0
364 700 1 0 1 1
607 700 1 1 0 1
850 700 0 0 0 0
1093 700 0 0 0 0
1336 700 0 0 0 0
0 770 1 11 1 1
243 770 0 0 0 0
486 770 0 0 0 0
729 770 1 1 0 1
972 770 0 0 0 0
1215 770 0 0 0 0
1458 770 0 0 0 0
-122 840 0 0 0 0
121 840 1 3 1 1
364 840 0 0 0 0
607 840 0 0 0 0
850 840 1 0 0 0
1093 840 1 0 0 0
1336 840 1 5 1 1

0 2 50
2 9
2 7

3 4 50
3 8
3 9
3 10
3 6

2 1 50
3 4

4 3 50
1 11
1 12
0 12

1 2 50
1 0
2 1

10 3 50
6 11
6 13
5 12

10 1 50
2 6

10 2 50
4 4
4 6

10 1 50
5 4

10 1 50
6 3

10 1 50
4 1

10 2 50
0 10
0 8

10 2 50
2 2
2 0

0 0 0

