arya                            
8 50 20 10
7 10 150 117 4 1 13
271 187 1 6 1 1
514 187 1 0 0 0
757 187 1 1 0 0
1000 187 1 10 1 1
1243 187 1 10 0 0
1486 187 0 0 0 0
1729 187 1 11 1 1
150 257 0 4 1 0
393 257 1 6 0 1
636 257 1 1 0 0
879 257 0 1 1 0
1122 257 0 10 1 0
1365 257 1 0 0 0
1608 257 0 0 0 0
271 327 1 6 0 1
514 327 0 0 0 0
757 327 0 1 1 0
1000 327 0 1 0 0
1243 327 0 0 0 0
1486 327 0 11 0 0
1729 327 0 0 0 0
150 397 0 4 0 0
393 397 1 7 1 1
636 397 0 1 1 0
879 397 0 0 0 0
1122 397 1 0 0 0
1365 397 0 0 0 0
1608 397 0 8 0 0
271 467 1 0 0 1
514 467 1 7 0 1
757 467 0 3 0 0
1000 467 0 0 0 0
1243 467 0 0 0 0
1486 467 0 11 1 0
1729 467 1 1 1 1
150 537 0 2 1 0
393 537 0 6 1 0
636 537 1 0 0 0
879 537 0 0 0 0
1122 537 1 9 0 1
1365 537 0 0 0 0
1608 537 0 2 0 0
271 607 1 0 1 1
514 607 1 1 0 0
757 607 0 4 1 0
1000 607 0 0 1 0
1243 607 1 9 1 1
1486 607 1 3 1 1
1729 607 1 1 1 1
150 677 0 2 1 0
393 677 1 0 0 1
636 677 1 12 1 1
879 677 0 0 0 0
1122 677 0 0 0 0
1365 677 1 3 0 1
1608 677 0 2 1 0
271 747 0 3 1 0
514 747 1 8 0 1
757 747 1 4 0 1
1000 747 1 4 0 1
1243 747 1 9 0 1
1486 747 1 2 0 1
1729 747 0 2 1 0
150 817 1 5 1 1
393 817 1 8 1 1
636 817 1 12 1 1
879 817 1 4 1 1
1122 817 0 0 1 0
1365 817 0 0 0 0
1608 817 1 2 1 1
0 3 10 0 0 0
0 6
0 4
1 7
2 2 10 0 0 0
6 6
6 4
4 2 10 0 0 0
6 9
5 8
1 2 10 0 0 0
5 6
5 7
3 3 10 0 0 0
3 9
3 8
2 8
10 1 20 0 0 0
0 9
10 3 20 0 0 0
0 0
0 2
1 1
10 2 20 0 0 0
1 3
1 4
10 2 20 0 0 0
1 9
1 8
10 3 20 0 0 0
4 6
4 5
4 8
10 1 20 0 0 0
3 0
10 1 20 0 0 0
6 0
10 2 20 0 0 0
2 9
2 7
0
0 10 -1 1
0 10 -1 1
0 10 -1 1
0 10 -1 1
0 10 -1 1
0
