arya                            
8 50 20 10 0 1
7 11 35 97 1 1 10
156 167 0 0 0 0
399 167 1 7 0 1
642 167 1 9 0 1
885 167 0 0 0 0
1128 167 0 0 0 0
1371 167 1 6 0 1
1614 167 0 0 0 0
35 237 0 0 0 0
278 237 1 7 1 1
521 237 0 0 0 0
764 237 1 9 1 1
1007 237 1 0 1 1
1250 237 1 6 0 1
1493 237 1 3 0 1
156 307 1 7 0 1
399 307 1 7 0 1
642 307 0 0 0 0
885 307 1 0 0 1
1128 307 1 0 0 1
1371 307 1 6 1 1
1614 307 1 3 1 1
35 377 1 0 0 0
278 377 0 0 0 0
521 377 0 0 0 0
764 377 1 9 0 1
1007 377 1 0 0 1
1250 377 1 6 0 1
1493 377 0 0 0 0
156 447 0 0 0 0
399 447 0 0 0 0
642 447 1 0 0 0
885 447 0 0 0 0
1128 447 0 0 0 0
1371 447 0 0 0 0
1614 447 0 0 0 0
35 517 0 0 0 0
278 517 1 4 1 1
521 517 1 8 0 1
764 517 0 0 0 0
1007 517 0 0 0 0
1250 517 1 0 0 0
1493 517 1 5 0 1
156 587 1 4 0 1
399 587 0 0 0 0
642 587 0 0 0 0
885 587 0 0 0 0
1128 587 0 0 0 0
1371 587 0 0 0 0
1614 587 1 5 1 1
35 657 1 1 0 1
278 657 1 4 0 1
521 657 1 8 1 1
764 657 0 0 0 0
1007 657 1 0 0 0
1250 657 1 0 0 0
1493 657 1 2 0 1
156 727 0 0 0 0
399 727 0 0 0 0
642 727 1 8 0 1
885 727 0 0 0 0
1128 727 1 0 0 0
1371 727 0 0 0 0
1614 727 1 2 0 1
35 797 1 1 1 1
278 797 1 0 0 0
521 797 1 8 0 1
764 797 1 0 0 0
1007 797 0 0 0 0
1250 797 0 0 0 0
1493 797 1 2 1 1
156 867 1 1 0 1
399 867 0 0 0 0
642 867 0 0 0 0
885 867 0 0 0 0
1128 867 0 0 0 0
1371 867 1 2 0 1
1614 867 1 2 0 1
0 4 14 12 12 1 0
4 1
4 2
4 3
3 2
1068 322 825 322 0 0 0 1644497393 711390 0.000000 0 9
1068 287 825 287 0 0 0 1644497393 711390 0.000000 0 9
1068 252 825 252 0 0 0 1644497393 711390 0.000000 0 9
1068 322 825 322 0 0 0 1644497393 711391 180000.000000 0 9
1068 287 825 287 0 0 0 1644497393 711391 180000.000000 0 9
1068 252 825 252 0 0 0 1644497393 711391 180000.000000 0 9
1068 322 825 322 0 0 0 1644497393 711391 360000.000000 0 9
1068 287 825 287 0 0 0 1644497393 711391 360000.000000 0 9
1068 252 825 252 0 0 0 1644497393 711391 360000.000000 0 9
1068 322 825 322 0 0 0 1644497393 711391 540000.000000 0 9
1068 287 825 287 0 0 0 1644497393 711391 540000.000000 0 9
1068 252 825 252 0 0 0 1644497393 711391 540000.000000 0 9
1 3 3 0 11 0 0
0 9
0 10
0 7
565 744 592 742 1 1 1 1644497391 332904 0.000000 1 8
555 709 582 707 1 1 1 1644497391 332904 0.000000 1 8
545 674 572 672 1 1 1 1644497391 332904 0.000000 1 8
565 744 592 742 1 1 1 1644497391 332904 180000.000000 1 8
555 709 582 707 1 1 1 1644497391 332904 180000.000000 1 8
545 674 572 672 1 1 1 1644497391 332905 180000.000000 1 8
565 744 592 742 1 1 1 1644497391 332905 360000.000000 1 8
555 709 582 707 1 1 1 1644497391 332905 360000.000000 1 8
545 674 572 672 1 1 1 1644497391 332905 360000.000000 1 8
565 744 592 742 1 1 1 1644497391 332905 540000.000000 1 8
555 709 582 707 1 1 1 1644497392 13490 0.000000 1 8
10 5 20 0 0 0 0
6 9
6 10
6 8
6 7
5 10
10 2 20 0 0 0 0
6 2
6 1
10 3 20 0 0 0 0
1 5
1 7
0 6
10 2 20 0 0 0 0
6 6
6 5
10 4 20 0 0 0 0
5 2
5 3
5 1
5 0
10 4 20 0 0 0 0
1 1
1 2
1 0
0 2
10 4 9 0 0 0 0
2 7
2 8
2 9
2 5
10 3 20 0 0 0 0
3 1
3 3
2 0
1
2 416 738 1 0 1644497392 319804 0.000000 1
0 1 0 -1 -1 1
0 1 10 2 0 1
0
