arya                            
8 50 20 10
7 11 82 83 4 1 13
203 153 0 8 1 0
446 153 0 0 0 0
689 153 0 0 0 0
932 153 1 10 1 1
1175 153 0 9 1 0
1418 153 1 2 1 1
1661 153 0 6 0 0
82 223 0 0 0 0
325 223 1 9 1 1
568 223 1 0 0 0
811 223 1 10 0 1
1054 223 0 0 0 0
1297 223 0 1 0 0
1540 223 1 2 0 1
203 293 1 5 0 1
446 293 0 0 0 0
689 293 1 2 0 0
932 293 0 2 0 0
1175 293 0 7 0 0
1418 293 0 0 0 0
1661 293 0 6 1 0
82 363 1 5 0 1
325 363 0 0 0 0
568 363 1 6 0 1
811 363 0 2 1 0
1054 363 1 3 1 1
1297 363 1 1 1 1
1540 363 0 6 0 0
203 433 1 5 1 1
446 433 0 0 0 0
689 433 0 2 0 0
932 433 0 0 0 0
1175 433 0 7 0 0
1418 433 0 7 0 0
1661 433 1 8 1 1
82 503 0 0 0 0
325 503 1 5 0 1
568 503 1 6 1 1
811 503 1 7 1 1
1054 503 1 3 0 1
1297 503 1 1 1 1
1540 503 0 0 0 0
203 573 1 5 0 1
446 573 1 6 0 1
689 573 1 0 1 1
932 573 0 0 0 0
1175 573 1 1 0 1
1418 573 0 0 0 0
1661 573 0 0 0 0
82 643 1 11 1 0
325 643 0 4 0 0
568 643 0 0 0 0
811 643 1 0 0 1
1054 643 0 0 0 0
1297 643 0 0 0 0
1540 643 1 12 1 1
203 713 1 4 0 1
446 713 1 4 1 1
689 713 1 0 1 1
932 713 1 11 0 1
1175 713 0 10 0 0
1418 713 1 12 1 1
1661 713 1 0 0 0
82 783 0 0 0 0
325 783 1 4 1 1
568 783 0 0 0 0
811 783 1 0 0 1
1054 783 1 11 0 1
1297 783 0 10 1 0
1540 783 0 0 0 0
203 853 0 5 1 0
446 853 1 4 0 1
689 853 0 0 0 0
932 853 1 11 1 1
1175 853 0 0 0 0
1418 853 1 12 0 1
1661 853 0 0 0 0
0 4 10 0 0 0
2 8
2 6
3 9
3 7
2 3 10 0 0 0
5 5
5 3
4 6
4 2 10 0 0 0
5 0
6 1
1 2 10 0 0 0
4 3
4 5
3 4 10 0 0 0
1 9
1 10
1 8
0 8
10 5 20 0 0 0
0 4
0 3
0 6
0 2
1 5
10 3 20 0 0 0
2 5
2 3
1 6
10 1 20 0 0 0
3 5
10 1 20 0 0 0
6 4
10 1 20 0 0 0
1 1
10 2 20 0 0 0
3 0
3 1
10 3 20 0 0 0
3 10
3 8
4 9
10 3 20 0 0 0
5 8
5 10
6 7
0
0 10 -1 1
0 10 -1 1
0 10 -1 1
0 10 -1 1
0 10 -1 1
0
