arya                            
8 50 20 10
7 10 50 178 4 1 13
171 248 1 3 1 0
414 248 1 12 1 1
657 248 1 1 1 0
900 248 1 4 0 0
1143 248 1 5 1 1
1386 248 0 0 0 0
1629 248 1 3 1 1
50 318 0 8 1 0
293 318 0 5 0 0
536 318 1 2 0 1
779 318 0 1 0 0
1022 318 0 4 1 0
1265 318 0 0 1 0
1508 318 0 5 0 0
171 388 1 8 0 0
414 388 1 2 1 1
657 388 0 1 0 0
900 388 1 11 0 1
1143 388 0 4 0 0
1386 388 1 7 1 1
1629 388 1 3 1 1
50 458 1 1 0 1
293 458 0 5 0 0
536 458 1 2 1 1
779 458 0 1 1 0
1022 458 1 11 1 1
1265 458 0 0 1 0
1508 458 0 3 1 0
171 528 0 3 1 0
414 528 0 4 1 0
657 528 0 2 0 0
900 528 1 11 0 1
1143 528 1 11 0 1
1386 528 1 7 0 1
1629 528 0 4 0 0
50 598 1 1 1 1
293 598 1 9 1 1
536 598 1 2 1 1
779 598 1 1 0 0
1022 598 0 0 1 0
1265 598 0 9 1 0
1508 598 1 7 0 0
171 668 0 0 0 0
414 668 0 4 1 0
657 668 1 6 1 1
900 668 1 1 1 0
1143 668 1 0 0 1
1386 668 0 0 0 0
1629 668 0 0 0 0
50 738 0 6 0 0
293 738 1 4 0 1
536 738 1 6 1 1
779 738 1 10 1 1
1022 738 0 1 1 0
1265 738 0 8 1 0
1508 738 1 8 0 1
171 808 1 4 1 1
414 808 0 7 0 0
657 808 1 6 0 1
900 808 1 10 0 1
1143 808 1 0 1 1
1386 808 1 8 1 1
1629 808 0 0 0 0
50 878 0 6 1 0
293 878 0 3 1 0
536 878 0 7 1 0
779 878 1 10 1 1
1022 878 1 0 1 1
1265 878 0 0 1 0
1508 878 0 0 0 0
0 3 10 0 0 0
4 8
4 9
4 6
2 2 10 0 0 0
0 5
0 3
4 4 10 0 0 0
2 3
2 5
2 1
1 2
1 2 10 0 0 0
6 2
6 0
3 2 10 0 0 0
0 8
1 7
10 1 20 0 0 0
4 0
10 3 20 0 0 0
2 7
2 8
2 6
10 2 20 0 0 0
5 2
5 4
10 2 20 0 0 0
5 8
6 7
10 1 20 0 0 0
1 5
10 3 20 0 0 0
3 9
3 8
3 7
10 4 20 0 0 0
4 3
4 4
3 4
3 2
10 1 20 0 0 0
1 0
0
0 10 -1 1
0 10 -1 1
0 10 -1 1
0 10 -1 1
0 10 -1 1
0
