4
1
13
0 70 1 0 0 0
243 70 1 6 1 1
486 70 0 0 0 0
729 70 1 12 1 1
972 70 0 0 0 0
1215 70 1 5 1 1
1458 70 0 0 0 0
-121 140 0 0 0 0
122 140 0 0 0 0
365 140 1 3 1 1
608 140 0 0 0 0
851 140 0 0 0 0
1094 140 0 0 0 0
1337 140 1 5 0 1
0 210 1 8 0 1
243 210 1 3 0 1
486 210 0 0 0 0
729 210 0 0 0 0
972 210 1 0 0 0
1215 210 0 0 0 0
1458 210 0 0 0 0
-121 280 0 0 0 0
122 280 1 0 0 0
365 280 0 0 0 0
608 280 1 9 1 1
851 280 1 0 0 0
1094 280 0 0 0 0
1337 280 1 7 1 1
0 350 1 8 1 1
243 350 0 0 0 0
486 350 1 1 1 1
729 350 0 0 0 0
972 350 0 0 0 0
1215 350 1 7 0 1
1458 350 0 0 0 0
-121 420 0 0 0 0
122 420 0 0 0 0
365 420 0 0 0 0
608 420 1 1 0 1
851 420 1 2 0 1
1094 420 0 0 0 0
1337 420 1 7 0 1
0 490 0 0 0 0
243 490 1 0 0 1
486 490 1 1 0 1
729 490 1 0 0 0
972 490 0 0 0 0
1215 490 0 0 0 0
1458 490 0 0 0 0
-121 560 0 0 0 0
122 560 1 0 0 1
365 560 0 0 0 0
608 560 1 0 0 0
851 560 1 2 1 1
1094 560 0 0 0 0
1337 560 0 0 0 0
0 630 1 4 1 1
243 630 1 0 1 1
486 630 1 0 0 0
729 630 0 0 0 0
972 630 1 2 0 1
1215 630 0 0 0 0
1458 630 0 0 0 0
-121 700 0 0 0 0
122 700 1 0 0 1
365 700 1 0 0 1
608 700 0 0 0 0
851 700 0 0 0 0
1094 700 1 0 0 0
1337 700 1 0 0 0
0 770 1 4 0 1
243 770 0 0 0 0
486 770 0 0 0 0
729 770 1 11 0 1
972 770 1 10 0 1
1215 770 0 0 0 0
1458 770 0 0 0 0
-121 840 0 0 0 0
122 840 1 0 0 0
365 840 0 0 0 0
608 840 1 11 1 1
851 840 1 10 1 1
1094 840 0 0 0 0
1337 840 0 0 0 0

0 5 50
1 8
1 9
1 7
1 6
2 9

2 3 50
2 4
2 6
3 5

1 3 50
4 7
4 8
4 5

4 2 50
2 1
1 2

3 2 50
0 8
0 10

10 2 50
5 0
6 1

10 1 50
1 0

10 3 50
6 3
6 5
5 4

10 2 50
0 4
0 2

10 1 50
3 3

10 2 50
4 11
4 10

10 2 50
3 11
3 10

10 1 50
3 0

0 0 0

