arya                            
8 50 20 10 0 1
7 10 26 118 4 1 13
147 188 1 6 1 0
390 188 1 0 1 0
633 188 1 8 1 1
876 188 0 2 1 0
1119 188 1 0 0 1
1362 188 0 6 0 0
1605 188 1 10 1 1
26 258 0 9 1 0
269 258 0 5 1 0
512 258 0 11 1 0
755 258 0 10 1 0
998 258 0 5 1 0
1241 258 0 7 1 0
1484 258 1 10 0 1
147 328 1 3 0 1
390 328 1 3 1 1
633 328 1 7 1 1
876 328 0 5 1 0
1119 328 1 0 1 1
1362 328 1 11 1 1
1605 328 0 12 1 0
26 398 1 1 1 0
269 398 1 3 1 1
512 398 1 7 1 1
755 398 0 2 0 0
998 398 0 4 0 0
1241 398 0 7 0 0
1484 398 1 11 1 1
147 468 0 1 0 0
390 468 0 0 1 0
633 468 1 7 1 1
876 468 1 4 1 1
1119 468 0 7 1 0
1362 468 0 7 1 0
1605 468 0 4 1 0
26 538 1 9 1 1
269 538 0 2 0 0
512 538 1 5 0 1
755 538 1 4 0 1
998 538 0 5 1 0
1241 538 1 6 1 1
1484 538 1 1 0 1
147 608 1 9 1 1
390 608 1 5 1 1
633 608 0 2 0 0
876 608 0 5 0 0
1119 608 0 5 0 0
1362 608 1 6 1 1
1605 608 1 1 1 1
26 678 0 1 0 0
269 678 0 2 0 0
512 678 1 5 1 1
755 678 1 1 0 0
998 678 1 2 1 1
1241 678 0 11 0 0
1484 678 0 0 1 0
147 748 1 9 1 1
390 748 0 3 0 0
633 748 1 5 1 1
876 748 1 2 1 1
1119 748 1 2 1 1
1362 748 0 0 0 0
1605 748 1 1 1 1
26 818 1 8 1 0
269 818 0 10 0 0
512 818 1 5 1 1
755 818 0 2 1 0
998 818 0 8 0 0
1241 818 0 9 1 0
1484 818 1 12 1 1
0 2 10 0 0 0 0
4 2
4 0
1 3 10 0 0 0 0
6 6
6 5
6 8
2 3 10 0 0 0 0
4 7
4 8
3 8
3 3 10 0 0 0 0
1 3
1 2
0 2
4 2 10 0 0 0 0
3 4
3 5
10 5 20 0 0 0 0
2 7
2 8
2 9
2 5
1 6
10 2 20 0 0 0 0
5 6
5 5
10 3 20 0 0 0 0
2 4
2 3
2 2
10 1 20 0 0 0 0
2 0
10 3 20 0 0 0 0
0 6
0 5
0 8
10 2 20 0 0 0 0
6 0
6 1
10 2 20 0 0 0 0
6 3
5 2
10 1 20 0 0 0 0
6 9
0
0 1 10 -1 -1 1
0 1 10 -1 -1 1
0 1 10 -1 -1 1
0 1 10 -1 -1 1
0 1 10 -1 -1 1
0
