arya                            
8 50 20 10
7 11 108 70 4 1 13
229 140 0 3 0 0
472 140 0 0 0 0
715 140 1 5 1 1
958 140 1 12 1 1
1201 140 1 4 1 0
1444 140 0 5 1 0
1687 140 1 2 1 0
108 210 0 9 0 0
351 210 1 1 1 1
594 210 1 1 1 1
837 210 1 5 0 1
1080 210 0 1 1 0
1323 210 0 5 1 0
1566 210 0 2 0 0
229 280 1 7 1 1
472 280 1 1 1 1
715 280 0 8 1 0
958 280 0 8 1 0
1201 280 0 5 0 0
1444 280 1 2 1 1
1687 280 1 2 1 0
108 350 1 7 1 1
351 350 1 1 0 1
594 350 1 1 0 1
837 350 1 11 1 1
1080 350 1 6 1 0
1323 350 1 2 0 1
1566 350 0 7 1 0
229 420 1 7 1 1
472 420 1 1 1 1
715 420 0 5 0 0
958 420 1 4 1 1
1201 420 1 4 1 0
1444 420 1 0 0 1
1687 420 1 0 1 1
108 490 0 2 1 0
351 490 0 7 0 0
594 490 0 1 1 0
837 490 0 3 1 0
1080 490 1 4 1 1
1323 490 0 4 1 0
1566 490 1 0 1 1
229 560 1 8 0 1
472 560 0 6 1 0
715 560 0 7 0 0
958 560 1 4 1 1
1201 560 0 1 1 0
1444 560 0 4 1 0
1687 560 1 0 0 1
108 630 0 2 1 0
351 630 1 8 1 1
594 630 0 6 0 0
837 630 1 4 1 1
1080 630 1 4 1 1
1323 630 1 3 1 1
1566 630 0 6 1 0
229 700 0 2 1 0
472 700 0 0 1 0
715 700 0 0 1 0
958 700 1 4 1 1
1201 700 1 3 1 1
1444 700 1 3 1 1
1687 700 1 10 1 1
108 770 1 5 0 0
351 770 0 11 1 0
594 770 0 0 1 0
837 770 1 3 1 0
1080 770 0 0 1 0
1323 770 0 4 1 0
1566 770 0 6 1 0
229 840 0 3 1 0
472 840 0 0 0 0
715 840 1 0 0 0
958 840 1 0 0 0
1201 840 1 6 1 1
1444 840 1 9 1 1
1687 840 0 0 0 0
0 4 10 0 0 0
6 5
6 6
6 4
5 4
2 6 10 0 0 0
1 2
1 3
1 1
1 4
2 3
2 1
3 2 10 0 0 0
5 2
5 3
4 3 10 0 0 0
5 7
5 8
4 8
1 6 10 0 0 0
3 6
3 7
3 8
3 4
4 7
4 5
10 2 20 0 0 0
2 0
3 1
10 1 20 0 0 0
4 10
10 3 20 0 0 0
0 3
0 4
0 2
10 2 20 0 0 0
1 7
0 6
10 1 20 0 0 0
5 10
10 1 20 0 0 0
6 8
10 1 20 0 0 0
3 3
10 1 20 0 0 0
3 0
0
0 10 -1 1
0 10 -1 1
0 10 -1 1
0 10 -1 1
0 10 -1 1
0
