arya                            
8 50 20 10
7 10 52 135 4 1 13
173 205 0 0 0 0
416 205 0 1 1 0
659 205 1 10 1 1
902 205 0 0 0 0
1145 205 1 4 0 1
1388 205 1 4 0 1
1631 205 1 12 1 1
52 275 0 0 0 0
295 275 0 1 0 0
538 275 0 0 0 0
781 275 0 0 0 0
1024 275 1 5 1 1
1267 275 1 4 1 1
1510 275 0 0 0 0
173 345 0 8 0 0
416 345 1 6 1 1
659 345 0 7 1 0
902 345 1 5 1 1
1145 345 0 3 1 0
1388 345 1 4 1 1
1631 345 0 0 0 0
52 415 0 6 1 0
295 415 0 8 1 0
538 415 1 6 0 1
781 415 1 5 0 1
1024 415 0 9 0 0
1267 415 1 4 0 1
1510 415 0 0 0 0
173 485 1 7 1 1
416 485 0 0 0 0
659 485 1 0 0 0
902 485 0 2 1 0
1145 485 1 8 1 1
1388 485 0 3 0 0
1631 485 0 4 0 0
52 555 0 0 0 0
295 555 0 0 0 0
538 555 1 1 1 1
781 555 0 2 0 0
1024 555 0 2 0 0
1267 555 1 8 0 1
1510 555 0 4 0 0
173 625 1 2 0 1
416 625 0 0 0 0
659 625 1 1 0 1
902 625 0 4 0 0
1145 625 0 4 0 0
1388 625 1 9 1 1
1631 625 1 0 1 1
52 695 0 6 1 0
295 695 1 2 1 1
538 695 1 1 1 1
781 695 1 3 1 1
1024 695 1 3 1 1
1267 695 1 9 0 1
1510 695 0 4 0 0
173 765 1 2 0 1
416 765 0 2 1 0
659 765 1 1 0 1
902 765 1 3 1 1
1145 765 1 11 1 1
1388 765 0 3 0 0
1631 765 1 0 1 1
52 835 0 6 1 0
295 835 0 0 0 0
538 835 1 1 0 1
781 835 0 9 0 0
1024 835 0 0 0 0
1267 835 0 5 1 0
1510 835 0 7 1 0
0 2 10 0 0 0
6 8
6 6
2 5 10 0 0 0
2 7
2 8
2 6
2 9
2 5
3 3 10 0 0 0
1 7
0 8
0 6
1 3 10 0 0 0
3 8
3 7
4 7
4 5 10 0 0 0
5 1
5 2
5 0
5 3
4 0
10 3 20 0 0 0
3 2
3 3
4 1
10 2 20 0 0 0
1 2
2 3
10 1 20 0 0 0
0 4
10 2 20 0 0 0
4 4
5 5
10 2 20 0 0 0
5 6
5 7
10 1 20 0 0 0
2 0
10 1 20 0 0 0
4 8
10 1 20 0 0 0
6 0
0
0 10 -1 1
0 10 -1 1
0 10 -1 1
0 10 -1 1
0 10 -1 1
0
