4
1
13
0 70 1 0 0 0
243 70 0 12 0 0
486 70 1 1 1 1
729 70 0 6 1 0
972 70 0 6 1 0
1215 70 0 0 0 0
1458 70 0 0 0 0
-122 140 0 0 0 0
121 140 0 12 1 0
364 140 1 1 0 1
607 140 0 6 0 0
850 140 0 0 0 0
1093 140 0 0 0 0
1336 140 1 5 1 1
0 210 1 12 0 0
243 210 0 4 1 0
486 210 1 1 0 1
729 210 1 0 0 0
972 210 0 3 0 0
1215 210 1 5 1 1
1458 210 0 0 0 0
-122 280 0 0 0 0
121 280 1 11 1 1
364 280 0 9 0 0
607 280 0 0 0 0
850 280 1 3 1 1
1093 280 1 4 1 0
1336 280 1 5 0 1
0 350 0 2 1 0
243 350 1 2 1 1
486 350 1 12 1 1
729 350 0 0 0 0
972 350 1 3 0 1
1215 350 1 2 0 0
1458 350 0 0 0 0
-122 420 0 0 0 0
121 420 0 2 0 0
364 420 0 4 0 0
607 420 1 4 1 1
850 420 1 3 0 1
1093 420 0 2 1 0
1336 420 1 10 1 1
0 490 1 2 0 0
243 490 1 2 1 1
486 490 1 12 0 1
729 490 1 4 1 1
972 490 1 0 0 1
1215 490 1 7 0 1
1458 490 0 0 0 0
-122 560 0 0 0 0
121 560 0 11 1 0
364 560 1 2 0 1
607 560 1 4 1 1
850 560 1 0 1 1
1093 560 0 1 1 0
1336 560 1 10 0 1
0 630 1 11 0 0
243 630 1 2 0 1
486 630 0 0 0 0
729 630 1 4 0 1
972 630 1 0 1 1
1215 630 1 7 1 1
1458 630 0 0 0 0
-122 700 0 0 0 0
121 700 1 8 1 1
364 700 1 9 1 1
607 700 0 9 1 0
850 700 0 7 1 0
1093 700 0 0 0 0
1336 700 1 7 1 1
0 770 1 8 1 1
243 770 0 0 0 0
486 770 1 9 0 1
729 770 0 5 0 0
972 770 1 0 1 1
1215 770 0 10 1 0
1458 770 0 0 0 0
-122 840 0 0 0 0
121 840 0 10 0 0
364 840 0 0 0 0
607 840 1 5 0 0
850 840 1 6 1 1
1093 840 1 0 0 0
1336 840 0 10 0 0

0 4 50
4 8
4 7
4 10
4 6

1 3 50
2 0
2 1
2 2

3 4 50
1 6
1 8
1 4
2 7

4 3 50
4 3
4 4
4 5

2 4 50
3 7
3 8
3 6
3 5

10 3 50
6 1
6 3
5 2

10 1 50
4 11

10 3 50
5 8
5 6
6 9

10 2 50
1 9
0 10

10 2 50
2 9
2 10

10 2 50
6 5
6 7

10 1 50
1 3

10 2 50
2 4
2 6

0 0 0

