4
1
13
0 70 0 0 0 0
243 70 0 0 0 0
486 70 0 0 0 0
729 70 1 0 1 1
972 70 0 0 0 0
1215 70 0 0 0 0
1458 70 0 0 0 0
-122 140 0 0 0 0
121 140 0 0 0 0
364 140 0 0 0 0
607 140 0 0 0 0
850 140 0 0 0 0
1093 140 1 5 0 1
1336 140 0 0 0 0
0 210 1 8 1 1
243 210 0 0 0 0
486 210 0 0 0 0
729 210 0 0 0 0
972 210 0 0 0 0
1215 210 1 5 1 1
1458 210 0 0 0 0
-122 280 0 0 0 0
121 280 1 8 0 1
364 280 1 9 1 1
607 280 1 11 1 1
850 280 0 0 0 0
1093 280 0 0 0 0
1336 280 1 2 1 1
0 350 0 0 0 0
243 350 0 0 0 0
486 350 0 0 0 0
729 350 0 0 0 0
972 350 0 0 0 0
1215 350 1 2 0 1
1458 350 0 0 0 0
-122 420 0 0 0 0
121 420 1 12 1 1
364 420 0 0 0 0
607 420 1 3 0 1
850 420 1 0 0 0
1093 420 0 0 0 0
1336 420 1 2 0 1
0 490 1 12 0 1
243 490 0 0 0 0
486 490 1 4 1 1
729 490 1 3 1 1
972 490 1 0 0 0
1215 490 0 0 0 0
1458 490 0 0 0 0
-122 560 0 0 0 0
121 560 1 12 0 1
364 560 0 0 0 0
607 560 0 0 0 0
850 560 1 3 0 1
1093 560 0 0 0 0
1336 560 1 10 0 1
0 630 0 0 0 0
243 630 1 7 0 1
486 630 0 0 0 0
729 630 1 3 0 1
972 630 0 0 0 0
1215 630 0 0 0 0
1458 630 0 0 0 0
-122 700 0 0 0 0
121 700 0 0 0 0
364 700 0 0 0 0
607 700 1 0 0 0
850 700 1 0 0 0
1093 700 0 0 0 0
1336 700 1 10 1 1
0 770 0 0 0 0
243 770 1 7 1 1
486 770 1 6 0 1
729 770 1 0 0 0
972 770 0 0 0 0
1215 770 1 1 1 1
1458 770 0 0 0 0
-122 840 0 0 0 0
121 840 0 0 0 0
364 840 1 6 1 1
607 840 0 0 0 0
850 840 1 0 0 0
1093 840 0 0 0 0
1336 840 1 1 0 1

0 1 10
3 0

1 2 10
5 10
6 11

2 3 10
6 3
6 5
5 4

4 4 10
3 6
3 5
3 8
4 7

3 1 10
2 6

10 2 10
5 2
5 1

10 2 10
2 11
2 10

10 2 10
1 10
1 8

10 2 10
0 2
1 3

10 1 10
2 3

10 2 10
6 9
6 7

10 1 10
3 3

10 3 10
1 5
1 7
0 6

0 0 0

