arya                            
8 50 20 10 0 1
7 10 88 148 1 1 10
209 218 1 7 1 1
452 218 0 0 0 0
695 218 1 6 0 1
938 218 0 0 0 0
1181 218 1 2 0 1
1424 218 0 0 0 0
1667 218 0 0 0 0
88 288 0 0 0 0
331 288 0 0 0 0
574 288 1 6 0 1
817 288 0 0 0 0
1060 288 0 0 0 0
1303 288 0 0 0 0
1546 288 1 3 0 1
209 358 1 7 0 1
452 358 0 0 0 0
695 358 1 6 1 1
938 358 1 0 0 0
1181 358 1 2 1 1
1424 358 1 0 0 0
1667 358 1 3 1 1
88 428 1 0 0 0
331 428 0 0 0 0
574 428 0 0 0 0
817 428 0 0 0 0
1060 428 0 0 0 0
1303 428 0 0 0 0
1546 428 1 3 0 1
209 498 1 0 0 0
452 498 1 9 1 1
695 498 0 0 0 0
938 498 0 0 0 0
1181 498 1 2 0 1
1424 498 1 0 0 0
1667 498 0 0 0 0
88 568 1 1 0 1
331 568 1 9 0 1
574 568 0 0 0 0
817 568 1 0 0 0
1060 568 1 4 1 1
1303 568 1 8 0 1
1546 568 1 5 0 1
209 638 1 1 0 1
452 638 1 0 0 1
695 638 0 0 0 0
938 638 0 0 0 0
1181 638 0 0 0 0
1424 638 0 0 0 0
1667 638 1 5 1 1
88 708 1 1 1 1
331 708 1 0 0 1
574 708 1 0 0 1
817 708 0 0 0 0
1060 708 1 4 0 1
1303 708 1 8 1 1
1546 708 0 0 0 0
209 778 1 1 0 1
452 778 1 0 1 1
695 778 0 0 0 0
938 778 0 0 0 0
1181 778 0 0 0 0
1424 778 0 0 0 0
1667 778 0 0 0 0
88 848 0 0 0 0
331 848 1 0 0 1
574 848 0 0 0 0
817 848 1 0 0 0
1060 848 0 0 0 0
1303 848 1 8 0 1
1546 848 0 0 0 0
0 5 10 0 0 0 0
1 8
1 9
1 7
1 6
2 7
1 4 10 0 0 0 0
0 7
0 8
0 6
0 5
10 3 20 0 0 0 0
4 2
4 4
4 0
10 3 20 0 0 0 0
6 2
6 3
6 1
10 2 20 0 0 0 0
4 5
4 7
10 2 20 0 0 0 0
6 6
6 5
10 3 20 0 0 0 0
2 2
2 1
2 0
10 2 20 0 0 0 0
0 0
0 2
10 3 20 0 0 0 0
5 7
5 9
5 5
10 2 20 0 0 0 0
1 4
1 5
0
0 1 10 -1 -1 1
0 1 10 -1 -1 1
0
