arya                            
8 50 20 10
7 11 40 90 4 1 13
161 160 1 2 0 1
404 160 0 0 0 0
647 160 0 0 0 0
890 160 1 8 1 1
1133 160 0 0 0 0
1376 160 0 0 0 0
1619 160 1 0 0 0
40 230 1 2 1 1
283 230 0 0 0 0
526 230 1 4 1 1
769 230 0 0 0 0
1012 230 1 8 0 1
1255 230 1 0 0 1
1498 230 0 0 0 0
161 300 0 0 0 0
404 300 0 0 0 0
647 300 1 4 0 1
890 300 0 0 0 0
1133 300 0 0 0 0
1376 300 1 0 0 1
1619 300 0 0 0 0
40 370 1 2 0 1
283 370 1 5 1 1
526 370 0 0 0 0
769 370 1 3 0 1
1012 370 1 3 0 1
1255 370 1 0 1 1
1498 370 1 6 0 1
161 440 0 0 0 0
404 440 0 0 0 0
647 440 1 12 1 1
890 440 1 3 1 1
1133 440 0 0 0 0
1376 440 1 0 0 1
1619 440 1 6 1 1
40 510 0 0 0 0
283 510 0 0 0 0
526 510 0 0 0 0
769 510 1 3 0 1
1012 510 0 0 0 0
1255 510 1 0 0 1
1498 510 1 6 0 1
161 580 1 1 0 1
404 580 0 0 0 0
647 580 1 12 0 1
890 580 1 3 0 1
1133 580 1 0 0 0
1376 580 0 0 0 0
1619 580 1 6 0 1
40 650 1 1 1 1
283 650 0 0 0 0
526 650 0 0 0 0
769 650 0 0 0 0
1012 650 1 11 0 1
1255 650 0 0 0 0
1498 650 1 0 0 0
161 720 0 0 0 0
404 720 1 7 0 1
647 720 0 0 0 0
890 720 0 0 0 0
1133 720 1 11 0 1
1376 720 0 0 0 0
1619 720 0 0 0 0
40 790 1 1 0 1
283 790 1 10 1 1
526 790 1 7 1 1
769 790 1 9 1 1
1012 790 1 11 1 1
1255 790 1 0 0 0
1498 790 0 0 0 0
161 860 1 10 0 1
404 860 0 0 0 0
647 860 1 7 0 1
890 860 0 0 0 0
1133 860 0 0 0 0
1376 860 0 0 0 0
1619 860 1 0 0 0
0 5 10 0 0 0
5 3
5 4
5 2
5 5
5 1
2 3 10 0 0 0
0 7
0 6
0 9
1 3 10 0 0 0
0 1
0 0
0 3
4 5 10 0 0 0
3 4
3 5
3 3
3 6
4 3
3 2 10 0 0 0
2 1
2 2
10 1 20 0 0 0
1 3
10 4 20 0 0 0
6 4
6 5
6 3
6 6
10 3 20 0 0 0
2 9
2 10
1 8
10 2 20 0 0 0
3 0
4 1
10 1 20 0 0 0
3 9
10 2 20 0 0 0
1 9
0 10
10 3 20 0 0 0
4 9
4 8
4 7
10 2 20 0 0 0
2 4
2 6
0
0 10 -1 1
0 10 -1 1
0 10 -1 1
0 10 -1 1
0 10 -1 1
0
