arya                            
8 50 20 10 0 1
7 10 160 124 2 1 11
281 194 0 0 0 0
524 194 1 10 1 1
767 194 1 8 1 1
1010 194 0 0 0 0
1253 194 0 0 0 0
1496 194 1 2 0 1
1739 194 1 9 1 1
160 264 0 0 0 0
403 264 1 10 0 1
646 264 1 8 0 1
889 264 0 0 0 0
1132 264 1 3 0 1
1375 264 0 0 0 0
1618 264 1 2 0 1
281 334 1 1 0 1
524 334 0 0 0 0
767 334 1 8 0 1
1010 334 1 3 0 1
1253 334 0 0 0 0
1496 334 1 2 1 1
1739 334 1 9 0 1
160 404 0 0 0 0
403 404 0 0 0 0
646 404 0 0 0 0
889 404 1 0 0 0
1132 404 1 3 1 1
1375 404 0 0 0 0
1618 404 1 2 0 1
281 474 1 1 1 1
524 474 0 0 0 0
767 474 1 6 0 1
1010 474 1 3 0 1
1253 474 0 0 0 0
1496 474 0 0 0 0
1739 474 0 0 0 0
160 544 0 0 0 0
403 544 1 1 0 1
646 544 1 4 0 1
889 544 0 0 0 0
1132 544 1 3 0 1
1375 544 0 0 0 0
1618 544 0 0 0 0
281 614 0 0 0 0
524 614 1 4 1 1
767 614 1 6 1 1
1010 614 0 0 0 0
1253 614 1 0 0 0
1496 614 0 0 0 0
1739 614 1 5 1 1
160 684 1 0 0 0
403 684 0 0 0 0
646 684 0 0 0 0
889 684 0 0 0 0
1132 684 0 0 0 0
1375 684 1 7 0 1
1618 684 1 5 0 1
281 754 1 0 0 1
524 754 1 0 0 1
767 754 0 0 0 0
1010 754 1 0 0 0
1253 754 0 0 0 0
1496 754 1 7 0 1
1739 754 0 0 0 0
160 824 0 0 0 0
403 824 1 0 1 1
646 824 0 0 0 0
889 824 0 0 0 0
1132 824 1 0 0 0
1375 824 1 7 1 1
1618 824 0 0 0 0
0 3 10 0 0 0 0
1 9
1 8
0 8
1 3 10 0 0 0 0
0 4
0 2
1 5
2 4 10 0 0 0 0
5 2
5 0
6 3
6 1
10 5 20 0 0 0 0
4 3
4 5
4 1
3 4
3 2
10 2 20 0 0 0 0
1 6
2 5
10 2 20 0 0 0 0
6 6
6 7
10 2 20 0 0 0 0
2 6
2 4
10 3 20 0 0 0 0
5 9
5 8
5 7
10 3 20 0 0 0 0
2 0
2 1
2 2
10 2 20 0 0 0 0
6 0
6 2
10 2 20 0 0 0 0
1 0
1 1
0
0 1 10 -1 -1 1
0 1 10 -1 -1 1
0 1 10 -1 -1 1
0
