arya                            
8 50 20 10
7 10 78 144 4 1 13
199 214 0 4 0 0
442 214 1 6 1 0
685 214 0 2 1 0
928 214 1 3 0 1
1171 214 1 2 1 1
1414 214 1 8 1 1
1657 214 1 11 0 0
78 284 1 12 1 1
321 284 1 4 1 0
564 284 0 4 1 0
807 284 1 3 1 1
1050 284 1 2 0 1
1293 284 0 7 0 0
1536 284 1 8 0 1
199 354 0 8 1 0
442 354 0 4 1 0
685 354 0 2 1 0
928 354 0 2 0 0
1171 354 0 0 0 0
1414 354 0 7 1 0
1657 354 1 9 1 0
78 424 1 12 1 1
321 424 0 4 1 0
564 424 0 2 0 0
807 424 1 0 0 1
1050 424 1 4 1 1
1293 424 1 10 1 1
1536 424 1 9 1 0
199 494 1 12 1 1
442 494 1 2 1 0
685 494 1 0 1 1
928 494 1 4 0 1
1171 494 0 5 1 0
1414 494 1 1 1 1
1657 494 0 5 0 0
78 564 0 0 0 0
321 564 1 5 0 1
564 564 0 0 1 0
807 564 1 0 1 1
1050 564 0 2 1 0
1293 564 0 0 0 0
1536 564 0 1 0 0
199 634 1 5 0 1
442 634 0 2 1 0
685 634 1 0 1 1
928 634 0 2 0 0
1171 634 0 1 0 0
1414 634 1 1 1 1
1657 634 0 5 1 0
78 704 0 7 1 0
321 704 1 5 1 1
564 704 1 9 1 1
807 704 0 0 0 0
1050 704 1 6 1 1
1293 704 1 1 1 1
1536 704 1 1 0 1
199 774 1 5 0 1
442 774 0 0 0 0
685 774 0 0 0 0
928 774 0 0 0 0
1171 774 1 6 1 1
1414 774 0 0 0 0
1657 774 1 11 0 1
78 844 0 3 0 0
321 844 1 5 0 1
564 844 1 9 1 1
807 844 0 0 0 0
1050 844 0 1 0 0
1293 844 1 7 1 1
1536 844 1 11 1 1
0 4 10 0 0 0
2 4
2 6
3 5
3 3
2 4 10 0 0 0
5 6
5 7
5 4
6 7
4 2 10 0 0 0
4 0
4 1
1 2 10 0 0 0
3 1
3 0
3 2 10 0 0 0
4 3
3 4
10 5 20 0 0 0
1 7
1 9
1 5
0 8
0 6
10 2 20 0 0 0
4 7
4 8
10 1 20 0 0 0
5 9
10 2 20 0 0 0
5 0
6 1
10 2 20 0 0 0
2 7
2 9
10 1 20 0 0 0
5 3
10 2 20 0 0 0
6 9
6 8
10 3 20 0 0 0
0 3
0 4
0 1
0
0 10 -1 1
0 10 -1 1
0 10 -1 1
0 10 -1 1
0 10 -1 1
0
