4
1
13
0 70 1 9 1 1
243 70 0 0 0 0
486 70 1 4 1 1
729 70 1 8 0 1
972 70 1 6 0 1
1215 70 1 5 1 1
1458 70 0 0 0 0
-121 140 0 0 0 0
122 140 0 0 0 0
365 140 0 0 0 0
608 140 1 4 0 1
851 140 0 0 0 0
1094 140 0 0 0 0
1337 140 0 0 0 0
0 210 1 9 0 1
243 210 1 12 1 1
486 210 0 0 0 0
729 210 1 8 1 1
972 210 1 6 1 1
1215 210 1 5 0 1
1458 210 0 0 0 0
-121 280 0 0 0 0
122 280 0 0 0 0
365 280 1 12 0 1
608 280 1 8 0 1
851 280 1 6 0 1
1094 280 0 0 0 0
1337 280 1 1 0 1
0 350 1 3 0 1
243 350 0 0 0 0
486 350 1 0 0 0
729 350 0 0 0 0
972 350 1 6 0 1
1215 350 0 0 0 0
1458 350 1 1 1 1
-121 420 0 0 0 0
122 420 0 0 0 0
365 420 0 0 0 0
608 420 0 0 0 0
851 420 0 0 0 0
1094 420 0 0 0 0
1337 420 1 1 0 1
0 490 1 3 1 1
243 490 1 0 0 0
486 490 1 0 0 0
729 490 0 0 0 0
972 490 0 0 0 0
1215 490 1 0 0 1
1458 490 0 0 0 0
-121 560 1 3 0 1
122 560 1 3 0 1
365 560 0 0 0 0
608 560 0 0 0 0
851 560 1 7 1 1
1094 560 1 0 1 1
1337 560 0 0 0 0
0 630 1 3 0 1
243 630 0 0 0 0
486 630 0 0 0 0
729 630 1 7 0 1
972 630 0 0 0 0
1215 630 0 0 0 0
1458 630 0 0 0 0
-121 700 0 0 0 0
122 700 1 10 0 1
365 700 0 0 0 0
608 700 0 0 0 0
851 700 1 7 0 1
1094 700 1 0 0 1
1337 700 0 0 0 0
0 770 0 0 0 0
243 770 1 10 1 1
486 770 1 0 0 0
729 770 1 11 1 1
972 770 0 0 0 0
1215 770 1 2 1 1
1458 770 1 0 0 0
-121 840 0 0 0 0
122 840 1 10 0 1
365 840 1 10 0 1
608 840 0 0 0 0
851 840 0 0 0 0
1094 840 1 2 0 1
1337 840 0 0 0 0

0 3 50
5 7
5 6
5 9

2 4 50
6 4
6 5
6 3
7 5

4 2 50
5 10
5 11

1 5 50
0 6
0 7
0 8
0 4
1 7

3 2 50
2 0
3 1

10 2 50
5 0
5 2

10 4 50
4 2
4 3
4 4
4 0

10 3 50
4 7
4 9
3 8

10 3 50
3 2
3 3
3 0

10 2 50
0 0
0 2

10 4 50
1 10
1 11
1 9
2 11

10 1 50
3 10

10 2 50
1 2
2 3

0 0 0

