arya                            
8 50 20 10
7 11 113 80 4 1 13
234 150 1 0 0 0
477 150 1 10 1 1
720 150 0 0 0 0
963 150 1 0 0 0
1206 150 1 1 0 1
1449 150 1 1 0 1
1692 150 1 12 0 1
113 220 1 3 0 1
356 220 1 7 0 1
599 220 0 0 0 0
842 220 0 0 0 0
1085 220 0 0 0 0
1328 220 1 1 1 1
1571 220 1 12 0 1
234 290 1 3 0 1
477 290 1 7 0 1
720 290 0 10 0 0
963 290 0 0 0 0
1206 290 0 0 0 0
1449 290 1 1 0 1
1692 290 1 12 1 1
113 360 1 3 1 1
356 360 1 7 1 1
599 360 1 0 0 1
842 360 0 10 1 0
1085 360 1 8 1 1
1328 360 0 3 0 0
1571 360 0 0 0 0
234 430 1 3 0 1
477 430 0 2 0 0
720 430 1 0 1 1
963 430 1 8 0 1
1206 430 1 8 0 1
1449 430 1 11 1 1
1692 430 0 0 0 0
113 500 1 3 0 1
356 500 0 0 0 0
599 500 0 2 0 0
842 500 0 0 0 0
1085 500 1 8 1 1
1328 500 0 0 0 0
1571 500 0 0 0 0
234 570 1 5 1 1
477 570 1 4 1 1
720 570 1 0 0 1
963 570 0 1 0 0
1206 570 1 0 0 0
1449 570 0 5 1 0
1692 570 1 4 1 0
113 640 1 5 0 1
356 640 1 4 0 1
599 640 0 2 0 0
842 640 0 1 1 0
1085 640 0 0 0 0
1328 640 1 6 0 1
1571 640 1 6 0 1
234 710 1 5 1 1
477 710 1 4 0 1
720 710 1 0 0 0
963 710 1 2 0 1
1206 710 1 2 0 1
1449 710 1 6 1 1
1692 710 0 0 0 0
113 780 1 5 0 1
356 780 0 0 0 0
599 780 0 0 0 0
842 780 0 0 0 0
1085 780 1 2 1 1
1328 780 0 0 0 0
1571 780 0 0 0 0
234 850 0 0 0 0
477 850 1 9 1 1
720 850 0 0 0 0
963 850 0 0 0 0
1206 850 0 0 0 0
1449 850 1 6 0 1
1692 850 0 0 0 0
0 3 10 0 0 0
2 4
2 3
2 6
2 4 10 0 0 0
5 1
5 2
5 0
4 0
1 3 10 0 0 0
4 9
4 8
3 8
4 5 10 0 0 0
0 3
0 4
0 2
0 5
0 1
3 3 10 0 0 0
1 6
1 7
1 8
10 4 20 0 0 0
0 8
0 9
0 7
0 6
10 4 20 0 0 0
5 8
5 7
5 10
6 7
10 3 20 0 0 0
1 3
1 2
1 1
10 4 20 0 0 0
4 3
4 4
4 5
3 4
10 1 20 0 0 0
1 10
10 1 20 0 0 0
1 0
10 1 20 0 0 0
5 4
10 3 20 0 0 0
6 2
6 1
6 0
0
0 10 -1 1
0 10 -1 1
0 10 -1 1
0 10 -1 1
0 10 -1 1
0
