4
1
13
121 167 1 2 1 1
364 167 1 0 0 0
607 167 0 0 0 0
850 167 0 0 0 0
1093 167 1 0 0 0
1336 167 1 0 0 0
1579 167 0 0 0 0
0 237 1 2 0 1
243 237 0 0 0 0
486 237 1 5 1 1
729 237 0 0 0 0
972 237 0 0 0 0
1215 237 1 0 0 0
1458 237 0 0 0 0
121 307 0 0 0 0
364 307 0 0 0 0
607 307 1 0 0 1
850 307 1 6 1 1
1093 307 0 0 0 0
1336 307 0 0 0 0
1579 307 0 0 0 0
0 377 1 10 1 1
243 377 1 0 0 0
486 377 1 0 0 1
729 377 1 6 0 1
972 377 0 0 0 0
1215 377 0 0 0 0
1458 377 0 0 0 0
121 447 1 10 0 1
364 447 1 0 0 0
607 447 1 0 1 1
850 447 1 6 0 1
1093 447 1 4 1 1
1336 447 0 0 0 0
1579 447 0 0 0 0
0 517 1 10 0 1
243 517 0 0 0 0
486 517 0 0 0 0
729 517 0 0 0 0
972 517 0 0 0 0
1215 517 0 0 0 0
1458 517 0 0 0 0
121 587 1 0 0 0
364 587 0 0 0 0
607 587 0 0 0 0
850 587 0 0 0 0
1093 587 0 0 0 0
1336 587 1 0 0 0
1579 587 1 7 0 1
0 657 0 0 0 0
243 657 0 0 0 0
486 657 0 0 0 0
729 657 0 0 0 0
972 657 1 9 1 1
1215 657 0 0 0 0
1458 657 0 0 0 0
121 727 0 0 0 0
364 727 1 3 0 1
607 727 1 8 1 1
850 727 1 1 0 1
1093 727 0 0 0 0
1336 727 1 12 0 1
1579 727 1 7 1 1
0 797 0 0 0 0
243 797 0 0 0 0
486 797 1 8 0 1
729 797 1 1 1 1
972 797 1 9 0 1
1215 797 1 12 0 1
1458 797 1 7 0 1
121 867 0 0 0 0
364 867 1 3 1 1
607 867 1 1 0 1
850 867 0 0 0 0
1093 867 1 11 1 1
1336 867 1 12 1 1
1579 867 1 7 0 1
0 0 0 0 0 0
0 0 0 0 0 0
0 0 0 0 0 0
0 0 0 0 0 0
0 0 0 0 0 0
0 0 0 0 0 0
0 0 0 0 0 0

0 3 50
2 4
2 3
2 2

4 3 50
3 9
3 8
2 10

1 2 50
0 0
0 1

2 2 50
1 10
1 8

3 1 50
4 4

10 1 50
2 1

10 3 50
3 2
3 3
3 4

10 5 50
6 8
6 9
6 10
6 6
7 9

10 2 50
2 8
2 9

10 2 50
4 7
4 9

10 3 50
0 3
0 4
0 5

10 1 50
4 10

10 3 50
5 10
5 9
5 8

0 0 0

