arya                            
8 50 20 10
7 11 129 102 4 1 13
250 172 0 0 1 0
493 172 1 1 1 1
736 172 1 11 1 1
979 172 1 8 1 1
1222 172 0 5 1 0
1465 172 1 7 1 1
1708 172 1 7 1 1
129 242 0 0 1 0
372 242 1 1 0 1
615 242 0 7 0 0
858 242 1 11 1 1
1101 242 1 8 1 1
1344 242 0 5 1 0
1587 242 1 7 1 1
250 312 1 10 1 1
493 312 1 1 1 1
736 312 1 11 1 1
979 312 0 8 1 0
1222 312 0 5 1 0
1465 312 1 7 1 1
1708 312 0 9 1 0
129 382 1 9 1 1
372 382 0 3 1 0
615 382 1 7 1 0
858 382 0 0 1 0
1101 382 0 6 0 0
1344 382 1 0 1 1
1587 382 1 7 1 1
250 452 1 9 1 1
493 452 0 5 1 0
736 452 0 4 0 0
979 452 0 4 0 0
1222 452 1 0 0 1
1465 452 1 0 1 1
1708 452 1 9 1 0
129 522 1 9 1 1
372 522 0 3 0 0
615 522 1 4 1 0
858 522 0 10 0 0
1101 522 1 6 1 1
1344 522 1 0 1 1
1587 522 1 6 1 0
250 592 1 9 1 1
493 592 0 7 1 0
736 592 0 4 1 0
979 592 0 2 1 0
1222 592 1 0 1 1
1465 592 1 0 1 1
1708 592 0 2 1 0
129 662 0 3 1 0
372 662 1 1 1 0
615 662 1 7 0 0
858 662 1 2 1 1
1101 662 1 6 0 1
1344 662 0 6 0 0
1587 662 1 4 0 1
250 732 1 5 1 1
493 732 0 5 0 0
736 732 0 11 1 0
979 732 1 2 1 1
1222 732 0 0 0 0
1465 732 1 6 1 0
1708 732 1 4 1 1
129 802 1 5 1 1
372 802 0 5 0 0
615 802 0 2 0 0
858 802 0 3 0 0
1101 802 1 3 0 1
1344 802 1 3 0 1
1587 802 0 3 0 0
250 872 0 0 0 0
493 872 1 12 1 1
736 872 1 2 1 0
979 872 1 3 1 0
1222 872 1 3 1 1
1465 872 0 3 1 0
1708 872 1 4 0 1
0 6 10 0 0 0
5 5
5 6
5 4
5 3
4 6
4 4
2 3 10 0 0 0
1 0
1 1
1 2
4 2 10 0 0 0
3 7
3 8
3 3 10 0 0 0
4 10
4 9
5 9
1 3 10 0 0 0
6 8
6 7
6 10
10 2 20 0 0 0
0 9
0 8
10 2 20 0 0 0
4 5
4 7
10 5 20 0 0 0
6 1
6 0
6 3
5 2
5 0
10 2 20 0 0 0
4 1
3 0
10 4 20 0 0 0
0 5
0 6
0 4
0 3
10 1 20 0 0 0
0 2
10 3 20 0 0 0
2 0
2 2
3 1
10 1 20 0 0 0
1 10
0
0 10 -1 1
0 10 -1 1
0 10 -1 1
0 10 -1 1
0 10 -1 1
0
