arya                            
8 50 20 10
7 9 126 197 4 1 13
247 267 1 11 0 1
490 267 1 1 0 1
733 267 0 0 0 0
976 267 1 3 0 1
1219 267 1 0 0 0
1462 267 1 5 1 1
1705 267 0 0 0 0
126 337 1 11 1 1
369 337 0 0 0 0
612 337 1 1 1 1
855 337 1 3 1 1
1098 337 0 0 0 0
1341 337 0 0 0 0
1584 337 0 0 0 0
247 407 1 11 0 1
490 407 0 0 0 0
733 407 0 0 0 0
976 407 0 0 0 0
1219 407 1 4 0 1
1462 407 1 4 0 1
1705 407 1 9 1 1
126 477 0 0 0 0
369 477 0 0 0 0
612 477 0 0 0 0
855 477 1 3 0 1
1098 477 1 6 1 1
1341 477 1 4 1 1
1584 477 1 7 0 1
247 547 0 0 0 0
490 547 0 0 0 0
733 547 0 0 0 0
976 547 1 6 0 1
1219 547 1 4 0 1
1462 547 0 0 0 0
1705 547 0 0 0 0
126 617 1 0 0 0
369 617 1 2 1 1
612 617 0 0 0 0
855 617 0 0 0 0
1098 617 0 0 0 0
1341 617 1 4 0 1
1584 617 1 7 1 1
247 687 0 0 0 0
490 687 1 2 0 1
733 687 0 0 0 0
976 687 0 0 0 0
1219 687 1 0 0 1
1462 687 0 0 0 0
1705 687 0 0 0 0
126 757 0 0 0 0
369 757 1 2 0 1
612 757 0 0 0 0
855 757 1 12 1 1
1098 757 1 0 1 1
1341 757 0 0 0 0
1584 757 0 0 0 0
247 827 0 0 0 0
490 827 1 10 1 1
733 827 0 0 0 0
976 827 0 0 0 0
1219 827 0 0 0 0
1462 827 0 0 0 0
1705 827 1 8 1 1
0 2 10 0 0 0
4 7
4 6
2 2 10 0 0 0
2 1
1 0
4 3 10 0 0 0
1 5
1 6
1 7
1 3 10 0 0 0
3 1
3 0
3 3
3 5 10 0 0 0
5 3
5 2
5 5
4 4
4 2
10 1 20 0 0 0
5 0
10 2 20 0 0 0
4 3
3 4
10 2 20 0 0 0
6 5
6 3
10 1 20 0 0 0
6 8
10 1 20 0 0 0
6 2
10 1 20 0 0 0
1 8
10 3 20 0 0 0
0 1
0 2
0 0
10 1 20 0 0 0
3 7
0
0 10 -1 1
0 10 -1 1
0 10 -1 1
0 10 -1 1
0 10 -1 1
0
