4
1
13
121 70 1 11 1 1
364 70 1 0 0 0
607 70 1 1 1 1
850 70 0 0 0 0
1093 70 1 5 1 1
1336 70 0 0 0 0
1579 70 0 0 0 0
0 140 0 0 0 0
243 140 1 11 0 1
486 140 0 0 0 0
729 140 1 0 0 1
972 140 0 0 0 0
1215 140 0 0 0 0
1458 140 0 0 0 0
121 210 0 0 0 0
364 210 1 0 0 0
607 210 1 1 0 1
850 210 1 0 0 1
1093 210 1 5 0 1
1336 210 0 0 0 0
1579 210 0 0 0 0
0 280 0 0 0 0
243 280 1 7 0 1
486 280 1 10 1 1
729 280 1 0 1 1
972 280 0 0 0 0
1215 280 0 0 0 0
1458 280 0 0 0 0
121 350 0 0 0 0
364 350 1 7 0 1
607 350 1 0 0 1
850 350 0 0 0 0
1093 350 0 0 0 0
1336 350 0 0 0 0
1579 350 0 0 0 0
0 420 0 0 0 0
243 420 1 7 1 1
486 420 0 0 0 0
729 420 0 0 0 0
972 420 0 0 0 0
1215 420 0 0 0 0
1458 420 1 0 0 0
121 490 1 7 0 1
364 490 0 0 0 0
607 490 1 4 1 1
850 490 1 8 1 1
1093 490 1 0 0 0
1336 490 1 6 1 1
1579 490 0 0 0 0
0 560 0 0 0 0
243 560 0 0 0 0
486 560 0 0 0 0
729 560 0 0 0 0
972 560 1 8 0 1
1215 560 0 0 0 0
1458 560 1 6 0 1
121 630 1 0 0 0
364 630 0 0 0 0
607 630 0 0 0 0
850 630 0 0 0 0
1093 630 0 0 0 0
1336 630 0 0 0 0
1579 630 0 0 0 0
0 700 0 0 0 0
243 700 1 2 0 1
486 700 1 9 0 1
729 700 1 3 0 1
972 700 1 0 0 0
1215 700 1 12 1 1
1458 700 0 0 0 0
121 770 1 0 0 0
364 770 1 2 0 1
607 770 1 9 0 1
850 770 1 3 1 1
1093 770 0 0 0 0
1336 770 0 0 0 0
1579 770 0 0 0 0
0 840 0 0 0 0
243 840 1 2 1 1
486 840 1 9 1 1
729 840 1 3 0 1
972 840 0 0 0 0
1215 840 0 0 0 0
1458 840 1 0 0 0

0 4 50
3 3
3 2
3 1
2 4

4 2 50
2 0
2 2

2 3 50
1 11
1 10
1 9

1 3 50
3 10
3 11
3 9

3 1 50
2 6

10 2 50
4 0
4 2

10 2 50
5 6
6 7

10 4 50
1 5
1 4
1 3
0 6

10 2 50
3 6
4 7

10 3 50
2 11
2 10
2 9

10 1 50
2 3

10 2 50
0 0
1 1

10 1 50
5 9

0 0 0

