arya                            
8 50 20 10
7 10 53 118 4 1 13
174 188 0 0 0 0
417 188 1 2 1 1
660 188 1 4 0 1
903 188 1 11 1 1
1146 188 1 4 1 0
1389 188 1 7 1 1
1632 188 1 0 0 0
53 258 0 0 0 0
296 258 0 0 0 0
539 258 1 2 1 1
782 258 1 4 0 1
1025 258 1 11 0 1
1268 258 0 0 0 0
1511 258 0 5 0 0
174 328 0 0 0 0
417 328 1 2 0 1
660 328 1 4 1 1
903 328 0 0 0 0
1146 328 0 0 0 0
1389 328 1 7 1 1
1632 328 0 0 0 0
53 398 1 0 1 1
296 398 0 0 0 0
539 398 0 0 0 0
782 398 1 3 0 1
1025 398 0 9 1 0
1268 398 0 5 0 0
1511 398 0 0 0 0
174 468 0 0 0 0
417 468 1 1 0 1
660 468 1 1 1 1
903 468 0 0 0 0
1146 468 0 0 0 0
1389 468 1 8 1 1
1632 468 1 12 1 1
53 538 1 0 1 1
296 538 0 0 0 0
539 538 1 1 1 1
782 538 1 3 1 1
1025 538 0 0 0 0
1268 538 0 0 0 0
1511 538 0 0 0 0
174 608 1 6 0 1
417 608 0 6 1 0
660 608 1 1 0 1
903 608 0 7 1 0
1146 608 1 0 0 0
1389 608 0 0 0 0
1632 608 0 0 0 0
53 678 1 6 1 1
296 678 1 6 0 0
539 678 1 1 0 1
782 678 1 3 0 1
1025 678 0 0 0 0
1268 678 1 9 1 1
1511 678 0 0 1 0
174 748 0 10 0 0
417 748 1 0 0 0
660 748 1 11 1 0
903 748 0 7 0 0
1146 748 0 0 0 0
1389 748 0 0 0 0
1632 748 0 0 0 0
53 818 0 0 0 0
296 818 1 0 0 0
539 818 0 11 0 0
782 818 0 0 0 0
1025 818 1 10 1 1
1268 818 1 9 1 1
1511 818 1 5 1 1
0 2 10 0 0 0
0 3
0 5
2 5 10 0 0 0
2 5
2 6
2 4
2 7
1 4
1 3 10 0 0 0
1 0
1 2
2 1
3 3 10 0 0 0
3 5
3 7
3 3
4 3 10 0 0 0
2 2
2 0
3 1
10 1 20 0 0 0
6 9
10 2 20 0 0 0
0 7
0 6
10 2 20 0 0 0
5 0
5 2
10 1 20 0 0 0
5 4
10 2 20 0 0 0
5 9
5 7
10 1 20 0 0 0
4 9
10 2 20 0 0 0
3 0
4 1
10 1 20 0 0 0
6 4
0
0 10 -1 1
0 10 -1 1
0 10 -1 1
0 10 -1 1
0 10 -1 1
0
