arya                            
8 50 20 10
7 10 16 118 4 1 13
137 188 0 4 1 0
380 188 0 11 1 0
623 188 0 7 1 0
866 188 1 0 1 1
1109 188 1 9 1 1
1352 188 0 3 1 0
1595 188 1 6 0 0
16 258 1 4 1 0
259 258 1 2 0 0
502 258 1 6 1 1
745 258 1 0 0 1
988 258 1 0 0 1
1231 258 0 4 0 0
1474 258 0 3 0 0
137 328 0 4 0 0
380 328 0 2 1 0
623 328 0 0 1 0
866 328 1 0 1 1
1109 328 0 1 0 0
1352 328 0 5 1 0
1595 328 0 6 1 0
16 398 0 6 0 0
259 398 1 1 1 1
502 398 0 0 0 0
745 398 1 4 1 1
988 398 1 12 1 1
1231 398 0 4 1 0
1474 398 0 5 0 0
137 468 1 1 0 1
380 468 0 4 0 0
623 468 0 7 0 0
866 468 1 4 1 1
1109 468 1 7 1 1
1352 468 1 8 1 1
1595 468 1 2 1 1
16 538 0 3 1 0
259 538 1 1 1 1
502 538 0 0 0 0
745 538 1 4 1 1
988 538 1 7 0 1
1231 538 1 7 0 1
1474 538 0 2 0 0
137 608 0 9 0 0
380 608 1 1 0 1
623 608 0 7 1 0
866 608 0 1 0 0
1109 608 1 7 1 1
1352 608 0 8 1 0
1595 608 0 5 1 0
16 678 1 11 1 1
259 678 1 1 0 1
502 678 0 0 0 0
745 678 0 7 1 0
988 678 0 7 0 0
1231 678 0 0 1 0
1474 678 1 5 1 1
137 748 1 11 1 1
380 748 0 4 1 0
623 748 0 7 0 0
866 748 0 9 0 0
1109 748 0 6 1 0
1352 748 0 0 0 0
1595 748 0 5 1 0
16 818 1 11 0 1
259 818 1 11 1 1
502 818 1 10 1 1
745 818 1 9 1 0
988 818 1 3 1 1
1231 818 1 2 0 0
1474 818 0 5 0 0
0 4 10 0 0 0
3 0
3 1
3 2
4 1
2 5 10 0 0 0
1 5
1 6
1 7
1 3
0 4
4 1 10 0 0 0
6 4
3 1 10 0 0 0
4 9
1 3 10 0 0 0
3 3
3 4
3 5
10 1 20 0 0 0
6 7
10 1 20 0 0 0
2 1
10 4 20 0 0 0
4 6
4 5
4 4
5 5
10 1 20 0 0 0
5 4
10 1 20 0 0 0
4 0
10 1 20 0 0 0
2 9
10 4 20 0 0 0
0 8
0 9
0 7
1 9
10 1 20 0 0 0
4 3
0
0 10 -1 1
0 10 -1 1
0 10 -1 1
0 10 -1 1
0 10 -1 1
0
