arya                            
8 50 20 10 0 1
7 10 144 145 1 1 10
265 215 1 0 0 0
508 215 0 0 0 0
751 215 0 0 0 0
994 215 1 7 0 1
1237 215 1 0 0 0
1480 215 1 1 0 1
1723 215 0 0 0 0
144 285 0 0 0 0
387 285 0 0 0 0
630 285 0 0 0 0
873 285 0 0 0 0
1116 285 1 7 0 1
1359 285 0 0 0 0
1602 285 1 1 1 1
265 355 1 9 0 1
508 355 1 0 1 1
751 355 0 0 0 0
994 355 1 7 1 1
1237 355 0 0 0 0
1480 355 1 1 0 1
1723 355 1 1 0 1
144 425 1 9 1 1
387 425 1 0 0 1
630 425 0 0 0 0
873 425 0 0 0 0
1116 425 0 0 0 0
1359 425 1 8 0 1
1602 425 0 0 0 0
265 495 0 0 0 0
508 495 0 0 0 0
751 495 0 0 0 0
994 495 0 0 0 0
1237 495 1 3 0 1
1480 495 1 8 1 1
1723 495 1 0 0 0
144 565 0 0 0 0
387 565 0 0 0 0
630 565 1 2 1 1
873 565 0 0 0 0
1116 565 0 0 0 0
1359 565 1 3 0 1
1602 565 0 0 0 0
265 635 0 0 0 0
508 635 0 0 0 0
751 635 1 2 0 1
994 635 1 0 0 0
1237 635 1 3 1 1
1480 635 0 0 0 0
1723 635 1 0 0 0
144 705 1 5 0 1
387 705 1 5 0 1
630 705 0 0 0 0
873 705 0 0 0 0
1116 705 0 0 0 0
1359 705 0 0 0 0
1602 705 1 4 0 1
265 775 1 5 1 1
508 775 0 0 0 0
751 775 1 6 0 1
994 775 1 0 0 0
1237 775 0 0 0 0
1480 775 1 4 1 1
1723 775 1 0 0 0
144 845 1 5 0 1
387 845 0 0 0 0
630 845 1 6 1 1
873 845 0 0 0 0
1116 845 0 0 0 0
1359 845 0 0 0 0
1602 845 0 0 0 0
0 2 10 0 0 0 0
1 2
1 3
1 4 10 0 0 0 0
6 1
6 2
5 2
5 0
10 2 20 0 0 0 0
2 5
2 6
10 3 20 0 0 0 0
4 6
4 4
5 5
10 2 20 0 0 0 0
5 8
6 7
10 4 20 0 0 0 0
0 8
0 9
0 7
1 7
10 2 20 0 0 0 0
2 9
2 8
10 3 20 0 0 0 0
3 2
3 0
4 1
10 2 20 0 0 0 0
5 4
5 3
10 2 20 0 0 0 0
0 3
0 2
0
0 1 10 -1 -1 1
0 1 10 -1 -1 1
0
