arya                            
8 50 20 10
7 9 10 197 4 1 13
131 267 1 0 0 1
374 267 1 5 1 1
617 267 0 0 0 0
860 267 0 8 1 0
1103 267 0 0 1 0
1346 267 1 1 1 1
1589 267 1 6 1 1
10 337 1 0 1 1
253 337 0 6 1 0
496 337 0 7 0 0
739 337 0 0 0 0
982 337 0 0 0 0
1225 337 0 0 0 0
1468 337 1 1 1 1
131 407 1 0 1 1
374 407 1 5 0 1
617 407 1 12 0 1
860 407 0 0 0 0
1103 407 0 0 0 0
1346 407 1 1 0 1
1589 407 1 6 0 1
10 477 1 0 0 1
253 477 0 5 1 0
496 477 1 12 1 1
739 477 0 5 0 0
982 477 1 3 1 1
1225 477 0 0 0 0
1468 477 0 9 0 0
131 547 1 0 0 1
374 547 0 5 0 0
617 547 0 6 0 0
860 547 1 10 1 1
1103 547 1 3 1 1
1346 547 1 9 1 1
1589 547 1 9 1 0
10 617 1 8 1 1
253 617 0 2 0 0
496 617 0 7 0 0
739 617 0 6 1 0
982 617 0 0 0 0
1225 617 1 3 0 1
1468 617 0 9 0 0
131 687 0 2 1 0
374 687 1 7 1 1
617 687 1 2 1 1
860 687 0 0 0 0
1103 687 0 4 0 0
1346 687 0 0 0 0
1589 687 0 0 0 0
10 757 1 8 1 1
253 757 1 7 1 1
496 757 0 7 1 0
739 757 0 3 0 0
982 757 0 0 0 0
1225 757 1 4 1 1
1468 757 1 4 0 1
131 827 1 7 1 1
374 827 1 7 0 1
617 827 1 2 0 1
860 827 0 11 1 0
1103 827 1 11 1 1
1346 827 1 4 1 1
1589 827 1 0 0 0
0 5 10 0 0 0
0 2
0 3
0 1
0 4
0 0
2 3 10 0 0 0
5 0
5 2
6 1
3 2 10 0 0 0
2 6
2 8
1 3 10 0 0 0
4 4
4 3
5 5
4 3 10 0 0 0
5 8
5 7
6 7
10 2 20 0 0 0
1 0
1 2
10 2 20 0 0 0
6 0
6 2
10 4 20 0 0 0
1 7
1 8
1 6
0 8
10 2 20 0 0 0
0 7
0 5
10 1 20 0 0 0
5 4
10 1 20 0 0 0
3 4
10 1 20 0 0 0
4 8
10 2 20 0 0 0
2 3
2 2
0
0 10 -1 1
0 10 -1 1
0 10 -1 1
0 10 -1 1
0 10 -1 1
0
