4
1
13
121 70 1 10 1 1
364 70 1 2 0 1
607 70 1 12 1 1
850 70 1 7 1 1
1093 70 0 0 0 0
1336 70 0 0 0 0
1579 70 0 0 0 0
0 140 0 0 0 0
243 140 0 0 0 0
486 140 0 0 0 0
729 140 0 0 0 0
972 140 0 0 0 0
1215 140 0 0 0 0
1458 140 1 0 0 0
121 210 0 0 0 0
364 210 1 2 1 1
607 210 0 0 0 0
850 210 1 7 0 1
1093 210 1 0 0 1
1336 210 0 0 0 0
1579 210 0 0 0 0
0 280 0 0 0 0
243 280 1 2 0 1
486 280 0 0 0 0
729 280 0 0 0 0
972 280 0 0 0 0
1215 280 0 0 0 0
1458 280 1 9 0 1
121 350 1 1 0 1
364 350 0 0 0 0
607 350 0 0 0 0
850 350 0 0 0 0
1093 350 1 0 1 1
1336 350 0 0 0 0
1579 350 0 0 0 0
0 420 0 0 0 0
243 420 1 11 1 1
486 420 0 0 0 0
729 420 1 4 1 1
972 420 1 0 0 1
1215 420 0 0 0 0
1458 420 1 9 1 1
121 490 1 1 1 1
364 490 0 0 0 0
607 490 0 0 0 0
850 490 0 0 0 0
1093 490 0 0 0 0
1336 490 0 0 0 0
1579 490 0 0 0 0
0 560 0 0 0 0
243 560 0 0 0 0
486 560 0 0 0 0
729 560 1 4 0 1
972 560 1 0 0 0
1215 560 1 0 0 0
1458 560 0 0 0 0
121 630 1 1 0 1
364 630 0 0 0 0
607 630 1 6 0 1
850 630 1 5 0 1
1093 630 0 0 0 0
1336 630 0 0 0 0
1579 630 0 0 0 0
0 700 0 0 0 0
243 700 1 0 0 0
486 700 0 0 0 0
729 700 0 0 0 0
972 700 0 0 0 0
1215 700 0 0 0 0
1458 700 1 8 0 1
121 770 1 3 1 1
364 770 0 0 0 0
607 770 1 6 1 1
850 770 1 5 1 1
1093 770 1 0 0 0
1336 770 0 0 0 0
1579 770 0 0 0 0
0 840 0 0 0 0
243 840 1 3 0 1
486 840 1 6 0 1
729 840 1 5 0 1
972 840 1 5 0 1
1215 840 1 0 0 0
1458 840 1 8 1 1

0 3 50
4 4
4 5
4 2

3 3 50
0 6
0 8
0 4

4 3 50
1 2
1 3
1 0

2 2 50
0 10
1 11

1 2 50
3 5
3 7

10 4 50
3 10
3 11
3 8
4 11

10 3 50
2 10
2 11
2 8

10 2 50
3 0
3 2

10 2 50
6 11
6 9

10 2 50
6 5
6 3

10 1 50
0 0

10 1 50
1 5

10 1 50
2 0

0 0 0

