4
1
13
121 70 0 0 0 0
364 70 1 0 0 0
607 70 0 0 0 0
850 70 0 0 0 0
1093 70 0 0 0 0
1336 70 1 4 1 1
1579 70 1 0 0 0
0 140 1 0 0 0
243 140 0 0 0 0
486 140 1 2 0 1
729 140 0 0 0 0
972 140 1 6 1 1
1215 140 1 4 0 1
1458 140 0 0 0 0
121 210 0 0 0 0
364 210 0 0 0 0
607 210 1 2 0 1
850 210 0 0 0 0
1093 210 1 6 0 1
1336 210 1 4 0 1
1579 210 0 0 0 0
0 280 0 0 0 0
243 280 1 0 0 0
486 280 1 2 1 1
729 280 1 0 0 0
972 280 0 0 0 0
1215 280 0 0 0 0
1458 280 1 0 1 1
121 350 1 8 0 1
364 350 0 0 0 0
607 350 1 2 0 1
850 350 0 0 0 0
1093 350 0 0 0 0
1336 350 0 0 0 0
1579 350 1 0 0 1
0 420 1 8 0 1
243 420 1 9 0 1
486 420 1 2 0 1
729 420 0 0 0 0
972 420 1 12 1 1
1215 420 1 0 0 0
1458 420 1 0 0 1
121 490 1 8 1 1
364 490 1 9 1 1
607 490 1 0 0 0
850 490 1 10 1 1
1093 490 1 12 0 1
1336 490 0 0 0 0
1579 490 0 0 0 0
0 560 1 5 0 1
243 560 0 0 0 0
486 560 0 0 0 0
729 560 0 0 0 0
972 560 1 10 0 1
1215 560 0 0 0 0
1458 560 0 0 0 0
121 630 0 0 0 0
364 630 0 0 0 0
607 630 1 3 0 1
850 630 0 0 0 0
1093 630 0 0 0 0
1336 630 1 0 0 0
1579 630 0 0 0 0
0 700 1 5 1 1
243 700 0 0 0 0
486 700 1 3 1 1
729 700 0 0 0 0
972 700 0 0 0 0
1215 700 0 0 0 0
1458 700 1 1 1 1
121 770 1 5 0 1
364 770 1 3 0 1
607 770 0 0 0 0
850 770 0 0 0 0
1093 770 0 0 0 0
1336 770 0 0 0 0
1579 770 1 1 0 1
0 840 0 0 0 0
243 840 1 7 1 1
486 840 1 3 0 1
729 840 0 0 0 0
972 840 0 0 0 0
1215 840 1 11 1 1
1458 840 0 0 0 0

0 3 50
6 3
6 4
6 5

2 2 50
6 9
6 10

1 5 50
2 3
2 4
2 2
2 5
2 1

3 4 50
2 9
2 8
2 11
1 10

4 3 50
5 0
5 1
5 2

10 3 50
0 9
0 10
0 7

10 2 50
4 1
4 2

10 1 50
1 11

10 3 50
0 6
0 5
0 4

10 2 50
1 6
1 5

10 2 50
3 6
4 7

10 1 50
5 11

10 2 50
4 5
4 6

0 0 0

