4
1
13
121 98 0 0 0 0
364 98 0 0 0 0
607 98 1 0 0 0
850 98 1 3 1 1
1093 98 0 0 0 0
1336 98 1 0 0 0
1579 98 0 0 0 0
0 168 0 0 0 0
243 168 1 0 1 1
486 168 0 0 0 0
729 168 1 3 0 1
972 168 0 0 0 0
1215 168 0 0 0 0
1458 168 1 10 1 1
121 238 0 0 0 0
364 238 1 0 0 1
607 238 1 12 0 1
850 238 1 3 0 1
1093 238 1 2 1 1
1336 238 0 0 0 0
1579 238 0 0 0 0
0 308 0 0 0 0
243 308 1 0 0 1
486 308 1 12 1 1
729 308 0 0 0 0
972 308 1 2 0 1
1215 308 0 0 0 0
1458 308 0 0 0 0
121 378 0 0 0 0
364 378 0 0 0 0
607 378 0 0 0 0
850 378 1 0 0 0
1093 378 1 2 0 1
1336 378 0 0 0 0
1579 378 0 0 0 0
0 448 1 4 0 1
243 448 0 0 0 0
486 448 0 0 0 0
729 448 0 0 0 0
972 448 0 0 0 0
1215 448 0 0 0 0
1458 448 0 0 0 0
121 518 1 4 1 1
364 518 0 0 0 0
607 518 1 7 1 1
850 518 0 0 0 0
1093 518 1 1 0 1
1336 518 0 0 0 0
1579 518 0 0 0 0
0 588 1 4 0 1
243 588 1 4 0 1
486 588 0 0 0 0
729 588 1 7 0 1
972 588 1 1 1 1
1215 588 1 5 1 1
1458 588 1 0 0 0
121 658 0 0 0 0
364 658 1 11 1 1
607 658 1 7 0 1
850 658 0 0 0 0
1093 658 1 1 0 1
1336 658 1 5 0 1
1579 658 1 0 0 0
0 728 1 9 1 1
243 728 0 0 0 0
486 728 1 6 0 1
729 728 1 0 0 0
972 728 0 0 0 0
1215 728 1 5 0 1
1458 728 0 0 0 0
121 798 1 9 0 1
364 798 1 11 0 1
607 798 1 6 0 1
850 798 0 0 0 0
1093 798 1 8 1 1
1336 798 0 0 0 0
1579 798 0 0 0 0
0 868 1 9 0 1
243 868 0 0 0 0
486 868 1 6 1 1
729 868 1 0 0 0
972 868 1 8 0 1
1215 868 0 0 0 0
1458 868 0 0 0 0

0 3 50
1 1
1 2
1 3

4 3 50
4 7
4 8
4 6

2 3 50
4 2
4 3
4 4

3 3 50
3 0
3 1
3 2

1 4 50
0 6
0 7
0 5
1 7

10 3 50
5 7
5 8
5 9

10 3 50
2 11
2 10
2 9

10 3 50
2 6
2 8
3 7

10 2 50
4 10
4 11

10 3 50
0 9
0 10
0 11

10 1 50
6 1

10 2 50
1 8
1 10

10 2 50
2 3
2 2

0 0 0

