arya                            
8 50 20 10
7 11 23 107 4 1 13
144 177 1 2 1 1
387 177 0 0 0 0
630 177 0 10 1 0
873 177 1 5 0 1
1116 177 1 11 1 1
1359 177 0 2 0 0
1602 177 1 10 1 1
23 247 1 9 1 1
266 247 1 2 1 1
509 247 1 5 0 0
752 247 0 10 1 0
995 247 0 6 0 0
1238 247 1 11 1 1
1481 247 0 10 1 0
144 317 1 2 0 1
387 317 0 5 1 0
630 317 1 8 1 0
873 317 1 5 1 1
1116 317 0 1 1 0
1359 317 0 3 1 0
1602 317 1 10 1 1
23 387 1 3 0 1
266 387 1 0 1 1
509 387 1 0 0 1
752 387 1 5 0 1
995 387 0 0 0 0
1238 387 0 0 0 0
1481 387 0 3 0 0
144 457 0 4 1 0
387 457 1 0 1 1
630 457 0 0 0 0
873 457 1 5 0 1
1116 457 1 6 0 1
1359 457 0 2 0 0
1602 457 0 9 1 0
23 527 1 3 1 1
266 527 1 0 0 1
509 527 1 0 1 1
752 527 0 0 1 0
995 527 0 0 0 0
1238 527 1 6 1 1
1481 527 1 6 0 0
144 597 0 0 0 0
387 597 0 8 1 0
630 597 1 0 0 0
873 597 1 0 0 0
1116 597 0 6 1 0
1359 597 0 4 1 0
1602 597 0 0 0 0
23 667 0 4 0 0
266 667 0 8 0 0
509 667 0 2 0 0
752 667 0 0 1 0
995 667 1 0 0 0
1238 667 1 6 0 1
1481 667 1 7 1 1
144 737 1 1 1 1
387 737 1 4 1 1
630 737 1 6 1 0
873 737 1 12 0 1
1116 737 0 0 0 0
1359 737 1 7 1 1
1602 737 1 7 1 1
23 807 1 1 0 1
266 807 0 7 0 0
509 807 1 4 1 1
752 807 0 0 0 0
995 807 1 12 1 1
1238 807 1 8 1 1
1481 807 1 7 1 1
144 877 1 1 1 1
387 877 0 0 0 0
630 877 0 0 0 0
873 877 1 12 1 1
1116 877 0 7 1 0
1359 877 1 7 0 1
1602 877 0 0 0 0
0 5 10 0 0 0
1 4
1 5
1 3
2 5
2 3
2 3 10 0 0 0
0 10
0 9
0 8
1 3 10 0 0 0
1 1
0 2
0 0
3 2 10 0 0 0
0 5
0 3
4 2 10 0 0 0
1 8
2 9
10 4 20 0 0 0
3 2
3 3
3 4
3 0
10 3 20 0 0 0
5 5
5 7
4 4
10 5 20 0 0 0
6 9
6 8
6 7
5 10
5 8
10 1 20 0 0 0
5 9
10 1 20 0 0 0
0 1
10 2 20 0 0 0
6 2
6 0
10 2 20 0 0 0
5 1
4 0
10 3 20 0 0 0
3 10
3 8
4 9
0
0 10 -1 1
0 10 -1 1
0 10 -1 1
0 10 -1 1
0 10 -1 1
0
