4
1
13
121 70 1 7 1 1
364 70 1 2 1 1
607 70 0 0 0 0
850 70 1 0 1 1
1093 70 1 0 0 0
1336 70 1 9 1 1
1579 70 1 10 1 1
0 140 1 7 0 1
243 140 1 2 0 1
486 140 0 0 0 0
729 140 0 0 0 0
972 140 1 0 0 1
1215 140 0 0 0 0
1458 140 1 9 0 1
121 210 1 1 0 1
364 210 1 2 0 1
607 210 1 0 0 0
850 210 0 0 0 0
1093 210 0 0 0 0
1336 210 0 0 0 0
1579 210 1 10 0 1
0 280 1 1 0 1
243 280 0 0 0 0
486 280 1 6 0 1
729 280 0 0 0 0
972 280 1 8 1 1
1215 280 0 0 0 0
1458 280 1 0 0 0
121 350 1 1 1 1
364 350 0 0 0 0
607 350 1 6 0 1
850 350 1 8 0 1
1093 350 1 8 0 1
1336 350 0 0 0 0
1579 350 0 0 0 0
0 420 0 0 0 0
243 420 1 1 0 1
486 420 1 6 1 1
729 420 1 0 0 0
972 420 1 8 0 1
1215 420 0 0 0 0
1458 420 1 0 0 0
121 490 0 0 0 0
364 490 0 0 0 0
607 490 0 0 0 0
850 490 1 0 0 0
1093 490 0 0 0 0
1336 490 0 0 0 0
1579 490 0 0 0 0
0 560 1 12 1 1
243 560 1 0 0 0
486 560 0 0 0 0
729 560 1 3 0 1
972 560 1 0 0 0
1215 560 1 0 0 0
1458 560 1 0 0 0
121 630 1 4 0 1
364 630 0 0 0 0
607 630 0 0 0 0
850 630 1 3 0 1
1093 630 1 0 0 0
1336 630 0 0 0 0
1579 630 1 11 0 1
0 700 0 0 0 0
243 700 0 0 0 0
486 700 1 5 0 1
729 700 1 3 1 1
972 700 1 0 0 0
1215 700 0 0 0 0
1458 700 0 0 0 0
121 770 1 4 1 1
364 770 0 0 0 0
607 770 1 3 0 1
850 770 1 3 0 1
1093 770 0 0 0 0
1336 770 1 0 0 0
1579 770 1 11 1 1
0 840 0 0 0 0
243 840 1 4 0 1
486 840 1 5 1 1
729 840 0 0 0 0
972 840 0 0 0 0
1215 840 0 0 0 0
1458 840 0 0 0 0

0 2 50
3 0
4 1

4 4 50
0 4
0 3
0 2
1 5

3 3 50
1 0
1 1
1 2

2 5 50
3 9
3 10
3 8
3 7
2 10

1 3 50
0 10
0 8
1 11

10 2 50
2 11
2 9

10 3 50
2 5
2 4
2 3

10 2 50
0 0
0 1

10 4 50
4 3
4 4
4 5
3 4

10 2 50
5 0
6 1

10 2 50
6 0
6 2

10 3 50
6 10
6 8
7 11

10 1 50
0 7

0 0 0

