arya                            
8 50 20 10
7 10 159 118 4 1 13
280 188 0 10 1 0
523 188 1 3 0 1
766 188 1 9 1 1
1009 188 1 0 0 0
1252 188 0 8 0 0
1495 188 0 0 0 0
1738 188 1 0 0 0
159 258 0 4 0 0
402 258 1 3 1 1
645 258 0 0 0 0
888 258 1 5 1 1
1131 258 1 11 0 1
1374 258 0 8 0 0
1617 258 1 7 0 1
280 328 1 3 0 1
523 328 0 11 0 0
766 328 1 5 0 1
1009 328 0 0 0 0
1252 328 0 8 1 0
1495 328 1 7 1 1
1738 328 0 0 0 0
159 398 0 4 1 0
402 398 1 2 1 1
645 398 0 0 0 0
888 398 1 5 1 1
1131 398 1 11 1 1
1374 398 1 4 0 1
1617 398 0 0 1 0
280 468 1 12 1 1
523 468 1 2 1 1
766 468 1 0 0 1
1009 468 1 5 0 1
1252 468 0 0 0 0
1495 468 1 4 0 1
1738 468 0 0 0 0
159 538 0 0 0 0
402 538 1 2 0 1
645 538 1 0 0 1
888 538 0 2 1 0
1131 538 0 0 0 0
1374 538 1 4 1 1
1617 538 1 8 0 1
280 608 1 12 0 1
523 608 1 2 1 1
766 608 1 0 1 1
1009 608 0 2 0 0
1252 608 0 0 0 0
1495 608 0 7 1 0
1738 608 1 8 1 1
159 678 0 0 0 0
402 678 1 3 0 0
645 678 1 0 0 1
888 678 0 2 0 0
1131 678 0 0 0 0
1374 678 1 1 0 1
1617 678 0 0 0 0
280 748 0 0 0 0
523 748 0 0 0 0
766 748 0 0 0 0
1009 748 1 6 1 1
1252 748 1 10 1 1
1495 748 1 1 1 1
1738 748 0 0 0 0
159 818 1 0 0 0
402 818 0 3 1 0
645 818 0 0 0 0
888 818 1 6 0 1
1131 818 1 6 1 1
1374 818 1 1 1 1
1617 818 0 0 0 0
0 4 10 0 0 0
2 6
2 7
2 5
2 4
2 3 10 0 0 0
5 8
5 9
5 7
3 4 10 0 0 0
1 4
1 5
1 3
1 6
4 3 10 0 0 0
1 1
1 0
0 2
1 3 10 0 0 0
5 5
5 4
5 3
10 4 20 0 0 0
3 3
3 4
3 1
2 2
10 3 20 0 0 0
3 8
3 9
4 9
10 2 20 0 0 0
5 2
6 1
10 2 20 0 0 0
6 6
6 5
10 1 20 0 0 0
2 0
10 1 20 0 0 0
4 8
10 2 20 0 0 0
4 3
4 1
10 2 20 0 0 0
0 4
0 6
0
0 10 -1 1
0 10 -1 1
0 10 -1 1
0 10 -1 1
0 10 -1 1
182
478 680 437 689 4 1 1 1644336553 31543 0.000000 2 5
454 649 431 654 4 1 1 1644336553 31543 0.000000 2 5
448 614 425 619 4 1 1 1644336553 31543 0.000000 2 5
469 682 437 689 4 1 1 1644336553 31543 180000.000000 2 5
454 649 431 654 4 1 1 1644336553 31543 180000.000000 2 5
448 614 425 619 4 1 1 1644336553 31543 180000.000000 2 5
469 682 437 689 4 1 1 1644336553 31543 360000.000000 2 5
454 649 431 654 4 1 1 1644336553 31543 360000.000000 2 5
448 614 425 619 4 1 1 1644336553 31543 360000.000000 2 5
469 682 437 689 4 1 1 1644336553 31543 540000.000000 2 5
454 649 431 654 4 1 1 1644336553 31543 540000.000000 2 5
448 614 425 619 4 1 1 1644336553 31543 540000.000000 2 5
469 682 437 689 4 1 1 1644336553 31543 720000.000000 2 5
454 649 431 654 4 1 1 1644336553 31543 720000.000000 2 5
448 614 425 619 4 1 1 1644336553 31544 720000.000000 2 5
460 684 437 689 4 1 1 1644336553 31548 900000.000000 2 5
454 649 431 654 4 1 1 1644336553 31548 900000.000000 2 5
448 614 425 619 4 1 1 1644336553 31548 900000.000000 2 5
460 684 437 689 4 1 1 1644336553 31549 1080000.000000 2 5
454 649 431 654 4 1 1 1644336553 31549 1080000.000000 2 5
448 614 425 619 4 1 1 1644336553 31549 1080000.000000 2 5
460 684 437 689 4 1 1 1644336553 31549 1260000.000000 2 5
454 649 431 654 4 1 1 1644336553 31549 1260000.000000 2 5
448 614 425 619 4 1 1 1644336553 31549 1260000.000000 2 5
822 707 999 899 4 1 1 1644336555 378904 0.000000 2 1
862 672 1039 864 4 1 1 1644336555 378904 0.000000 2 1
932 677 1079 829 4 1 1 1644336557 9865 0.000000 2 1
762 627 999 899 4 1 1 1644336557 9865 0.000000 2 1
814 608 1039 864 4 1 1 1644336558 29941 0.000000 2 1
854 573 1079 829 4 1 1 1644336559 15726 0.000000 2 1
1259 899 1282 899 2 1 1 1644336553 31541 0.000000 1 9
1259 864 1282 864 2 1 1 1644336553 31542 0.000000 1 9
1259 829 1282 829 2 1 1 1644336553 31542 0.000000 1 9
1259 899 1282 899 2 1 1 1644336553 31542 180000.000000 1 9
1259 864 1282 864 2 1 1 1644336553 31542 180000.000000 1 9
1259 829 1282 829 2 1 1 1644336553 31542 180000.000000 1 9
1259 899 1282 899 2 1 1 1644336553 31542 360000.000000 1 9
1259 864 1282 864 2 1 1 1644336553 31542 360000.000000 1 9
1259 829 1282 829 2 1 1 1644336553 31542 360000.000000 1 9
1259 899 1282 899 2 1 1 1644336553 31542 540000.000000 1 9
1259 864 1282 864 2 1 1 1644336553 31542 540000.000000 1 9
1259 829 1282 829 2 1 1 1644336553 31542 540000.000000 1 9
1259 899 1282 899 2 1 1 1644336553 31542 720000.000000 1 9
1259 864 1282 864 2 1 1 1644336553 31542 720000.000000 1 9
1259 829 1282 829 2 1 1 1644336553 31542 720000.000000 1 9
1259 899 1282 899 2 1 1 1644336553 31542 900000.000000 1 9
1259 864 1282 864 2 1 1 1644336553 31542 900000.000000 1 9
1259 829 1282 829 2 1 1 1644336553 31542 900000.000000 1 9
1259 899 1282 899 2 1 1 1644336553 31542 1080000.000000 1 9
1259 864 1282 864 2 1 1 1644336553 31542 1080000.000000 1 9
1259 829 1282 829 2 1 1 1644336553 31542 1080000.000000 1 9
1259 899 1282 899 2 1 1 1644336553 31543 1260000.000000 1 9
1259 864 1282 864 2 1 1 1644336553 31543 1260000.000000 1 9
1259 829 1282 829 2 1 1 1644336553 31543 1260000.000000 1 9
854 750 756 619 2 1 1 1644336555 37780 0.000000 1 2
894 715 796 584 2 1 1 1644336555 37780 0.000000 1 2
967 717 836 549 2 1 1 1644336557 43853 0.000000 1 2
788 662 756 619 2 1 1 1644336557 43853 0.000000 1 2
828 627 796 584 2 1 1 1644336558 64165 0.000000 1 2
862 584 836 549 2 1 1 1644336559 15726 0.000000 1 2
950 850 756 619 2 1 1 1644336560 35969 0.000000 1 2
976 801 796 584 2 1 1 1644336561 21499 0.000000 1 2
1051 801 836 549 2 1 1 1644336562 41660 0.000000 1 2
456 715 471 689 3 1 1 1644336553 31549 0.000000 3 5
416 680 431 654 3 1 1 1644336553 31549 0.000000 3 5
376 645 391 619 3 1 1 1644336553 31549 0.000000 3 5
456 715 471 689 3 1 1 1644336553 31549 180000.000000 3 5
416 680 431 654 3 1 1 1644336553 31549 180000.000000 3 5
376 645 391 619 3 1 1 1644336553 31549 180000.000000 3 5
456 715 471 689 3 1 1 1644336553 31549 360000.000000 3 5
416 680 431 654 3 1 1 1644336553 31549 360000.000000 3 5
376 645 391 619 3 1 1 1644336553 31549 360000.000000 3 5
447 731 471 689 3 1 1 1644336553 31550 540000.000000 3 5
416 680 431 654 3 1 1 1644336553 31550 540000.000000 3 5
376 645 391 619 3 1 1 1644336553 31550 540000.000000 3 5
447 731 471 689 3 1 1 1644336553 31550 720000.000000 3 5
416 680 431 654 3 1 1 1644336553 31550 720000.000000 3 5
376 645 391 619 3 1 1 1644336553 31550 720000.000000 3 5
447 731 471 689 3 1 1 1644336553 31550 900000.000000 3 5
416 680 431 654 3 1 1 1644336553 31550 900000.000000 3 5
376 645 391 619 3 1 1 1644336553 31550 900000.000000 3 5
447 731 471 689 3 1 1 1644336553 31550 1080000.000000 3 5
416 680 431 654 3 1 1 1644336553 31550 1080000.000000 3 5
376 645 391 619 3 1 1 1644336553 31550 1080000.000000 3 5
447 731 471 689 3 1 1 1644336553 31550 1260000.000000 3 5
416 680 431 654 3 1 1 1644336553 31550 1260000.000000 3 5
376 645 391 619 3 1 1 1644336553 31550 1260000.000000 3 5
347 649 47 479 4 1 1 1644336555 378906 0.000000 5 4
391 629 67 444 4 1 1 1644336555 378906 0.000000 5 4
419 599 87 409 4 1 1 1644336555 378906 0.000000 5 4
323 634 47 479 4 1 1 1644336555 378906 180000.000000 5 4
446 690 423 689 2 1 1 1644336555 37781 0.000000 9 5
733 710 431 654 2 1 1 1644336555 37781 0.000000 9 5
768 681 439 619 2 1 1 1644336555 37781 0.000000 9 5
446 690 423 689 2 1 1 1644336555 37781 180000.000000 9 5
1134 428 1120 409 1 1 1 1644336585 230861 0.000000 7 8
1174 393 1160 374 1 1 1 1644336585 264744 0.000000 7 8
1214 358 1200 339 1 1 1 1644336585 332634 0.000000 7 8
1134 428 1120 409 1 1 1 1644336585 671905 0.000000 7 8
1174 393 1160 374 1 1 1 1644336585 774962 0.000000 7 8
1214 358 1200 339 1 1 1 1644336586 11815 0.000000 7 8
1134 428 1120 409 1 1 1 1644336586 11815 0.000000 7 8
1174 393 1160 374 1 1 1 1644336586 251843 0.000000 7 8
1214 358 1200 339 1 1 1 1644336586 318581 0.000000 7 8
1134 428 1120 409 1 1 1 1644336586 488895 0.000000 7 8
1174 393 1160 374 1 1 1 1644336586 657358 0.000000 7 8
1214 358 1200 339 1 1 1 1644336586 997496 0.000000 7 8
1134 428 1120 409 1 1 1 1644336587 31746 0.000000 7 8
1174 393 1160 374 1 1 1 1644336587 271606 0.000000 7 8
1214 358 1200 339 1 1 1 1644336587 474406 0.000000 7 8
1134 428 1120 409 1 1 1 1644336587 678764 0.000000 7 8
1174 393 1160 374 1 1 1 1644336588 17867 0.000000 7 8
1214 358 1200 339 1 1 1 1644336588 258627 0.000000 7 8
1334 878 1322 899 1 1 1 1644336588 495159 0.000000 7 9
1294 843 1282 864 1 1 1 1644336588 663375 0.000000 7 9
1254 808 1242 829 1 1 1 1644336589 37910 0.000000 7 9
1334 878 1322 899 1 1 1 1644336589 480446 0.000000 7 9
1294 843 1282 864 1 1 1 1644336590 23807 0.000000 7 9
1254 808 1242 829 1 1 1 1644336591 9974 0.000000 7 9
203 272 176 269 1 1 1 1644336592 29762 0.000000 7 10
404 288 188 234 1 1 1 1644336593 15936 0.000000 7 10
686 343 200 199 1 1 1 1644336594 35987 0.000000 7 10
1457 665 1565 479 1 1 1 1644336595 22021 0.000000 7 0
1408 646 1525 444 1 1 1 1644336595 363216 0.000000 7 0
1368 611 1485 409 1 1 1 1644336595 567271 0.000000 7 0
1448 681 1565 479 1 1 1 1644336595 567271 0.000000 7 0
1408 646 1525 444 1 1 1 1644336595 736036 0.000000 7 0
1368 611 1485 409 1 1 1 1644336595 906178 0.000000 7 0
1193 601 176 269 1 1 1 1644336596 41492 0.000000 7 10
1408 646 1525 444 1 1 1 1644336596 109631 0.000000 7 0
1368 611 1485 409 1 1 1 1644336596 450705 0.000000 7 0
1457 665 1565 479 1 1 1 1644336596 450705 0.000000 7 0
1486 614 1443 689 0 1 1 1644336594 682165 0.000000 0 7
1415 633 1403 654 0 1 1 1644336594 682165 0.000000 0 7
1416 526 1363 619 0 1 1 1644336594 682165 0.000000 0 7
1455 668 1443 689 0 1 1 1644336594 682165 180000.000000 0 7
1436 597 1403 654 0 1 1 1644336594 682165 180000.000000 0 7
1375 598 1363 619 0 1 1 1644336594 682165 180000.000000 0 7
1476 632 1443 689 0 1 1 1644336594 682165 360000.000000 0 7
1415 633 1403 654 0 1 1 1644336594 682165 360000.000000 0 7
1396 562 1363 619 0 1 1 1644336594 682165 360000.000000 0 7
1460 659 1443 689 0 1 1 1644336594 682166 540000.000000 0 7
1436 597 1403 654 0 1 1 1644336594 682166 540000.000000 0 7
1375 598 1363 619 0 1 1 1644336594 682166 540000.000000 0 7
1455 668 1443 689 0 1 1 1644336594 682166 720000.000000 0 7
1430 606 1403 654 0 1 1 1644336594 682166 720000.000000 0 7
1396 562 1363 619 0 1 1 1644336594 682166 720000.000000 0 7
1565 479 1443 689 0 1 1 1644336594 682166 900000.000000 0 7
1436 597 1403 654 0 1 1 1644336594 682166 900000.000000 0 7
1380 589 1363 619 0 1 1 1644336594 682166 900000.000000 0 7
1455 668 1443 689 0 1 1 1644336594 682166 1080000.000000 0 7
1415 633 1403 654 0 1 1 1644336594 682166 1080000.000000 0 7
1463 445 1363 619 0 1 1 1644336594 682166 1080000.000000 0 7
1486 614 1443 689 0 1 1 1644336594 682166 1260000.000000 0 7
1425 615 1403 654 0 1 1 1644336594 682166 1260000.000000 0 7
1396 562 1363 619 0 1 1 1644336594 682166 1260000.000000 0 7
1455 668 1443 689 0 1 1 1644336594 682166 1440000.000000 0 7
1415 633 1403 654 0 1 1 1644336594 682166 1440000.000000 0 7
1375 598 1363 619 0 1 1 1644336594 682166 1440000.000000 0 7
1455 668 1443 689 0 1 1 1644336594 682166 1620000.000000 0 7
1415 633 1403 654 0 1 1 1644336594 682166 1620000.000000 0 7
1385 580 1363 619 0 1 1 1644336594 682166 1620000.000000 0 7
1455 668 1443 689 0 1 1 1644336594 682167 1800000.000000 0 7
1415 633 1403 654 0 1 1 1644336594 682167 1800000.000000 0 7
1375 598 1363 619 0 1 1 1644336594 682167 1800000.000000 0 7
1455 668 1443 689 0 1 1 1644336594 682167 1980000.000000 0 7
1415 633 1403 654 0 1 1 1644336594 682172 1980000.000000 0 7
1427 508 1363 619 0 1 1 1644336594 682172 1980000.000000 0 7
1470 641 1443 689 0 1 1 1644336594 682172 2160000.000000 0 7
1415 633 1403 654 0 1 1 1644336594 682172 2160000.000000 0 7
1375 598 1363 619 0 1 1 1644336594 682172 2160000.000000 0 7
1455 668 1443 689 0 1 1 1644336594 682172 2340000.000000 0 7
1415 633 1403 654 0 1 1 1644336594 682172 2340000.000000 0 7
1375 598 1363 619 0 1 1 1644336594 682173 2340000.000000 0 7
1455 668 1443 689 0 1 1 1644336594 682173 2520000.000000 0 7
1415 633 1403 654 0 1 1 1644336594 682173 2520000.000000 0 7
1375 598 1363 619 0 1 1 1644336594 682173 2520000.000000 0 7
1455 668 1443 689 0 1 1 1644336594 682173 2700000.000000 0 7
1415 633 1403 654 0 1 1 1644336594 682173 2700000.000000 0 7
1375 598 1363 619 0 1 1 1644336594 682173 2700000.000000 0 7
1455 668 1443 689 0 1 1 1644336594 682173 2880000.000000 0 7
1415 633 1403 654 0 1 1 1644336594 682173 2880000.000000 0 7
