arya                            
8 50 20 10
7 10 24 153 4 1 13
145 223 1 2 0 1
388 223 1 1 0 0
631 223 1 7 1 1
874 223 1 1 1 1
1117 223 0 0 0 0
1360 223 1 3 1 1
1603 223 0 0 0 0
24 293 0 0 0 0
267 293 0 1 1 0
510 293 0 2 0 0
753 293 1 1 1 1
996 293 0 8 1 0
1239 293 0 4 1 0
1482 293 1 0 1 1
145 363 1 2 1 1
388 363 0 1 0 0
631 363 1 6 1 1
874 363 1 1 0 1
1117 363 1 5 0 1
1360 363 1 3 0 1
1603 363 1 0 1 1
24 433 0 7 1 0
267 433 1 2 0 1
510 433 0 2 0 0
753 433 0 0 0 0
996 433 1 5 1 1
1239 433 0 5 0 0
1482 433 1 0 0 1
145 503 0 2 0 0
388 503 1 4 1 1
631 503 1 6 1 1
874 503 1 5 0 1
1117 503 0 7 0 0
1360 503 0 5 0 0
1603 503 0 5 0 0
24 573 0 2 1 0
267 573 1 4 1 1
510 573 1 6 0 1
753 573 0 0 0 0
996 573 1 5 1 1
1239 573 1 5 1 0
1482 573 1 9 1 1
145 643 0 0 0 0
388 643 1 4 0 1
631 643 0 0 0 0
874 643 1 0 0 0
1117 643 0 0 0 0
1360 643 0 0 0 0
1603 643 0 0 0 0
24 713 1 2 0 0
267 713 1 4 0 1
510 713 1 0 1 0
753 713 1 8 0 1
996 713 0 0 0 0
1239 713 0 12 1 0
1482 713 0 0 0 0
145 783 0 0 0 0
388 783 0 4 0 0
631 783 1 8 0 1
874 783 0 0 1 0
1117 783 1 10 0 1
1360 783 0 0 0 0
1603 783 0 3 1 0
24 853 1 10 1 0
267 853 0 4 1 0
510 853 0 6 1 0
753 853 1 8 1 1
996 853 1 10 1 1
1239 853 1 12 1 1
1482 853 1 11 1 1
0 3 10 0 0 0
6 2
6 3
6 1
2 3 10 0 0 0
3 0
3 1
3 2
3 3 10 0 0 0
0 2
0 0
1 3
1 2 10 0 0 0
5 0
5 2
4 4 10 0 0 0
1 5
1 6
1 4
1 7
10 4 20 0 0 0
4 3
4 2
4 5
3 4
10 3 20 0 0 0
2 4
2 5
2 2
10 1 20 0 0 0
2 0
10 3 20 0 0 0
3 9
3 7
2 8
10 1 20 0 0 0
6 5
10 2 20 0 0 0
4 9
4 8
10 1 20 0 0 0
6 9
10 1 20 0 0 0
5 9
0
0 10 -1 1
0 10 -1 1
0 10 -1 1
0 10 -1 1
0 10 -1 1
114
840 367 866 367 2 1 1 1644336305 26977 0.000000 1 6
840 332 866 332 2 1 1 1644336305 26977 0.000000 1 6
840 297 866 297 2 1 1 1644336305 26977 0.000000 1 6
840 367 866 367 2 1 1 1644336305 26977 180000.000000 1 6
840 332 866 332 2 1 1 1644336305 26977 180000.000000 1 6
840 297 866 297 2 1 1 1644336305 26978 180000.000000 1 6
840 367 866 367 2 1 1 1644336305 26978 360000.000000 1 6
840 332 866 332 2 1 1 1644336305 26978 360000.000000 1 6
840 297 866 297 2 1 1 1644336305 26978 360000.000000 1 6
840 367 866 367 2 1 1 1644336305 26978 540000.000000 1 6
840 332 866 332 2 1 1 1644336305 26978 540000.000000 1 6
840 297 866 297 2 1 1 1644336305 26978 540000.000000 1 6
840 367 866 367 2 1 1 1644336305 26978 720000.000000 1 6
840 332 866 332 2 1 1 1644336305 26978 720000.000000 1 6
840 297 866 297 2 1 1 1644336305 26978 720000.000000 1 6
840 367 866 367 2 1 1 1644336305 26978 900000.000000 1 6
840 332 866 332 2 1 1 1644336305 26978 900000.000000 1 6
840 297 866 297 2 1 1 1644336305 26978 900000.000000 1 6
840 367 866 367 2 1 1 1644336305 26978 1080000.000000 1 6
840 332 866 332 2 1 1 1644336305 26978 1080000.000000 1 6
840 297 866 297 2 1 1 1644336305 26978 1080000.000000 1 6
840 367 866 367 2 1 1 1644336305 26978 1260000.000000 1 6
840 332 866 332 2 1 1 1644336305 26978 1260000.000000 1 6
840 297 866 297 2 1 1 1644336305 26978 1260000.000000 1 6
217 599 177 647 2 1 1 1644336307 848602 0.000000 1 2
240 492 137 612 2 1 1 1644336307 848603 0.000000 1 2
172 489 97 577 2 1 1 1644336308 19639 0.000000 1 2
483 579 507 577 3 1 1 1644336305 26979 0.000000 2 9
477 544 501 542 3 1 1 1644336305 26979 0.000000 2 9
471 509 495 507 3 1 1 1644336305 26979 0.000000 2 9
483 579 507 577 3 1 1 1644336305 26979 180000.000000 2 9
477 544 501 542 3 1 1 1644336305 26979 180000.000000 2 9
471 509 495 507 3 1 1 1644336305 26979 180000.000000 2 9
483 579 507 577 3 1 1 1644336305 26979 360000.000000 2 9
477 544 501 542 3 1 1 1644336305 26979 360000.000000 2 9
471 509 495 507 3 1 1 1644336305 26979 360000.000000 2 9
483 579 507 577 3 1 1 1644336305 26979 540000.000000 2 9
477 544 501 542 3 1 1 1644336305 26979 540000.000000 2 9
471 509 495 507 3 1 1 1644336305 26979 540000.000000 2 9
483 579 507 577 3 1 1 1644336305 26979 720000.000000 2 9
477 544 501 542 3 1 1 1644336305 26979 720000.000000 2 9
471 509 495 507 3 1 1 1644336305 26979 720000.000000 2 9
483 579 507 577 3 1 1 1644336305 26985 900000.000000 2 9
477 544 501 542 3 1 1 1644336305 26985 900000.000000 2 9
471 509 495 507 3 1 1 1644336305 26986 900000.000000 2 9
483 579 507 577 3 1 1 1644336305 26986 1080000.000000 2 9
477 544 501 542 3 1 1 1644336305 26986 1080000.000000 2 9
471 509 495 507 3 1 1 1644336305 26986 1080000.000000 2 9
483 579 507 577 3 1 1 1644336305 26986 1260000.000000 2 9
477 544 501 542 3 1 1 1644336305 26986 1260000.000000 2 9
471 509 495 507 3 1 1 1644336305 26986 1260000.000000 2 9
605 521 1360 367 3 1 1 1644336307 440942 0.000000 2 4
617 482 1352 332 3 1 1 1644336307 440942 0.000000 2 4
187 472 340 297 3 1 1 1644336308 19639 0.000000 2 1
613 695 1712 857 3 1 1 1644336309 39737 0.000000 2 3
347 549 1352 332 3 1 1 1644336311 11203 0.000000 2 4
469 475 1344 297 3 1 1 1644336311 11203 0.000000 2 4
203 654 1712 857 3 1 1 1644336312 30420 0.000000 2 3
458 394 1704 857 3 1 1 1644336309 39736 0.000000 1 3
560 386 1716 822 3 1 1 1644336309 39736 0.000000 1 3
552 345 1728 787 3 1 1 1644336309 39736 0.000000 1 3
848 511 1704 857 3 1 1 1644336309 39736 180000.000000 1 3
660 332 1352 332 3 1 1 1644336311 11203 0.000000 1 4
840 297 1352 297 3 1 1 1644336311 11203 0.000000 1 4
908 529 1704 857 3 1 1 1644336312 30420 0.000000 1 3
254 476 137 612 3 1 1 1644336313 16656 0.000000 1 2
298 345 97 577 3 1 1 1644336314 36366 0.000000 1 2
1132 367 1109 367 4 1 1 1644336305 26988 0.000000 4 11
1132 332 1109 332 4 1 1 1644336305 26988 0.000000 4 11
1132 297 1109 297 4 1 1 1644336305 26988 0.000000 4 11
1132 367 1109 367 4 1 1 1644336305 26988 180000.000000 4 11
1132 332 1109 332 4 1 1 1644336305 26988 180000.000000 4 11
1132 297 1109 297 4 1 1 1644336305 26988 180000.000000 4 11
1132 367 1109 367 4 1 1 1644336305 26988 360000.000000 4 11
1132 332 1109 332 4 1 1 1644336305 26988 360000.000000 4 11
1132 297 1109 297 4 1 1 1644336305 26988 360000.000000 4 11
1132 367 1109 367 4 1 1 1644336305 26988 540000.000000 4 11
1132 332 1109 332 4 1 1 1644336305 26988 540000.000000 4 11
1132 297 1109 297 4 1 1 1644336305 26988 540000.000000 4 11
1132 367 1109 367 4 1 1 1644336305 26988 720000.000000 4 11
1132 332 1109 332 4 1 1 1644336305 26988 720000.000000 4 11
1132 297 1109 297 4 1 1 1644336305 26988 720000.000000 4 11
1132 367 1109 367 4 1 1 1644336305 26988 900000.000000 4 11
1132 332 1109 332 4 1 1 1644336305 26989 900000.000000 4 11
1132 297 1109 297 4 1 1 1644336305 26989 900000.000000 4 11
1132 367 1109 367 4 1 1 1644336305 26989 1080000.000000 4 11
1132 332 1109 332 4 1 1 1644336305 26989 1080000.000000 4 11
1132 297 1109 297 4 1 1 1644336305 26989 1080000.000000 4 11
1132 367 1109 367 4 1 1 1644336305 26989 1260000.000000 4 11
1132 332 1109 332 4 1 1 1644336305 26989 1260000.000000 4 11
1132 297 1109 297 4 1 1 1644336305 26989 1260000.000000 4 11
602 367 380 367 4 1 1 1644336307 32581 0.000000 4 1
582 332 380 332 4 1 1 1644336307 32581 0.000000 4 1
525 479 129 577 4 1 1 1644336309 73316 0.000000 4 2
892 471 145 647 4 1 1 1644336309 73316 0.000000 4 2
402 332 380 332 4 1 1 1644336311 11203 0.000000 4 1
892 297 380 297 4 1 1 1644336311 11203 0.000000 4 1
512 367 380 367 4 1 1 1644336312 30421 0.000000 4 1
602 332 380 332 4 1 1 1644336313 16656 0.000000 4 1
712 297 380 297 4 1 1 1644336314 36367 0.000000 4 1
782 367 380 367 4 1 1 1644336315 25108 0.000000 4 1
1082 332 380 332 4 1 1 1644336316 43203 0.000000 4 1
879 367 150 647 2 1 1 1644336308 53910 0.000000 6 2
866 332 137 612 2 1 1 1644336308 53910 0.000000 6 2
511 411 124 577 2 1 1 1644336308 53910 0.000000 6 2
654 442 150 647 2 1 1 1644336308 53910 180000.000000 6 2
348 388 340 367 3 1 1 1644336308 53911 0.000000 9 1
388 353 380 332 3 1 1 1644336308 53911 0.000000 9 1
428 318 420 297 3 1 1 1644336308 53911 0.000000 9 1
348 388 340 367 3 1 1 1644336308 53911 180000.000000 9 1
662 520 513 577 4 1 1 1644336307 238230 0.000000 11 9
893 404 501 542 4 1 1 1644336307 238230 0.000000 11 9
881 369 489 507 4 1 1 1644336307 238230 0.000000 11 9
536 567 513 577 4 1 1 1644336307 238230 180000.000000 11 9
