4
1
13
121 189 1 2 0 1
364 189 0 0 0 0
607 189 0 0 0 0
850 189 1 4 0 1
1093 189 0 0 0 0
1336 189 1 5 1 1
1579 189 0 0 0 0
0 259 1 2 1 1
243 259 1 1 1 1
486 259 0 0 0 0
729 259 0 0 0 0
972 259 1 0 0 0
1215 259 1 5 0 1
1458 259 0 0 0 0
121 329 0 0 0 0
364 329 1 1 0 1
607 329 0 0 0 0
850 329 1 4 1 1
1093 329 0 0 0 0
1336 329 0 0 0 0
1579 329 1 0 0 0
0 399 1 2 0 1
243 399 0 0 0 0
486 399 1 6 1 1
729 399 1 4 0 1
972 399 0 0 0 0
1215 399 1 0 0 0
1458 399 1 0 0 0
121 469 0 0 0 0
364 469 0 0 0 0
607 469 0 0 0 0
850 469 0 0 0 0
1093 469 1 10 1 1
1336 469 0 0 0 0
1579 469 1 0 0 1
0 539 1 7 0 1
243 539 1 3 0 1
486 539 0 0 0 0
729 539 0 0 0 0
972 539 0 0 0 0
1215 539 0 0 0 0
1458 539 0 0 0 0
121 609 0 0 0 0
364 609 1 3 1 1
607 609 0 0 0 0
850 609 0 0 0 0
1093 609 0 0 0 0
1336 609 0 0 0 0
1579 609 1 0 1 1
0 679 1 7 1 1
243 679 1 3 0 1
486 679 1 3 0 1
729 679 0 0 0 0
972 679 1 12 1 1
1215 679 0 0 0 0
1458 679 0 0 0 0
121 749 1 7 0 1
364 749 1 3 0 1
607 749 1 9 1 1
850 749 0 0 0 0
1093 749 0 0 0 0
1336 749 1 8 0 1
1579 749 0 0 0 0
0 819 1 7 0 1
243 819 0 0 0 0
486 819 1 9 0 1
729 819 0 0 0 0
972 819 1 12 0 1
1215 819 1 8 1 1
1458 819 1 11 1 1
121 889 0 0 0 0
364 889 0 0 0 0
607 889 1 9 0 1
850 889 0 0 0 0
1093 889 1 8 0 1
1336 889 0 0 0 0
1579 889 0 0 0 0

0 2 50
6 6
6 4

1 2 50
1 1
1 2

2 3 50
0 1
0 0
0 3

4 5 50
1 6
1 7
1 5
1 8
2 7

3 3 50
3 2
3 3
3 0

10 2 50
5 0
5 1

10 1 50
2 3

10 4 50
0 7
0 8
0 9
0 5

10 3 50
5 9
5 8
4 10

10 3 50
2 8
2 9
2 10

10 1 50
4 4

10 1 50
6 9

10 2 50
4 7
4 9

0 0 0

