arya                            
8 50 20 10
7 10 118 165 4 1 13
239 235 1 7 1 1
482 235 1 11 1 1
725 235 0 0 0 0
968 235 0 9 1 0
1211 235 0 7 0 0
1454 235 0 11 0 0
1697 235 0 0 0 0
118 305 0 0 1 0
361 305 1 5 1 1
604 305 0 0 0 0
847 305 0 5 0 0
1090 305 0 7 1 0
1333 305 0 7 1 0
1576 305 0 0 0 0
239 375 0 0 0 0
482 375 0 4 0 0
725 375 0 5 0 0
968 375 1 12 1 1
1211 375 0 3 0 0
1454 375 0 11 1 0
1697 375 1 10 1 1
118 445 0 0 0 0
361 445 1 5 1 1
604 445 1 1 0 1
847 445 0 5 1 0
1090 445 0 3 0 0
1333 445 0 0 0 0
1576 445 1 9 0 1
239 515 0 5 1 0
482 515 1 5 0 1
725 515 1 1 1 1
968 515 1 2 0 1
1211 515 1 4 1 1
1454 515 1 9 0 1
1697 515 1 9 0 1
118 585 1 8 1 1
361 585 0 1 1 0
604 585 1 0 1 1
847 585 1 1 1 1
1090 585 1 2 0 1
1333 585 0 0 0 0
1576 585 1 9 1 1
239 655 1 8 1 1
482 655 0 1 0 0
725 655 0 10 0 0
968 655 1 2 1 1
1211 655 0 3 0 0
1454 655 0 0 0 0
1697 655 0 0 0 0
118 725 0 0 0 0
361 725 0 1 0 0
604 725 1 0 1 1
847 725 1 2 0 1
1090 725 1 2 0 1
1333 725 0 0 0 0
1576 725 1 3 0 1
239 795 1 6 0 1
482 795 1 0 0 1
725 795 1 0 0 1
968 795 0 2 0 0
1211 795 0 2 0 0
1454 795 0 2 0 0
1697 795 1 3 0 1
118 865 1 6 1 1
361 865 0 6 1 0
604 865 1 0 1 1
847 865 0 2 1 0
1090 865 0 0 0 0
1333 865 0 8 1 0
1576 865 1 3 1 1
0 5 10 0 0 0
2 7
2 8
2 9
2 5
1 8
2 3 10 0 0 0
2 4
2 3
3 5
4 5 10 0 0 0
3 6
3 7
3 4
4 7
4 5
3 3 10 0 0 0
6 9
6 8
6 7
1 1 10 0 0 0
4 4
10 3 20 0 0 0
1 3
1 4
1 1
10 2 20 0 0 0
0 9
0 8
10 1 20 0 0 0
0 0
10 2 20 0 0 0
0 6
0 5
10 4 20 0 0 0
6 5
6 4
6 3
5 4
10 1 20 0 0 0
6 2
10 1 20 0 0 0
1 0
10 1 20 0 0 0
3 2
0
0 10 -1 1
0 10 -1 1
0 10 -1 1
0 10 -1 1
0 10 -1 1
0
