arya                            
8 50 20 10 0 1
7 10 0 149 4 1 13
121 219 1 1 1 1
364 219 0 0 1 0
607 219 0 8 1 0
850 219 1 2 1 1
1093 219 0 11 1 0
1336 219 1 0 1 1
1579 219 0 8 1 0
0 289 0 4 1 0
243 289 1 1 1 1
486 289 0 11 1 0
729 289 1 2 1 1
972 289 1 2 1 1
1215 289 0 7 1 0
1458 289 1 0 0 1
121 359 0 3 0 0
364 359 0 3 1 0
607 359 0 7 1 0
850 359 0 5 1 0
1093 359 1 5 1 1
1336 359 1 0 1 1
1579 359 1 9 1 1
0 429 1 8 1 1
243 429 0 3 1 0
486 429 1 10 1 1
729 429 0 2 0 0
972 429 1 5 0 1
1215 429 0 7 0 0
1458 429 0 11 1 0
121 499 0 1 0 0
364 499 0 0 1 0
607 499 1 10 1 1
850 499 0 4 1 0
1093 499 0 7 1 0
1336 499 1 12 1 1
1579 499 1 9 1 1
0 569 1 8 1 1
243 569 0 2 0 0
486 569 1 6 0 1
729 569 1 7 0 1
972 569 1 7 1 1
1215 569 1 12 1 1
1458 569 0 1 0 0
121 639 1 4 1 1
364 639 1 6 1 1
607 639 0 2 0 0
850 639 1 7 1 1
1093 639 1 5 0 0
1336 639 0 6 1 0
1579 639 1 9 1 1
0 709 0 1 0 0
243 709 1 4 0 1
486 709 1 6 1 1
729 709 1 7 1 1
972 709 1 7 1 1
1215 709 0 12 1 0
1458 709 0 0 1 0
121 779 1 4 1 1
364 779 0 3 0 0
607 779 0 5 1 0
850 779 1 7 1 1
1093 779 0 1 1 0
1336 779 1 3 0 1
1579 779 1 3 1 1
0 849 1 4 1 1
243 849 0 3 1 0
486 849 0 5 1 0
729 849 0 2 1 0
972 849 0 8 0 0
1215 849 1 11 1 1
1458 849 1 3 1 1
0 3 10 0 0 0 0
5 0
5 2
6 1
1 2 10 0 0 0 0
1 1
0 0
2 3 10 0 0 0 0
3 0
3 1
4 1
3 3 10 0 0 0 0
6 9
6 8
5 8
4 4 10 0 0 0 0
0 8
0 9
0 6
1 7
10 2 20 0 0 0 0
4 2
4 3
10 3 20 0 0 0 0
2 7
2 5
1 6
10 6 20 0 0 0 0
3 6
3 7
3 5
3 8
4 7
4 5
10 2 20 0 0 0 0
0 5
0 3
10 3 20 0 0 0 0
6 4
6 6
6 2
10 2 20 0 0 0 0
2 3
2 4
10 1 20 0 0 0 0
5 9
10 2 20 0 0 0 0
5 4
5 5
0
0 1 10 -1 -1 1
0 1 10 -1 -1 1
0 1 10 -1 -1 1
0 1 10 -1 -1 1
0 1 10 -1 -1 1
0
