4
1
13
121 179 0 0 0 0
364 179 0 0 0 0
607 179 0 0 0 0
850 179 1 1 1 1
1093 179 0 0 0 0
1336 179 0 0 0 0
1579 179 1 0 0 0
0 249 0 0 0 0
243 249 1 7 1 1
486 249 1 6 0 1
729 249 0 0 0 0
972 249 0 0 0 0
1215 249 1 11 1 1
1458 249 0 0 0 0
121 319 1 7 0 1
364 319 1 7 0 1
607 319 1 6 0 1
850 319 0 0 0 0
1093 319 0 0 0 0
1336 319 0 0 0 0
1579 319 1 0 0 0
0 389 0 0 0 0
243 389 0 0 0 0
486 389 1 6 1 1
729 389 1 3 0 1
972 389 0 0 0 0
1215 389 0 0 0 0
1458 389 0 0 0 0
121 459 1 10 1 1
364 459 0 0 0 0
607 459 0 0 0 0
850 459 1 3 1 1
1093 459 0 0 0 0
1336 459 0 0 0 0
1579 459 0 0 0 0
0 529 0 0 0 0
243 529 1 10 0 1
486 529 1 6 0 1
729 529 0 0 0 0
972 529 0 0 0 0
1215 529 0 0 0 0
1458 529 0 0 0 0
121 599 0 0 0 0
364 599 0 0 0 0
607 599 1 12 1 1
850 599 1 3 0 1
1093 599 1 0 0 0
1336 599 0 0 0 0
1579 599 1 9 0 1
0 669 1 0 1 1
243 669 0 0 0 0
486 669 0 0 0 0
729 669 1 4 0 1
972 669 0 0 0 0
1215 669 0 0 0 0
1458 669 0 0 0 0
121 739 0 0 0 0
364 739 0 0 0 0
607 739 0 0 0 0
850 739 1 4 1 1
1093 739 0 0 0 0
1336 739 0 0 0 0
1579 739 1 9 1 1
0 809 1 0 0 1
243 809 1 8 0 1
486 809 1 0 0 0
729 809 1 4 0 1
972 809 0 0 0 0
1215 809 1 5 1 1
1458 809 0 0 0 0
121 879 0 0 0 0
364 879 1 8 1 1
607 879 0 0 0 0
850 879 0 0 0 0
1093 879 1 2 1 1
1336 879 1 5 0 1
1579 879 0 0 0 0

0 2 50
0 7
0 9

2 1 50
3 0

4 1 50
4 10

3 3 50
3 4
3 3
3 6

1 3 50
3 8
3 9
3 7

10 2 50
5 9
5 10

10 4 50
2 3
2 2
2 5
2 1

10 3 50
1 1
1 2
0 2

10 2 50
1 10
1 9

10 2 50
6 8
6 6

10 2 50
0 4
1 5

10 1 50
5 1

10 1 50
2 6

0 0 0

