4
1
13
0 70 1 7 0 1
243 70 1 2 1 1
486 70 0 0 0 0
729 70 1 5 1 1
972 70 1 1 1 1
1215 70 1 10 1 1
1458 70 0 0 0 0
-122 140 0 0 0 0
121 140 1 2 0 1
364 140 0 0 0 0
607 140 0 0 0 0
850 140 1 1 0 1
1093 140 0 0 0 0
1336 140 0 0 0 0
0 210 1 7 1 1
243 210 0 0 0 0
486 210 0 0 0 0
729 210 1 5 0 1
972 210 0 0 0 0
1215 210 0 0 0 0
1458 210 0 0 0 0
-122 280 0 0 0 0
121 280 0 0 0 0
364 280 1 11 0 1
607 280 0 0 0 0
850 280 0 0 0 0
1093 280 1 4 1 1
1336 280 1 3 1 1
0 350 0 0 0 0
243 350 0 0 0 0
486 350 0 0 0 0
729 350 1 0 0 0
972 350 0 0 0 0
1215 350 1 3 0 1
1458 350 0 0 0 0
-122 420 0 0 0 0
121 420 1 0 0 0
364 420 1 11 1 1
607 420 0 0 0 0
850 420 0 0 0 0
1093 420 1 4 0 1
1336 420 0 0 0 0
0 490 1 0 0 0
243 490 0 0 0 0
486 490 0 0 0 0
729 490 1 0 0 0
972 490 0 0 0 0
1215 490 0 0 0 0
1458 490 0 0 0 0
-122 560 0 0 0 0
121 560 1 0 0 1
364 560 1 11 0 1
607 560 0 0 0 0
850 560 1 0 0 0
1093 560 1 0 0 0
1336 560 1 9 1 1
0 630 0 0 0 0
243 630 1 0 1 1
486 630 0 0 0 0
729 630 0 0 0 0
972 630 0 0 0 0
1215 630 0 0 0 0
1458 630 0 0 0 0
-122 700 0 0 0 0
121 700 1 0 0 1
364 700 0 0 0 0
607 700 0 0 0 0
850 700 0 0 0 0
1093 700 0 0 0 0
1336 700 0 0 0 0
0 770 1 6 1 1
243 770 1 0 0 1
486 770 1 8 1 1
729 770 0 0 0 0
972 770 1 12 1 1
1215 770 0 0 0 0
1458 770 0 0 0 0
-122 840 0 0 0 0
121 840 0 0 0 0
364 840 1 8 0 1
607 840 1 8 0 1
850 840 0 0 0 0
1093 840 0 0 0 0
1336 840 1 0 0 0

0 4 50
1 8
1 9
1 7
1 10

2 2 50
4 0
4 1

4 2 50
1 0
1 1

3 2 50
6 3
5 4

1 2 50
5 3
5 5

10 2 50
3 0
3 2

10 1 50
0 10

10 2 50
0 2
0 0

10 3 50
2 10
2 11
3 11

10 1 50
6 7

10 1 50
5 0

10 3 50
2 5
2 7
2 3

10 1 50
4 10

0 0 0

