arya                            
8 50 20 10
7 10 60 123 4 1 13
181 193 1 1 1 1
424 193 0 8 0 0
667 193 0 0 0 0
910 193 1 3 0 1
1153 193 0 3 1 0
1396 193 0 0 0 0
1639 193 1 6 1 1
60 263 0 2 1 0
303 263 1 1 1 1
546 263 0 0 1 0
789 263 0 0 0 0
1032 263 1 3 1 1
1275 263 0 0 0 0
1518 263 1 4 0 1
181 333 0 3 0 0
424 333 0 0 0 0
667 333 1 0 0 1
910 333 0 0 0 0
1153 333 1 3 0 1
1396 333 1 4 1 1
1639 333 0 7 0 0
60 403 0 3 1 0
303 403 1 7 0 1
546 403 1 0 0 1
789 403 1 0 0 1
1032 403 1 3 0 1
1275 403 0 0 0 0
1518 403 1 4 0 1
181 473 1 7 1 1
424 473 1 4 0 0
667 473 1 0 1 1
910 473 0 0 0 0
1153 473 0 6 1 0
1396 473 1 4 0 1
1639 473 1 5 0 1
60 543 0 3 0 0
303 543 1 2 1 1
546 543 0 0 1 0
789 543 0 2 0 0
1032 543 1 10 1 1
1275 543 1 11 1 1
1518 543 0 5 1 0
181 613 0 5 0 0
424 613 1 2 1 1
667 613 1 0 0 1
910 613 0 2 1 0
1153 613 0 0 0 0
1396 613 0 0 0 0
1639 613 1 5 1 1
60 683 1 9 1 1
303 683 1 2 1 1
546 683 1 8 1 1
789 683 1 0 0 0
1032 683 0 0 0 0
1275 683 0 0 0 0
1518 683 1 5 0 1
181 753 1 2 0 1
424 753 0 7 0 0
667 753 0 1 0 0
910 753 0 2 0 0
1153 753 0 0 0 0
1396 753 0 4 1 0
1639 753 1 5 0 1
60 823 0 0 0 0
303 823 1 2 1 1
546 823 0 1 1 0
789 823 0 0 0 0
1032 823 1 12 1 1
1275 823 1 4 0 0
1518 823 0 4 0 0
0 5 10 0 0 0
2 4
2 3
2 6
2 2
3 3
2 2 10 0 0 0
0 0
1 1
4 5 10 0 0 0
1 7
1 6
1 9
1 5
0 8
3 4 10 0 0 0
4 1
4 2
4 3
3 0
1 4 10 0 0 0
5 2
5 4
6 3
6 1
10 4 20 0 0 0
6 6
6 7
6 8
6 4
10 1 20 0 0 0
6 0
10 2 20 0 0 0
0 4
1 3
10 1 20 0 0 0
2 7
10 1 20 0 0 0
0 7
10 1 20 0 0 0
4 5
10 1 20 0 0 0
5 5
10 1 20 0 0 0
4 9
0
0 10 -1 1
0 10 -1 1
0 10 -1 1
0 10 -1 1
0 10 -1 1
0
