4
1
13
121 74 0 0 0 0
364 74 0 0 0 0
607 74 0 0 0 0
850 74 0 0 0 0
1093 74 1 4 1 1
1336 74 1 2 0 1
1579 74 0 0 0 0
0 144 0 0 0 0
243 144 0 0 0 0
486 144 0 0 0 0
729 144 1 0 0 1
972 144 0 0 0 0
1215 144 1 2 0 1
1458 144 0 0 0 0
121 214 1 6 1 1
364 214 1 0 0 0
607 214 0 0 0 0
850 214 1 0 1 1
1093 214 1 4 0 1
1336 214 1 2 1 1
1579 214 0 0 0 0
0 284 1 6 0 1
243 284 1 6 0 1
486 284 0 0 0 0
729 284 1 0 0 1
972 284 0 0 0 0
1215 284 0 0 0 0
1458 284 1 2 0 1
121 354 0 0 0 0
364 354 0 0 0 0
607 354 1 5 1 1
850 354 0 0 0 0
1093 354 1 9 1 1
1336 354 0 0 0 0
1579 354 0 0 0 0
0 424 0 0 0 0
243 424 1 12 1 1
486 424 1 5 0 1
729 424 1 5 0 1
972 424 0 0 0 0
1215 424 1 9 0 1
1458 424 0 0 0 0
121 494 0 0 0 0
364 494 0 0 0 0
607 494 0 0 0 0
850 494 1 11 0 1
1093 494 0 0 0 0
1336 494 0 0 0 0
1579 494 1 8 1 1
0 564 1 7 0 1
243 564 1 12 0 1
486 564 1 0 0 0
729 564 0 0 0 0
972 564 0 0 0 0
1215 564 0 0 0 0
1458 564 1 8 0 1
121 634 1 7 1 1
364 634 0 0 0 0
607 634 0 0 0 0
850 634 1 11 1 1
1093 634 0 0 0 0
1336 634 0 0 0 0
1579 634 1 8 0 1
0 704 1 7 0 1
243 704 0 0 0 0
486 704 1 0 0 0
729 704 0 0 0 0
972 704 1 1 1 1
1215 704 0 0 0 0
1458 704 1 10 0 1
121 774 1 7 0 1
364 774 1 0 0 0
607 774 1 0 0 0
850 774 1 1 0 1
1093 774 0 0 0 0
1336 774 1 3 0 1
1579 774 1 10 0 1
0 844 0 0 0 0
243 844 1 0 0 0
486 844 0 0 0 0
729 844 1 0 0 0
972 844 1 1 0 1
1215 844 1 3 1 1
1458 844 1 10 1 1

0 3 50
3 2
3 3
3 1

1 3 50
4 9
4 11
3 10

2 4 50
5 2
5 1
5 0
6 3

3 2 50
5 11
5 10

4 2 50
4 0
4 2

10 3 50
2 4
2 5
3 5

10 3 50
0 2
0 3
1 3

10 4 50
0 8
0 9
0 7
0 10

10 3 50
6 6
6 7
6 8

10 2 50
4 4
5 5

10 3 50
6 11
6 10
6 9

10 2 50
3 8
3 6

10 2 50
1 5
1 7

0 0 0

