arya                            
8 50 20 10 0 1
7 10 121 128 2 1 11
242 198 1 0 0 0
485 198 1 0 0 0
728 198 0 0 0 0
971 198 0 0 0 0
1214 198 0 0 0 0
1457 198 0 0 0 0
1700 198 1 0 0 1
121 268 0 0 0 0
364 268 0 0 0 0
607 268 0 0 0 0
850 268 1 2 1 1
1093 268 1 6 1 1
1336 268 0 0 0 0
1579 268 1 0 1 1
242 338 1 0 0 0
485 338 1 1 0 1
728 338 1 1 0 1
971 338 0 0 0 0
1214 338 1 6 0 1
1457 338 1 0 0 1
1700 338 0 0 0 0
121 408 0 0 0 0
364 408 0 0 0 0
607 408 1 1 1 1
850 408 0 0 0 0
1093 408 0 0 0 0
1336 408 0 0 0 0
1579 408 1 0 0 1
242 478 1 3 0 1
485 478 0 0 0 0
728 478 0 0 0 0
971 478 0 0 0 0
1214 478 1 8 1 1
1457 478 1 9 1 1
1700 478 0 0 0 0
121 548 0 0 0 0
364 548 1 3 1 1
607 548 1 1 0 1
850 548 0 0 0 0
1093 548 0 0 0 0
1336 548 1 8 0 1
1579 548 1 4 0 1
242 618 1 3 0 1
485 618 1 3 0 1
728 618 1 5 0 1
971 618 0 0 0 0
1214 618 1 8 0 1
1457 618 0 0 0 0
1700 618 1 4 1 1
121 688 0 0 0 0
364 688 1 3 0 1
607 688 1 5 0 1
850 688 0 0 0 0
1093 688 0 0 0 0
1336 688 0 0 0 0
1579 688 0 0 0 0
242 758 0 0 0 0
485 758 0 0 0 0
728 758 1 5 1 1
971 758 1 10 1 1
1214 758 1 0 0 0
1457 758 1 7 1 1
1700 758 1 4 0 1
121 828 0 0 0 0
364 828 0 0 0 0
607 828 0 0 0 0
850 828 0 0 0 0
1093 828 0 0 0 0
1336 828 1 7 0 1
1579 828 1 7 0 1
0 4 28 0 0 0 0
6 1
6 0
6 3
5 2
1 4 0 0 28 0 0
2 3
2 2
2 5
1 2
866 383 931 353 1 1 1 1644498588 689603 0.000000 1 2
882 330 911 318 1 1 1 1644498588 689603 0.000000 1 2
862 295 891 283 1 1 1 1644498588 689603 0.000000 1 2
866 383 931 353 1 1 1 1644498588 689603 180000.000000 1 2
882 330 911 318 1 1 1 1644498588 689603 180000.000000 1 2
862 295 891 283 1 1 1 1644498588 689603 180000.000000 1 2
866 383 931 353 1 1 1 1644498588 689603 360000.000000 1 2
882 330 911 318 1 1 1 1644498588 689604 360000.000000 1 2
862 295 891 283 1 1 1 1644498588 689604 360000.000000 1 2
902 365 931 353 1 1 1 1644498588 689604 540000.000000 1 2
882 330 911 318 1 1 1 1644498588 689604 540000.000000 1 2
862 295 891 283 1 1 1 1644498588 689604 540000.000000 1 2
902 365 931 353 1 1 1 1644498588 689604 720000.000000 1 2
882 330 911 318 1 1 1 1644498588 689604 720000.000000 1 2
862 295 891 283 1 1 1 1644498588 689604 720000.000000 1 2
902 365 931 353 1 1 1 1644498588 689604 900000.000000 1 2
882 330 911 318 1 1 1 1644498588 689604 900000.000000 1 2
862 295 891 283 1 1 1 1644498588 689604 900000.000000 1 2
902 365 931 353 1 1 1 1644498588 689604 1080000.000000 1 2
882 330 911 318 1 1 1 1644498588 689605 1080000.000000 1 2
862 295 891 283 1 1 1 1644498588 689605 1080000.000000 1 2
902 365 931 353 1 1 1 1644498588 689605 1260000.000000 1 2
882 330 911 318 1 1 1 1644498589 917298 0.000000 1 2
862 295 891 283 1 1 1 1644498590 18462 0.000000 1 2
1467 558 1516 563 1 0 1 1644498591 275643 0.000000 1 9
596 497 425 598 1 0 1 1644498594 30016 0.000000 1 3
576 462 405 563 1 0 1 1644498594 30016 0.000000 1 3
616 532 445 633 1 0 1 1644498594 30016 0.000000 1 3
1 1 -1 -1 48 0 0
3 1
1484 553 1506 563 2 1 1 1644498588 689591 0.000000 2 9
1496 518 1518 528 2 1 1 1644498588 689591 0.000000 2 9
1508 483 1530 493 2 1 1 1644498588 689591 0.000000 2 9
1484 553 1506 563 2 1 1 1644498588 689600 180000.000000 2 9
1496 518 1518 528 2 1 1 1644498588 689600 180000.000000 2 9
1508 483 1530 493 2 1 1 1644498588 689600 180000.000000 2 9
1484 553 1506 563 2 1 1 1644498588 689600 360000.000000 2 9
1496 518 1518 528 2 1 1 1644498588 689600 360000.000000 2 9
1508 483 1530 493 2 1 1 1644498588 689600 360000.000000 2 9
1484 553 1506 563 2 1 1 1644498588 689600 540000.000000 2 9
1496 518 1518 528 2 1 1 1644498588 689600 540000.000000 2 9
1508 483 1530 493 2 1 1 1644498588 689600 540000.000000 2 9
899 353 1506 563 2 1 1 1644498588 689600 720000.000000 2 9
1496 518 1518 528 2 1 1 1644498588 689601 720000.000000 2 9
1508 483 1530 493 2 1 1 1644498588 689601 720000.000000 2 9
899 353 1506 563 2 1 1 1644498588 689601 900000.000000 2 9
1496 518 1518 528 2 1 1 1644498588 689601 900000.000000 2 9
1508 483 1530 493 2 1 1 1644498588 689601 900000.000000 2 9
899 353 1506 563 2 1 1 1644498588 689601 1080000.000000 2 9
965 336 1518 528 2 1 1 1644498588 689601 1080000.000000 2 9
977 301 1530 493 2 1 1 1644498588 689601 1080000.000000 2 9
899 353 1506 563 2 1 1 1644498588 689601 1260000.000000 2 9
1496 518 1518 528 2 1 1 1644498589 32476 0.000000 2 9
923 283 1530 493 1 1 1 1644498589 917296 0.000000 2 9
1484 553 1506 563 1 1 1 1644498589 917296 0.000000 2 9
911 318 1518 528 1 1 1 1644498589 917296 0.000000 2 9
1508 483 1530 493 1 1 1 1644498589 917296 180000.000000 2 9
1484 553 1506 563 1 1 1 1644498589 917296 180000.000000 2 9
1496 518 1518 528 1 1 1 1644498590 18460 0.000000 2 9
1508 483 1530 493 1 1 1 1644498590 87055 0.000000 2 9
1484 553 1506 563 1 1 1 1644498590 87055 0.000000 2 9
1496 518 1518 528 1 1 1 1644498590 87056 0.000000 2 9
1508 483 1530 493 1 1 1 1644498591 275644 0.000000 2 9
1484 553 1506 563 1 1 1 1644498591 275645 0.000000 2 9
1496 518 1518 528 1 1 1 1644498591 275645 0.000000 2 9
1508 483 1530 493 1 1 1 1644498591 275645 180000.000000 2 9
1484 553 1506 563 1 1 1 1644498591 275645 180000.000000 2 9
1496 518 1518 528 1 1 1 1644498591 275645 180000.000000 2 9
1508 483 1530 493 1 1 1 1644498586 275645 360000.000000 2 9
1484 553 1506 563 1 1 1 1644498586 275645 360000.000000 2 9
1496 518 1518 528 1 1 1 1644498586 275646 360000.000000 2 9
1508 483 1530 493 1 1 1 1644498586 275646 540000.000000 2 9
1484 553 1506 563 1 1 1 1644498586 275646 540000.000000 2 9
1496 518 1518 528 1 1 1 1644498586 275646 540000.000000 2 9
1508 483 1530 493 1 1 1 1644498586 275646 720000.000000 2 9
859 392 445 633 1 0 1 1644498594 30017 0.000000 2 3
839 357 425 598 1 0 1 1644498594 30017 0.000000 2 3
819 322 405 563 1 0 1 1644498594 30017 0.000000 2 3
10 5 20 0 0 0 1
1 5
1 6
1 7
0 6
0 4
10 3 20 0 0 0 0
6 6
6 5
6 8
10 3 20 0 0 0 0
2 8
2 7
2 6
10 2 20 0 0 0 0
4 1
4 2
10 3 20 0 0 0 0
5 8
5 9
6 9
10 3 20 0 0 0 0
4 4
4 6
5 5
1 1 13 13 19 1 0
5 4
1440 563 427 633 1 0 1 1644498594 30017 0.000000 9 3
1438 528 425 598 1 0 1 1644498594 30017 0.000000 9 3
1436 493 423 563 1 0 1 1644498594 30017 0.000000 9 3
1490 563 427 633 1 0 1 1644498594 30017 180000.000000 9 3
1488 528 425 598 1 0 1 1644498594 30018 180000.000000 9 3
1486 493 423 563 1 0 1 1644498594 30018 180000.000000 9 3
1520 563 427 633 1 0 0 1644498594 30018 360000.000000 9 3
1518 528 425 598 1 0 0 1644498594 30018 360000.000000 9 3
1516 493 423 563 1 0 0 1644498594 30018 360000.000000 9 3
1520 563 427 633 1 0 0 1644498594 30018 540000.000000 9 3
1518 528 425 598 1 0 0 1644498594 30018 540000.000000 9 3
1516 493 423 563 1 0 0 1644498594 30018 540000.000000 9 3
1520 563 427 633 1 0 0 1644498594 30018 720000.000000 9 3
1518 528 425 598 1 0 0 1644498594 30018 720000.000000 9 3
1516 493 423 563 1 0 0 1644498594 30018 720000.000000 9 3
1520 563 427 633 1 0 0 1644498594 30018 900000.000000 9 3
1518 528 425 598 1 0 0 1644498594 30018 900000.000000 9 3
1516 493 423 563 1 0 0 1644498594 30019 900000.000000 9 3
1520 563 427 633 1 0 0 1644498594 30019 1080000.000000 9 3
10 1 20 0 0 0 0
3 8
6
2 1366 522 1 0 1644498591 513647 0.000000 1
2 1056 638 0 0 0 0 0.000000 0
2 861 792 0 0 0 0 0.000000 0
2 1366 459 1 1 1644498590 221309 0.000000 2
2 997 671 0 0 0 0 0.000000 0
2 847 390 0 0 0 0 0.000000 0
0 1 0 -1 -1 1
0 1 10 2 0 1
0 1 10 2 3 1
0
