arya                            
8 50 20 10 0 1
7 11 55 74 4 1 13
176 144 1 8 0 1
419 144 0 0 0 0
662 144 1 0 0 0
905 144 1 2 1 1
1148 144 1 7 0 1
1391 144 1 7 0 1
1634 144 1 0 0 0
55 214 1 8 1 1
298 214 1 0 0 0
541 214 1 0 0 0
784 214 0 0 0 0
1027 214 1 2 0 1
1270 214 1 7 1 1
1513 214 1 12 0 1
176 284 0 0 0 0
419 284 1 0 0 0
662 284 0 0 0 0
905 284 0 0 0 0
1148 284 0 0 0 0
1391 284 0 0 0 0
1634 284 0 0 0 0
55 354 0 0 0 0
298 354 1 1 0 1
541 354 0 0 0 0
784 354 0 0 0 0
1027 354 1 0 0 0
1270 354 0 0 0 0
1513 354 1 12 1 1
176 424 1 1 1 1
419 424 0 0 0 0
662 424 0 0 0 0
905 424 1 10 0 1
1148 424 0 0 0 0
1391 424 1 12 0 1
1634 424 0 0 0 0
55 494 1 0 0 1
298 494 0 0 0 0
541 494 1 4 1 1
784 494 1 10 0 1
1027 494 1 9 0 1
1270 494 0 0 0 0
1513 494 1 6 0 1
176 564 0 0 0 0
419 564 0 0 0 0
662 564 0 0 0 0
905 564 1 10 1 1
1148 564 1 9 1 1
1391 564 0 0 0 0
1634 564 1 6 1 1
55 634 1 0 1 1
298 634 0 0 0 0
541 634 0 0 0 0
784 634 1 10 0 1
1027 634 1 9 0 1
1270 634 0 0 0 0
1513 634 1 6 0 1
176 704 0 0 0 0
419 704 1 3 1 1
662 704 0 0 0 0
905 704 0 0 0 0
1148 704 1 9 0 1
1391 704 0 0 0 0
1634 704 1 6 0 1
55 774 0 0 0 0
298 774 1 3 0 1
541 774 1 3 0 1
784 774 1 11 0 1
1027 774 0 0 0 0
1270 774 0 0 0 0
1513 774 0 0 0 0
176 844 1 5 1 1
419 844 0 0 0 0
662 844 1 11 1 1
905 844 0 0 0 0
1148 844 0 0 0 0
1391 844 0 0 0 0
1634 844 1 0 0 0
0 2 50 0 0 0 1
0 7
0 5
4 2 -1 -1 102 0 0
0 4
1 3
513 449 1337 299 1 1 1 1644498751 445122 0.000000 1 7
1299 264 1331 264 1 1 1 1644498751 445122 0.000000 1 7
888 293 1325 229 1 1 1 1644498751 445123 0.000000 1 7
1305 299 1337 299 1 1 1 1644498751 445123 180000.000000 1 7
1299 264 1331 264 1 1 1 1644498751 445123 180000.000000 1 7
942 281 1325 229 1 1 1 1644498751 445123 180000.000000 1 7
1305 299 1337 299 1 1 1 1644498746 445123 360000.000000 1 7
1299 264 1331 264 1 1 1 1644498746 445123 360000.000000 1 7
1293 229 1325 229 1 1 1 1644498746 445123 360000.000000 1 7
1305 299 1337 299 1 1 1 1644498746 445123 540000.000000 1 7
1299 264 1331 264 1 1 1 1644498746 445123 540000.000000 1 7
1293 229 1325 229 1 1 1 1644498746 445123 540000.000000 1 7
1305 299 1337 299 1 1 1 1644498746 445123 720000.000000 1 7
1299 264 1331 264 1 1 1 1644498746 445124 720000.000000 1 7
1293 229 1325 229 1 1 1 1644498746 445124 720000.000000 1 7
351 485 1337 299 1 1 1 1644498756 746192 0.000000 1 7
354 448 1331 264 1 1 1 1644498756 746192 0.000000 1 7
816 309 1325 229 1 1 1 1644498756 746192 0.000000 1 7
306 495 1337 299 1 1 1 1644498756 746193 180000.000000 1 7
309 458 1331 264 1 1 1 1644498756 746193 180000.000000 1 7
303 423 1325 229 1 1 1 1644498757 20218 0.000000 1 7
799 282 979 229 3 1 1 1644498757 767077 0.000000 1 2
723 268 966 194 3 1 1 1644498757 767077 0.000000 1 2
710 233 953 159 3 1 1 1644498757 767077 0.000000 1 2
799 282 979 229 3 1 1 1644498757 800935 0.000000 1 2
777 250 966 194 3 1 1 1644498757 800935 0.000000 1 2
764 215 953 159 3 1 1 1644498757 800935 0.000000 1 2
799 282 979 229 3 1 1 1644498757 800936 180000.000000 1 2
786 247 966 194 3 1 1 1644498757 800936 180000.000000 1 2
773 212 953 159 3 1 1 1644498757 800936 180000.000000 1 2
673 324 979 229 3 1 1 1644498761 32294 0.000000 1 2
660 289 966 194 3 1 1 1644498761 32294 0.000000 1 2
647 254 953 159 3 1 1 1644498761 32294 0.000000 1 2
655 330 979 229 3 1 1 1644498761 32294 180000.000000 1 2
300 460 1331 264 3 1 1 1644498762 221819 0.000000 1 7
411 399 1325 229 4 1 1 1644498762 903331 0.000000 1 7
1305 299 1337 299 4 1 1 1644498762 903332 0.000000 1 7
453 426 1331 264 4 1 1 1644498762 903332 0.000000 1 7
456 389 1325 229 4 1 1 1644498762 938054 0.000000 1 7
1305 299 1337 299 4 1 1 1644498762 938054 0.000000 1 7
462 424 1331 264 4 1 1 1644498762 938055 0.000000 1 7
438 393 1325 229 4 1 1 1644498757 938055 180000.000000 1 7
1305 299 1337 299 4 1 1 1644498757 938055 180000.000000 1 7
1299 264 1331 264 4 1 1 1644498757 938055 180000.000000 1 7
456 389 1325 229 4 1 1 1644498757 938066 360000.000000 1 7
1305 299 1337 299 4 1 1 1644498757 938066 360000.000000 1 7
1299 264 1331 264 4 1 1 1644498757 938066 360000.000000 1 7
573 363 1325 229 4 1 1 1644498763 36852 0.000000 1 7
1305 299 1337 299 4 1 1 1644498764 24445 0.000000 1 7
1299 264 1331 264 4 1 1 1644498765 42336 0.000000 1 7
600 357 1325 229 4 1 1 1644498766 28772 0.000000 1 7
1305 299 1337 299 4 1 1 1644498767 16984 0.000000 1 7
1299 264 1331 264 4 1 1 1644498768 35887 0.000000 1 7
1293 229 1325 229 4 1 1 1644498768 411578 0.000000 1 7
369 481 1337 299 4 1 1 1644498768 411578 0.000000 1 7
1299 264 1331 264 4 1 1 1644498768 411578 0.000000 1 7
1293 229 1325 229 4 1 1 1644498768 411578 180000.000000 1 7
369 481 1337 299 4 1 1 1644498768 411579 180000.000000 1 7
255 470 1331 264 4 1 1 1644498769 22211 0.000000 1 7
420 397 1325 229 3 1 1 1644498769 193184 0.000000 1 7
477 457 1337 299 3 1 1 1644498769 362332 0.000000 1 7
669 378 1331 264 3 1 1 1644498769 362333 0.000000 1 7
312 421 1325 229 3 1 1 1644498770 41137 0.000000 1 7
252 507 1337 299 3 1 1 1644498766 27613 0.000000 1 7
237 474 966 194 3 1 1 1644498772 15248 0.000000 1 2
499 698 520 719 4 1 1 1644498773 441828 0.000000 1 3
419 768 440 789 4 1 1 1644498773 441829 0.000000 1 3
459 733 480 754 4 1 1 1644498773 441829 0.000000 1 3
499 698 520 719 4 1 1 1644498773 441829 180000.000000 1 3
419 768 440 789 4 1 1 1644498774 18407 0.000000 1 3
459 733 480 754 4 1 1 1644498774 18408 0.000000 1 3
499 698 520 719 4 1 1 1644498774 18408 0.000000 1 3
419 768 440 789 4 1 1 1644498774 18408 180000.000000 1 3
939 608 966 614 4 1 1 1644498777 12546 0.000000 1 10
945 573 972 579 4 1 1 1644498777 12547 0.000000 1 10
933 643 960 649 4 1 1 1644498777 12547 0.000000 1 10
939 608 966 614 4 1 1 1644498778 914788 0.000000 1 10
945 573 972 579 4 1 1 1644498779 84217 0.000000 1 10
277 864 277 894 4 1 1 1644498780 819487 0.000000 1 5
237 864 237 894 4 1 1 1644498783 438618 0.000000 1 5
197 864 197 894 4 1 1 1644498783 438619 0.000000 1 5
277 864 277 894 4 1 1 1644498783 438619 0.000000 1 5
237 864 237 894 4 1 1 1644498784 14837 0.000000 1 5
168 250 156 229 4 1 1 1644498785 887508 0.000000 1 8
88 320 76 299 4 1 1 1644498787 44267 0.000000 1 8
128 285 116 264 4 1 1 1644498787 44268 0.000000 1 8
168 250 156 229 4 1 1 1644498788 94250 0.000000 1 8
1665 646 1692 649 4 1 1 1644498789 82183 0.000000 1 6
1668 611 1695 614 4 1 1 1644498790 306230 0.000000 1 6
1671 576 1698 579 4 1 1 1644498792 74897 0.000000 1 6
1665 646 1692 649 4 1 1 1644498792 74897 0.000000 1 6
1668 611 1695 614 4 1 1 1644498794 11119 0.000000 1 6
1671 576 1698 579 4 1 1 1644498794 11120 0.000000 1 6
1665 646 1692 649 4 1 1 1644498795 32361 0.000000 1 6
1182 608 1209 614 4 1 1 1644498796 17605 0.000000 1 9
1187 573 1214 579 4 1 1 1644498797 751411 0.000000 1 9
1177 643 1204 649 4 1 1 1644498798 24862 0.000000 1 9
706 877 723 894 4 1 1 1644498799 43433 0.000000 1 11
736 842 753 859 4 1 1 1644498800 30124 0.000000 1 11
676 912 693 929 4 1 1 1644498801 20939 0.000000 1 11
606 433 1574 404 4 0 1 1644498802 72711 0.000000 1 12
353 426 1573 369 4 0 1 1644498803 24835 0.000000 1 12
4 2 0 0 69 0 0
3 0
4 1
919 247 250 509 2 1 1 1644498751 445125 0.000000 2 1
776 251 237 474 2 1 1 1644498751 445125 0.000000 2 1
763 216 224 439 2 1 1 1644498751 445125 0.000000 2 1
969 232 250 509 2 1 1 1644498751 445135 180000.000000 2 1
826 236 237 474 2 1 1 1644498751 445136 180000.000000 2 1
813 201 224 439 2 1 1 1644498751 445136 180000.000000 2 1
849 268 250 509 2 1 1 1644498746 445136 360000.000000 2 1
836 233 237 474 2 1 1 1644498746 445136 360000.000000 2 1
823 198 224 439 2 1 1 1644498746 445136 360000.000000 2 1
849 268 250 509 2 1 1 1644498746 445136 540000.000000 2 1
716 269 237 474 2 1 1 1644498746 445136 540000.000000 2 1
703 234 224 439 2 1 1 1644498746 445136 540000.000000 2 1
849 268 250 509 2 1 1 1644498746 445136 720000.000000 2 1
676 282 237 474 2 1 1 1644498746 445136 720000.000000 2 1
423 343 224 439 2 1 1 1644498746 445136 720000.000000 2 1
869 293 136 719 2 1 1 1644498755 999914 0.000000 2 0
750 313 116 684 2 1 1 1644498755 999914 0.000000 2 0
829 223 96 649 2 1 1 1644498755 999914 0.000000 2 0
770 348 136 719 2 1 1 1644498755 999914 180000.000000 2 0
732 323 116 684 2 1 1 1644498756 35873 0.000000 2 0
505 403 96 649 2 1 1 1644498757 20219 0.000000 2 0
509 389 250 509 2 1 1 1644498761 237034 0.000000 2 1
486 358 237 474 2 1 1 1644498761 237034 0.000000 2 1
453 331 224 439 2 1 1 1644498761 237035 0.000000 2 1
509 389 250 509 2 1 1 1644498761 237035 180000.000000 2 1
596 314 237 474 2 1 1 1644498768 103004 0.000000 2 1
433 339 224 439 2 1 1 1644498768 103005 0.000000 2 1
739 301 250 509 2 1 1 1644498768 103005 0.000000 2 1
616 306 237 474 2 1 1 1644498768 103005 180000.000000 2 1
350 375 224 439 2 1 1 1644498768 103005 180000.000000 2 1
679 321 250 509 4 1 1 1644498769 938973 0.000000 2 1
264 457 237 474 4 1 1 1644498769 938973 0.000000 2 1
251 422 224 439 4 1 1 1644498769 938974 0.000000 2 1
277 492 250 509 4 1 1 1644498769 938974 180000.000000 2 1
264 457 237 474 4 1 1 1644498766 27616 0.000000 2 1
251 422 224 439 4 1 1 1644498766 27616 0.000000 2 1
277 492 250 509 4 1 1 1644498766 27616 0.000000 2 1
496 732 480 754 4 1 1 1644498773 441829 0.000000 2 3
456 697 440 719 4 1 1 1644498773 441829 0.000000 2 3
536 767 520 789 4 1 1 1644498774 18408 0.000000 2 3
966 584 966 614 4 1 1 1644498776 126481 0.000000 2 10
926 584 926 614 4 1 1 1644498776 126481 0.000000 2 10
1006 584 1006 614 4 1 1 1644498777 12547 0.000000 2 10
966 584 966 614 4 1 1 1644498778 914789 0.000000 2 10
926 584 926 614 4 1 1 1644498779 84218 0.000000 2 10
284 909 270 929 4 1 1 1644498780 819488 0.000000 2 5
251 874 237 894 4 1 1 1644498783 438619 0.000000 2 5
218 839 204 859 4 1 1 1644498783 438619 0.000000 2 5
284 909 270 929 4 1 1 1644498783 438619 0.000000 2 5
251 874 237 894 4 1 1 1644498784 14838 0.000000 2 5
144 225 114 229 4 1 1 1644498785 887508 0.000000 2 8
148 295 118 299 4 1 1 1644498787 44268 0.000000 2 8
146 260 116 264 4 1 1 1644498787 44268 0.000000 2 8
144 225 114 229 4 1 1 1644498788 94251 0.000000 2 8
1650 634 1675 649 4 1 1 1644498789 82184 0.000000 2 6
1670 599 1695 614 4 1 1 1644498790 306231 0.000000 2 6
1690 564 1715 579 4 1 1 1644498792 74897 0.000000 2 6
1650 634 1675 649 4 1 1 1644498792 74898 0.000000 2 6
1670 599 1695 614 4 1 1 1644498794 11120 0.000000 2 6
1690 564 1715 579 4 1 1 1644498794 11120 0.000000 2 6
1650 634 1675 649 4 1 1 1644498795 32362 0.000000 2 6
1193 586 1209 614 4 1 1 1644498796 17605 0.000000 2 9
1233 551 1249 579 4 1 1 1644498797 751412 0.000000 2 9
1153 621 1169 649 4 1 1 1644498798 24863 0.000000 2 9
727 869 723 894 4 1 1 1644498799 43433 0.000000 2 11
687 834 683 859 4 1 1 1644498800 30124 0.000000 2 11
773 877 763 929 4 0 1 1644498801 20939 0.000000 2 11
1335 317 1574 404 4 0 1 1644498802 72712 0.000000 2 12
1095 198 1586 369 4 0 1 1644498803 24835 0.000000 2 12
4 3 -4 -4 79 0 0
1 8
1 9
2 9
216 533 197 509 3 1 1 1644498751 445137 0.000000 3 1
305 554 237 474 3 1 1 1644498751 445137 0.000000 3 1
415 599 277 439 3 1 1 1644498751 445137 0.000000 3 1
216 533 197 509 3 1 1 1644498751 445137 180000.000000 3 1
256 498 237 474 3 1 1 1644498751 445137 180000.000000 3 1
366 543 277 439 3 1 1 1644498751 445137 180000.000000 3 1
216 533 197 509 3 1 1 1644498746 445137 360000.000000 3 1
256 498 237 474 3 1 1 1644498746 445137 360000.000000 3 1
331 503 277 439 3 1 1 1644498746 445137 360000.000000 3 1
216 533 197 509 3 1 1 1644498746 445138 540000.000000 3 1
256 498 237 474 3 1 1 1644498746 445138 540000.000000 3 1
331 503 277 439 3 1 1 1644498746 445138 540000.000000 3 1
216 533 197 509 3 1 1 1644498746 445138 720000.000000 3 1
256 498 237 474 3 1 1 1644498746 445138 720000.000000 3 1
310 479 277 439 3 1 1 1644498746 445138 720000.000000 3 1
694 557 1006 229 3 1 1 1644498756 746194 0.000000 3 2
624 562 966 194 3 1 1 1644498756 746194 0.000000 3 2
590 519 926 159 3 1 1 1644498756 746194 0.000000 3 2
884 346 1006 229 3 1 1 1644498756 746194 180000.000000 3 2
660 514 966 194 3 1 1 1644498756 746194 180000.000000 3 2
620 479 926 159 3 1 1 1644498757 767077 0.000000 3 2
982 248 1006 229 3 1 1 1644498761 32295 0.000000 3 2
753 402 966 194 3 1 1 1644498761 32295 0.000000 3 2
720 360 926 159 3 1 1 1644498761 32295 0.000000 3 2
982 248 1006 229 3 1 1 1644498761 32295 180000.000000 3 2
939 616 966 614 3 1 1 1644498762 903332 0.000000 3 10
359 535 277 439 3 1 1 1644498768 103006 0.000000 3 1
216 533 197 509 3 1 1 1644498768 103006 0.000000 3 1
277 522 237 474 3 1 1 1644498768 103006 0.000000 3 1
359 535 277 439 3 1 1 1644498768 103006 180000.000000 3 1
216 533 197 509 3 1 1 1644498768 103006 180000.000000 3 1
256 498 237 474 3 1 1 1644498768 103006 180000.000000 3 1
440 719 926 159 3 1 1 1644498772 15249 0.000000 3 2
520 789 1006 229 3 1 1 1644498772 15249 0.000000 3 2
480 754 966 194 3 1 1 1644498772 15249 0.000000 3 2
440 719 926 159 3 1 1 1644498772 15249 180000.000000 3 2
949 651 976 649 4 1 1 1644498777 12547 0.000000 3 10
939 616 966 614 4 1 1 1644498777 12547 0.000000 3 10
929 581 956 579 4 1 1 1644498777 12547 0.000000 3 10
949 651 976 649 4 1 1 1644498777 12547 180000.000000 3 10
939 616 966 614 4 1 1 1644498777 12547 180000.000000 3 10
929 581 956 579 4 1 1 1644498777 12547 180000.000000 3 10
949 651 976 649 4 1 1 1644498777 12548 360000.000000 3 10
939 616 966 614 4 1 1 1644498777 12548 360000.000000 3 10
929 581 956 579 4 1 1 1644498777 12548 360000.000000 3 10
949 651 976 649 4 1 1 1644498777 12548 540000.000000 3 10
939 616 966 614 4 1 1 1644498777 12548 540000.000000 3 10
929 581 956 579 4 1 1 1644498777 12548 540000.000000 3 10
949 651 976 649 4 1 1 1644498777 12548 720000.000000 3 10
939 616 966 614 4 1 1 1644498778 914789 0.000000 3 10
929 581 956 579 4 1 1 1644498778 914789 0.000000 3 10
949 651 976 649 4 1 1 1644498778 914790 0.000000 3 10
939 616 966 614 4 1 1 1644498778 914790 180000.000000 3 10
929 581 956 579 4 1 1 1644498778 914790 180000.000000 3 10
949 651 976 649 4 1 1 1644498779 84218 0.000000 3 10
256 879 237 894 4 1 1 1644498780 819488 0.000000 3 5
236 844 217 859 4 1 1 1644498783 438620 0.000000 3 5
276 914 257 929 4 1 1 1644498783 438620 0.000000 3 5
256 879 237 894 4 1 1 1644498783 438620 0.000000 3 5
236 844 217 859 4 1 1 1644498784 14838 0.000000 3 5
91 319 76 299 4 1 1 1644498785 887509 0.000000 3 8
131 284 116 264 4 1 1 1644498787 44268 0.000000 3 8
171 249 156 229 4 1 1 1644498787 44268 0.000000 3 8
91 319 76 299 4 1 1 1644498788 94251 0.000000 3 8
1667 614 1695 614 4 1 1 1644498789 82184 0.000000 3 6
1663 579 1691 579 4 1 1 1644498790 306231 0.000000 3 6
1671 649 1699 649 4 1 1 1644498792 74898 0.000000 3 6
1667 614 1695 614 4 1 1 1644498792 74898 0.000000 3 6
1663 579 1691 579 4 1 1 1644498794 11120 0.000000 3 6
1671 649 1699 649 4 1 1 1644498794 11120 0.000000 3 6
1667 614 1695 614 4 1 1 1644498795 32362 0.000000 3 6
1176 580 1203 579 4 1 1 1644498796 17605 0.000000 3 9
1188 650 1215 649 4 1 1 1644498797 751412 0.000000 3 9
1182 615 1209 614 4 1 1 1644498798 24863 0.000000 3 9
716 843 743 859 4 1 1 1644498799 43433 0.000000 3 11
676 913 703 929 4 1 1 1644498800 30125 0.000000 3 11
696 878 723 894 4 1 1 1644498801 20951 0.000000 3 11
838 590 1563 369 4 0 1 1644498802 72712 0.000000 3 12
608 744 1585 439 4 0 1 1644498803 24835 0.000000 3 12
4 1 0 0 67 0 0
2 5
446 549 231 509 4 1 1 1644498751 445138 0.000000 4 1
342 492 237 474 4 1 1 1644498751 445139 0.000000 4 1
548 497 243 439 4 1 1 1644498751 445139 0.000000 4 1
256 511 231 509 4 1 1 1644498751 445139 180000.000000 4 1
262 476 237 474 4 1 1 1644498751 445139 180000.000000 4 1
268 441 243 439 4 1 1 1644498751 445139 180000.000000 4 1
256 511 231 509 4 1 1 1644498746 445139 360000.000000 4 1
262 476 237 474 4 1 1 1644498746 445139 360000.000000 4 1
268 441 243 439 4 1 1 1644498746 445139 360000.000000 4 1
256 511 231 509 4 1 1 1644498746 445139 540000.000000 4 1
262 476 237 474 4 1 1 1644498746 445139 540000.000000 4 1
268 441 243 439 4 1 1 1644498746 445139 540000.000000 4 1
256 511 231 509 4 1 1 1644498746 445139 720000.000000 4 1
262 476 237 474 4 1 1 1644498746 445140 720000.000000 4 1
268 441 243 439 4 1 1 1644498746 445140 720000.000000 4 1
712 502 999 229 4 1 1 1644498756 746195 0.000000 4 2
679 467 966 194 4 1 1 1644498756 746195 0.000000 4 2
646 432 933 159 4 1 1 1644498756 746195 0.000000 4 2
677 537 999 229 4 1 1 1644498756 746195 180000.000000 4 2
644 502 966 194 4 1 1 1644498756 746195 180000.000000 4 2
268 441 243 439 4 1 1 1644498761 65042 0.000000 4 1
256 511 231 509 4 1 1 1644498761 65042 0.000000 4 1
262 476 237 474 4 1 1 1644498761 65042 0.000000 4 1
268 441 243 439 4 1 1 1644498761 65042 180000.000000 4 1
256 511 231 509 4 1 1 1644498761 65042 180000.000000 4 1
942 212 966 194 4 1 1 1644498768 136264 0.000000 4 2
723 355 933 159 4 1 1 1644498768 136264 0.000000 4 2
975 247 999 229 4 1 1 1644498768 136264 0.000000 4 2
942 212 966 194 4 1 1 1644498768 136264 180000.000000 4 2
909 177 933 159 4 1 1 1644498768 136264 180000.000000 4 2
975 247 999 229 4 1 1 1644498768 136264 180000.000000 4 2
942 212 966 194 4 1 1 1644498768 136264 360000.000000 4 2
518 491 243 439 4 1 1 1644498769 938974 0.000000 4 1
306 521 231 509 4 1 1 1644498766 27616 0.000000 4 1
262 476 237 474 4 1 1 1644498766 27617 0.000000 4 1
452 689 440 719 4 1 1 1644498773 441829 0.000000 4 3
532 759 520 789 4 1 1 1644498773 441829 0.000000 4 3
492 724 480 754 4 1 1 1644498774 18409 0.000000 4 3
941 572 972 579 4 1 1 1644498777 12548 0.000000 4 10
929 642 960 649 4 1 1 1644498777 12548 0.000000 4 10
935 607 966 614 4 1 1 1644498777 12548 0.000000 4 10
941 572 972 579 4 1 1 1644498778 914790 0.000000 4 10
929 642 960 649 4 1 1 1644498779 84218 0.000000 4 10
251 875 237 894 4 1 1 1644498780 819488 0.000000 4 5
163 244 136 229 4 1 1 1644498781 703341 0.000000 4 8
123 314 96 299 4 1 1 1644498782 43512 0.000000 4 8
143 279 116 264 4 1 1 1644498778 29337 0.000000 4 8
218 840 204 859 4 1 1 1644498784 14838 0.000000 4 5
123 314 96 299 4 1 1 1644498785 887509 0.000000 4 8
143 279 116 264 4 1 1 1644498787 44269 0.000000 4 8
163 244 136 229 4 1 1 1644498787 44269 0.000000 4 8
123 314 96 299 4 1 1 1644498788 94251 0.000000 4 8
1664 610 1695 614 4 1 1 1644498789 82184 0.000000 4 6
1666 575 1697 579 4 1 1 1644498790 306231 0.000000 4 6
1662 645 1693 649 4 1 1 1644498792 74898 0.000000 4 6
1664 610 1695 614 4 1 1 1644498792 74898 0.000000 4 6
1666 575 1697 579 4 1 1 1644498794 11120 0.000000 4 6
1662 645 1693 649 4 1 1 1644498794 11121 0.000000 4 6
1664 610 1695 614 4 1 1 1644498795 32362 0.000000 4 6
1182 573 1213 579 4 1 1 1644498796 17606 0.000000 4 9
1174 643 1205 649 4 1 1 1644498797 751412 0.000000 4 9
1178 608 1209 614 4 1 1 1644498798 24863 0.000000 4 9
751 833 763 859 4 1 1 1644498799 43434 0.000000 4 11
671 903 683 929 4 1 1 1644498800 30125 0.000000 4 11
711 868 723 894 4 1 1 1644498801 20951 0.000000 4 11
966 429 1569 369 4 0 1 1644498802 72712 0.000000 4 12
724 553 1579 439 4 0 1 1644498803 24835 0.000000 4 12
4 1 0 0 46 0 0
0 10
79 329 76 299 4 1 1 1644498785 887509 0.000000 5 8
119 294 116 264 4 1 1 1644498785 887510 0.000000 5 8
159 259 156 229 4 1 1 1644498785 887510 0.000000 5 8
79 329 76 299 4 1 1 1644498785 887510 180000.000000 5 8
119 294 116 264 4 1 1 1644498785 887510 180000.000000 5 8
159 259 156 229 4 1 1 1644498785 887510 180000.000000 5 8
79 329 76 299 4 1 1 1644498785 887510 360000.000000 5 8
119 294 116 264 4 1 1 1644498785 887522 360000.000000 5 8
159 259 156 229 4 1 1 1644498785 887522 360000.000000 5 8
79 329 76 299 4 1 1 1644498785 887522 540000.000000 5 8
119 294 116 264 4 1 1 1644498785 887522 540000.000000 5 8
159 259 156 229 4 1 1 1644498785 887522 540000.000000 5 8
79 329 76 299 4 1 1 1644498785 887522 720000.000000 5 8
119 294 116 264 4 1 1 1644498785 887522 720000.000000 5 8
159 259 156 229 4 1 1 1644498785 887522 720000.000000 5 8
79 329 76 299 4 1 1 1644498785 887522 900000.000000 5 8
119 294 116 264 4 1 1 1644498785 887523 900000.000000 5 8
159 259 156 229 4 1 1 1644498787 44269 0.000000 5 8
79 329 76 299 4 1 1 1644498787 44269 0.000000 5 8
119 294 116 264 4 1 1 1644498787 44269 0.000000 5 8
159 259 156 229 4 1 1 1644498787 44269 180000.000000 5 8
79 329 76 299 4 1 1 1644498787 44269 180000.000000 5 8
119 294 116 264 4 1 1 1644498787 44270 180000.000000 5 8
159 259 156 229 4 1 1 1644498787 44270 360000.000000 5 8
79 329 76 299 4 1 1 1644498787 44270 360000.000000 5 8
119 294 116 264 4 1 1 1644498788 94251 0.000000 5 8
159 259 156 229 4 1 1 1644498788 94252 0.000000 5 8
79 329 76 299 4 1 1 1644498788 94252 0.000000 5 8
119 294 116 264 4 1 1 1644498788 94252 180000.000000 5 8
159 259 156 229 4 1 1 1644498788 94252 180000.000000 5 8
1675 649 1701 649 4 1 1 1644498789 82184 0.000000 5 6
1669 614 1695 614 4 1 1 1644498789 82184 0.000000 5 6
1663 579 1689 579 4 1 1 1644498790 306231 0.000000 5 6
1675 649 1701 649 4 1 1 1644498792 74898 0.000000 5 6
1669 614 1695 614 4 1 1 1644498792 74898 0.000000 5 6
1663 579 1689 579 4 1 1 1644498794 11121 0.000000 5 6
1675 649 1701 649 4 1 1 1644498794 11121 0.000000 5 6
1669 614 1695 614 4 1 1 1644498795 32363 0.000000 5 6
1172 581 1199 579 4 1 1 1644498796 17606 0.000000 5 9
1192 651 1219 649 4 1 1 1644498797 751413 0.000000 5 9
1182 616 1209 614 4 1 1 1644498798 24863 0.000000 5 9
697 859 723 859 4 1 1 1644498799 43434 0.000000 5 11
697 929 723 929 4 1 1 1644498800 30125 0.000000 5 11
697 894 723 894 4 1 1 1644498801 20952 0.000000 5 11
594 695 1562 369 4 0 1 1644498802 72712 0.000000 5 12
366 877 1586 439 4 0 1 1644498803 24836 0.000000 5 12
4 4 0 0 82 0 0
6 6
6 7
6 5
6 8
1235 649 1209 649 4 1 1 1644498796 17606 0.000000 6 9
1235 614 1209 614 4 1 1 1644498796 17606 0.000000 6 9
1235 579 1209 579 4 1 1 1644498796 17606 0.000000 6 9
1235 649 1209 649 4 1 1 1644498796 17606 180000.000000 6 9
1235 614 1209 614 4 1 1 1644498796 17606 180000.000000 6 9
1235 579 1209 579 4 1 1 1644498796 17606 180000.000000 6 9
1235 649 1209 649 4 1 1 1644498796 17606 360000.000000 6 9
1235 614 1209 614 4 1 1 1644498796 17607 360000.000000 6 9
1235 579 1209 579 4 1 1 1644498796 17607 360000.000000 6 9
1235 649 1209 649 4 1 1 1644498796 17607 540000.000000 6 9
1235 614 1209 614 4 1 1 1644498796 17607 540000.000000 6 9
1235 579 1209 579 4 1 1 1644498796 17607 540000.000000 6 9
1235 649 1209 649 4 1 1 1644498796 17607 720000.000000 6 9
1235 614 1209 614 4 1 1 1644498796 17607 720000.000000 6 9
1235 579 1209 579 4 1 1 1644498796 17607 720000.000000 6 9
1235 649 1209 649 4 1 1 1644498796 17607 900000.000000 6 9
1235 614 1209 614 4 1 1 1644498796 17607 900000.000000 6 9
1235 579 1209 579 4 1 1 1644498796 17607 900000.000000 6 9
1235 649 1209 649 4 1 1 1644498796 17607 1080000.000000 6 9
1235 614 1209 614 4 1 1 1644498796 17607 1080000.000000 6 9
1235 579 1209 579 4 1 1 1644498797 2404 0.000000 6 9
1235 649 1209 649 4 1 1 1644498797 2404 0.000000 6 9
1235 614 1209 614 4 1 1 1644498797 2405 0.000000 6 9
1235 579 1209 579 4 1 1 1644498797 2405 180000.000000 6 9
1235 649 1209 649 4 1 1 1644498797 2405 180000.000000 6 9
1235 614 1209 614 4 1 1 1644498797 2405 180000.000000 6 9
1235 579 1209 579 4 1 1 1644498797 2405 360000.000000 6 9
1235 649 1209 649 4 1 1 1644498797 2405 360000.000000 6 9
1235 614 1209 614 4 1 1 1644498797 2405 360000.000000 6 9
1235 579 1209 579 4 1 1 1644498797 2414 540000.000000 6 9
1235 649 1209 649 4 1 1 1644498797 2414 540000.000000 6 9
1235 614 1209 614 4 1 1 1644498797 2414 540000.000000 6 9
1235 579 1209 579 4 1 1 1644498797 2414 720000.000000 6 9
1235 649 1209 649 4 1 1 1644498797 2414 720000.000000 6 9
1235 614 1209 614 4 1 1 1644498797 2414 720000.000000 6 9
1235 579 1209 579 4 1 1 1644498797 2414 900000.000000 6 9
1235 649 1209 649 4 1 1 1644498797 2414 900000.000000 6 9
1235 614 1209 614 4 1 1 1644498797 2415 900000.000000 6 9
1235 579 1209 579 4 1 1 1644498797 2415 1080000.000000 6 9
1235 649 1209 649 4 1 1 1644498797 2415 1080000.000000 6 9
1235 614 1209 614 4 1 1 1644498797 2415 1080000.000000 6 9
1235 579 1209 579 4 1 1 1644498792 2415 1260000.000000 6 9
1235 649 1209 649 4 1 1 1644498792 2415 1260000.000000 6 9
1235 614 1209 614 4 1 1 1644498792 2415 1260000.000000 6 9
1235 579 1209 579 4 1 1 1644498797 751413 0.000000 6 9
1235 649 1209 649 4 1 1 1644498797 751413 0.000000 6 9
1235 614 1209 614 4 1 1 1644498797 751413 0.000000 6 9
1235 579 1209 579 4 1 1 1644498797 751413 180000.000000 6 9
1235 649 1209 649 4 1 1 1644498797 751413 180000.000000 6 9
1235 614 1209 614 4 1 1 1644498797 751413 180000.000000 6 9
1235 579 1209 579 4 1 1 1644498797 751413 360000.000000 6 9
1235 649 1209 649 4 1 1 1644498797 751413 360000.000000 6 9
1235 614 1209 614 4 1 1 1644498797 751414 360000.000000 6 9
1235 579 1209 579 4 1 1 1644498798 24863 0.000000 6 9
1235 649 1209 649 4 1 1 1644498798 24863 0.000000 6 9
1235 614 1209 614 4 1 1 1644498798 24863 0.000000 6 9
1235 579 1209 579 4 1 1 1644498793 24864 180000.000000 6 9
1235 649 1209 649 4 1 1 1644498793 24864 180000.000000 6 9
1235 614 1209 614 4 1 1 1644498793 24864 180000.000000 6 9
1235 579 1209 579 4 1 1 1644498793 24864 360000.000000 6 9
756 917 733 929 4 1 1 1644498799 43434 0.000000 6 11
746 882 723 894 4 1 1 1644498799 43435 0.000000 6 11
736 847 713 859 4 1 1 1644498799 43435 0.000000 6 11
756 917 733 929 4 1 1 1644498799 43435 180000.000000 6 11
746 882 723 894 4 1 1 1644498799 43435 180000.000000 6 11
736 847 713 859 4 1 1 1644498799 43435 180000.000000 6 11
756 917 733 929 4 1 1 1644498799 43435 360000.000000 6 11
746 882 723 894 4 1 1 1644498799 588026 0.000000 6 11
736 847 713 859 4 1 1 1644498799 588027 0.000000 6 11
756 917 733 929 4 1 1 1644498799 588027 0.000000 6 11
746 882 723 894 4 1 1 1644498799 588027 180000.000000 6 11
736 847 713 859 4 1 1 1644498799 588027 180000.000000 6 11
756 917 733 929 4 1 1 1644498800 30125 0.000000 6 11
746 882 723 894 4 1 1 1644498800 30125 0.000000 6 11
736 847 713 859 4 1 1 1644498800 30125 0.000000 6 11
756 917 733 929 4 1 1 1644498800 30126 180000.000000 6 11
975 807 723 894 4 0 1 1644498801 20952 0.000000 6 11
965 772 713 859 4 0 1 1644498801 20952 0.000000 6 11
985 842 733 929 4 0 1 1644498801 20953 0.000000 6 11
1025 792 723 894 4 0 1 1644498801 20953 180000.000000 6 11
1626 390 1614 369 4 1 1 1644498802 72713 0.000000 6 12
1587 532 1534 439 4 0 1 1644498803 24836 0.000000 6 12
4 3 0 0 35 0 0
5 1
5 0
4 0
523 771 500 789 4 1 1 1644498773 441830 0.000000 7 3
503 736 480 754 4 1 1 1644498773 441830 0.000000 7 3
483 701 460 719 4 1 1 1644498774 18409 0.000000 7 3
523 771 500 789 4 1 1 1644498774 18409 0.000000 7 3
503 736 480 754 4 1 1 1644498774 18409 0.000000 7 3
483 701 460 719 4 1 1 1644498774 18409 180000.000000 7 3
1013 630 999 649 4 1 1 1644498777 12548 0.000000 7 10
980 595 966 614 4 1 1 1644498777 12549 0.000000 7 10
947 560 933 579 4 1 1 1644498777 12549 0.000000 7 10
1013 630 999 649 4 1 1 1644498778 914791 0.000000 7 10
980 595 966 614 4 1 1 1644498779 84218 0.000000 7 10
235 845 217 859 4 1 1 1644498780 819488 0.000000 7 5
275 915 257 929 4 1 1 1644498783 438620 0.000000 7 5
255 880 237 894 4 1 1 1644498783 438620 0.000000 7 5
235 845 217 859 4 1 1 1644498783 438620 0.000000 7 5
275 915 257 929 4 1 1 1644498784 14855 0.000000 7 5
141 264 116 264 4 1 1 1644498785 887523 0.000000 7 8
141 229 116 229 4 1 1 1644498787 44270 0.000000 7 8
141 299 116 299 4 1 1 1644498787 44270 0.000000 7 8
141 264 116 264 4 1 1 1644498788 94252 0.000000 7 8
1707 558 1728 579 4 1 1 1644498789 82184 0.000000 7 6
1641 628 1662 649 4 1 1 1644498790 306232 0.000000 7 6
1674 593 1695 614 4 1 1 1644498792 74898 0.000000 7 6
1707 558 1728 579 4 1 1 1644498792 74899 0.000000 7 6
1641 628 1662 649 4 1 1 1644498794 11121 0.000000 7 6
1674 593 1695 614 4 1 1 1644498794 11121 0.000000 7 6
1707 558 1728 579 4 1 1 1644498795 32363 0.000000 7 6
1253 623 1249 649 4 1 1 1644498796 17608 0.000000 7 9
1213 588 1209 614 4 1 1 1644498797 751414 0.000000 7 9
1173 553 1169 579 4 1 1 1644498798 24864 0.000000 7 9
773 909 759 929 4 1 1 1644498799 43435 0.000000 7 11
737 874 723 894 4 1 1 1644498800 30126 0.000000 7 11
791 733 687 859 4 0 1 1644498801 20953 0.000000 7 11
1527 423 1554 439 4 1 1 1644498802 72713 0.000000 7 12
1435 324 1574 404 4 0 1 1644498803 24836 0.000000 7 12
4 2 0 0 52 0 0
0 1
0 0
1657 642 1688 649 4 1 1 1644498789 82185 0.000000 8 6
1664 607 1695 614 4 1 1 1644498789 82185 0.000000 8 6
1671 572 1702 579 4 1 1 1644498789 82185 0.000000 8 6
1657 642 1688 649 4 1 1 1644498789 82185 180000.000000 8 6
1664 607 1695 614 4 1 1 1644498789 82185 180000.000000 8 6
1671 572 1702 579 4 1 1 1644498789 82185 180000.000000 8 6
1657 642 1688 649 4 1 1 1644498789 82186 360000.000000 8 6
1664 607 1695 614 4 1 1 1644498789 82186 360000.000000 8 6
1671 572 1702 579 4 1 1 1644498789 82186 360000.000000 8 6
1657 642 1688 649 4 1 1 1644498789 82186 540000.000000 8 6
1664 607 1695 614 4 1 1 1644498789 82186 540000.000000 8 6
1671 572 1702 579 4 1 1 1644498789 82195 540000.000000 8 6
1657 642 1688 649 4 1 1 1644498789 82195 720000.000000 8 6
1664 607 1695 614 4 1 1 1644498789 82196 720000.000000 8 6
1671 572 1702 579 4 1 1 1644498789 82196 720000.000000 8 6
1657 642 1688 649 4 1 1 1644498789 82196 900000.000000 8 6
1664 607 1695 614 4 1 1 1644498790 306232 0.000000 8 6
1671 572 1702 579 4 1 1 1644498790 306232 0.000000 8 6
1657 642 1688 649 4 1 1 1644498790 306232 0.000000 8 6
1664 607 1695 614 4 1 1 1644498790 306232 180000.000000 8 6
1671 572 1702 579 4 1 1 1644498790 306232 180000.000000 8 6
1657 642 1688 649 4 1 1 1644498790 306232 180000.000000 8 6
1664 607 1695 614 4 1 1 1644498790 306232 360000.000000 8 6
1671 572 1702 579 4 1 1 1644498790 306232 360000.000000 8 6
1657 642 1688 649 4 1 1 1644498790 306233 360000.000000 8 6
1664 607 1695 614 4 1 1 1644498790 306233 540000.000000 8 6
1671 572 1702 579 4 1 1 1644498790 306233 540000.000000 8 6
1657 642 1688 649 4 1 1 1644498790 306233 540000.000000 8 6
1664 607 1695 614 4 1 1 1644498790 306233 720000.000000 8 6
1671 572 1702 579 4 1 1 1644498790 306233 720000.000000 8 6
1657 642 1688 649 4 1 1 1644498790 306233 720000.000000 8 6
1664 607 1695 614 4 1 1 1644498790 306233 900000.000000 8 6
1671 572 1702 579 4 1 1 1644498790 306233 900000.000000 8 6
1657 642 1688 649 4 1 1 1644498790 306233 900000.000000 8 6
1664 607 1695 614 4 1 1 1644498792 74899 0.000000 8 6
1671 572 1702 579 4 1 1 1644498792 74899 0.000000 8 6
1657 642 1688 649 4 1 1 1644498792 74899 0.000000 8 6
1664 607 1695 614 4 1 1 1644498792 74899 180000.000000 8 6
1671 572 1702 579 4 1 1 1644498792 74899 180000.000000 8 6
1657 642 1688 649 4 1 1 1644498792 74899 180000.000000 8 6
1664 607 1695 614 4 1 1 1644498794 11121 0.000000 8 6
1671 572 1702 579 4 1 1 1644498794 11121 0.000000 8 6
1657 642 1688 649 4 1 1 1644498794 11121 0.000000 8 6
1664 607 1695 614 4 1 1 1644498795 32364 0.000000 8 6
1198 572 1220 579 4 1 1 1644498796 17609 0.000000 8 9
1176 642 1198 649 4 1 1 1644498797 751414 0.000000 8 9
1187 607 1209 614 4 1 1 1644498798 24865 0.000000 8 9
738 838 759 859 4 1 1 1644498799 43435 0.000000 8 11
666 908 687 929 4 1 1 1644498800 30126 0.000000 8 11
599 768 723 894 4 0 1 1644498801 20953 0.000000 8 11
488 259 1577 369 4 0 1 1644498802 72713 0.000000 8 12
230 304 1571 439 4 0 1 1644498803 24836 0.000000 8 12
4 4 0 0 69 0 0
4 6
4 7
4 5
4 8
765 912 743 929 4 1 1 1644498799 43435 0.000000 9 11
745 877 723 894 4 1 1 1644498799 43436 0.000000 9 11
725 842 703 859 4 1 1 1644498799 43436 0.000000 9 11
765 912 743 929 4 1 1 1644498799 43436 180000.000000 9 11
745 877 723 894 4 1 1 1644498799 43436 180000.000000 9 11
725 842 703 859 4 1 1 1644498799 43436 180000.000000 9 11
765 912 743 929 4 1 1 1644498799 43436 360000.000000 9 11
745 877 723 894 4 1 1 1644498799 43436 360000.000000 9 11
725 842 703 859 4 1 1 1644498799 43436 360000.000000 9 11
765 912 743 929 4 1 1 1644498799 43436 540000.000000 9 11
745 877 723 894 4 1 1 1644498799 43436 540000.000000 9 11
725 842 703 859 4 1 1 1644498799 43437 540000.000000 9 11
765 912 743 929 4 1 1 1644498799 43437 720000.000000 9 11
745 877 723 894 4 1 1 1644498799 43437 720000.000000 9 11
725 842 703 859 4 1 1 1644498799 43437 720000.000000 9 11
765 912 743 929 4 1 1 1644498799 43437 900000.000000 9 11
745 877 723 894 4 1 1 1644498799 43437 900000.000000 9 11
725 842 703 859 4 1 1 1644498799 43437 900000.000000 9 11
765 912 743 929 4 1 1 1644498799 588027 0.000000 9 11
745 877 723 894 4 1 1 1644498799 588028 0.000000 9 11
725 842 703 859 4 1 1 1644498799 588028 0.000000 9 11
765 912 743 929 4 1 1 1644498799 588028 180000.000000 9 11
745 877 723 894 4 1 1 1644498799 588028 180000.000000 9 11
725 842 703 859 4 1 1 1644498799 588028 180000.000000 9 11
765 912 743 929 4 1 1 1644498799 588028 360000.000000 9 11
745 877 723 894 4 1 1 1644498799 588028 360000.000000 9 11
725 842 703 859 4 1 1 1644498799 588028 360000.000000 9 11
765 912 743 929 4 1 1 1644498799 588028 540000.000000 9 11
745 877 723 894 4 1 1 1644498799 588028 540000.000000 9 11
725 842 703 859 4 1 1 1644498799 588029 540000.000000 9 11
765 912 743 929 4 1 1 1644498799 588029 720000.000000 9 11
745 877 723 894 4 1 1 1644498799 588029 720000.000000 9 11
725 842 703 859 4 1 1 1644498799 588029 720000.000000 9 11
765 912 743 929 4 1 1 1644498799 588039 900000.000000 9 11
745 877 723 894 4 1 1 1644498799 588039 900000.000000 9 11
725 842 703 859 4 1 1 1644498799 588039 900000.000000 9 11
765 912 743 929 4 1 1 1644498799 588039 1080000.000000 9 11
745 877 723 894 4 1 1 1644498799 588039 1080000.000000 9 11
725 842 703 859 4 1 1 1644498799 588039 1080000.000000 9 11
765 912 743 929 4 1 1 1644498799 588040 1260000.000000 9 11
745 877 723 894 4 1 1 1644498800 30126 0.000000 9 11
725 842 703 859 4 1 1 1644498800 30126 0.000000 9 11
765 912 743 929 4 1 1 1644498800 30126 0.000000 9 11
745 877 723 894 4 1 1 1644498800 30126 180000.000000 9 11
725 842 703 859 4 1 1 1644498800 30126 180000.000000 9 11
765 912 743 929 4 1 1 1644498800 30127 180000.000000 9 11
745 877 723 894 4 1 1 1644498800 30127 360000.000000 9 11
725 842 703 859 4 1 1 1644498800 30127 360000.000000 9 11
765 912 743 929 4 1 1 1644498800 30127 360000.000000 9 11
745 877 723 894 4 1 1 1644498800 30127 540000.000000 9 11
725 842 703 859 4 1 1 1644498800 30127 540000.000000 9 11
765 912 743 929 4 1 1 1644498800 30127 540000.000000 9 11
745 877 723 894 4 1 1 1644498800 30127 720000.000000 9 11
725 842 703 859 4 1 1 1644498800 30127 720000.000000 9 11
765 912 743 929 4 1 1 1644498800 30127 720000.000000 9 11
745 877 723 894 4 1 1 1644498800 30127 900000.000000 9 11
725 842 703 859 4 1 1 1644498801 20953 0.000000 9 11
765 912 743 929 4 1 1 1644498801 20953 0.000000 9 11
745 877 723 894 4 1 1 1644498801 20954 0.000000 9 11
725 842 703 859 4 1 1 1644498801 20954 180000.000000 9 11
765 912 743 929 4 1 1 1644498801 20954 180000.000000 9 11
1548 414 1574 404 4 1 1 1644498801 796538 0.000000 9 12
1528 379 1554 369 4 1 1 1644498801 796538 0.000000 9 12
1568 449 1594 439 4 1 1 1644498801 796538 0.000000 9 12
1548 414 1574 404 4 1 1 1644498801 796538 180000.000000 9 12
1528 379 1554 369 4 1 1 1644498801 796538 180000.000000 9 12
1568 449 1594 439 4 1 1 1644498802 72713 0.000000 9 12
1548 414 1574 404 4 1 1 1644498802 72714 0.000000 9 12
1293 514 1554 369 4 0 1 1644498803 24836 0.000000 9 12
4 4 0 0 44 0 0
3 6
3 7
3 5
3 4
277 912 250 929 4 1 1 1644498780 819488 0.000000 10 5
264 877 237 894 4 1 1 1644498780 819488 0.000000 10 5
251 842 224 859 4 1 1 1644498780 819488 0.000000 10 5
277 912 250 929 4 1 1 1644498780 819489 180000.000000 10 5
264 877 237 894 4 1 1 1644498780 819489 180000.000000 10 5
251 842 224 859 4 1 1 1644498780 819489 180000.000000 10 5
277 912 250 929 4 1 1 1644498780 819489 360000.000000 10 5
264 877 237 894 4 1 1 1644498780 819489 360000.000000 10 5
251 842 224 859 4 1 1 1644498780 819489 360000.000000 10 5
277 912 250 929 4 1 1 1644498780 819489 540000.000000 10 5
264 877 237 894 4 1 1 1644498780 819489 540000.000000 10 5
251 842 224 859 4 1 1 1644498780 819489 540000.000000 10 5
277 912 250 929 4 1 1 1644498780 819489 720000.000000 10 5
264 877 237 894 4 1 1 1644498780 819489 720000.000000 10 5
251 842 224 859 4 1 1 1644498780 819489 720000.000000 10 5
277 912 250 929 4 1 1 1644498780 819489 900000.000000 10 5
264 877 237 894 4 1 1 1644498780 819490 900000.000000 10 5
251 842 224 859 4 1 1 1644498780 819490 900000.000000 10 5
277 912 250 929 4 1 1 1644498780 819490 1080000.000000 10 5
264 877 237 894 4 1 1 1644498783 438620 0.000000 10 5
251 842 224 859 4 1 1 1644498783 438621 0.000000 10 5
277 912 250 929 4 1 1 1644498783 438621 0.000000 10 5
264 877 237 894 4 1 1 1644498783 438621 180000.000000 10 5
251 842 224 859 4 1 1 1644498783 438621 180000.000000 10 5
277 912 250 929 4 1 1 1644498784 14856 0.000000 10 5
136 273 116 264 4 1 1 1644498785 887524 0.000000 10 8
150 238 130 229 4 1 1 1644498787 44270 0.000000 10 8
122 308 102 299 4 1 1 1644498787 44270 0.000000 10 8
136 273 116 264 4 1 1 1644498788 94253 0.000000 10 8
1666 579 1695 579 4 1 1 1644498789 82196 0.000000 10 6
1666 649 1695 649 4 1 1 1644498790 306234 0.000000 10 6
1666 614 1695 614 4 1 1 1644498792 74899 0.000000 10 6
1666 579 1695 579 4 1 1 1644498792 74899 0.000000 10 6
1666 649 1695 649 4 1 1 1644498794 11122 0.000000 10 6
1666 614 1695 614 4 1 1 1644498794 11122 0.000000 10 6
1666 579 1695 579 4 1 1 1644498795 32364 0.000000 10 6
1186 649 1209 649 4 1 1 1644498796 17609 0.000000 10 9
1186 614 1209 614 4 1 1 1644498797 751415 0.000000 10 9
1186 579 1209 579 4 1 1 1644498798 24865 0.000000 10 9
777 910 763 929 4 1 1 1644498799 43437 0.000000 10 11
737 875 723 894 4 1 1 1644498800 30128 0.000000 10 11
697 840 683 859 4 1 1 1644498801 20954 0.000000 10 11
1347 509 1586 439 4 0 1 1644498802 72714 0.000000 10 12
1083 562 1574 404 4 0 1 1644498803 24836 0.000000 10 12
4 2 20 15 75 1 0
2 10
3 9
1135 684 1594 439 4 0 1 1644498801 796539 0.000000 11 12
1115 649 1574 404 4 0 1 1644498801 796539 0.000000 11 12
1095 614 1554 369 4 0 1 1644498801 796539 0.000000 11 12
1095 709 1594 439 4 0 1 1644498801 796539 180000.000000 11 12
1075 674 1574 404 4 0 1 1644498801 796539 180000.000000 11 12
1055 639 1554 369 4 0 1 1644498801 796539 180000.000000 11 12
1055 734 1594 439 4 0 1 1644498801 796539 360000.000000 11 12
1035 699 1574 404 4 0 1 1644498801 796539 360000.000000 11 12
1015 664 1554 369 4 0 1 1644498801 796539 360000.000000 11 12
1015 759 1594 439 4 0 1 1644498801 796539 540000.000000 11 12
995 724 1574 404 4 0 1 1644498801 796539 540000.000000 11 12
975 689 1554 369 4 0 1 1644498801 796540 540000.000000 11 12
967 789 1594 439 4 0 1 1644498801 796540 720000.000000 11 12
947 754 1574 404 4 0 1 1644498801 796540 720000.000000 11 12
927 719 1554 369 4 0 1 1644498801 796540 720000.000000 11 12
927 814 1594 439 4 0 1 1644498801 796547 900000.000000 11 12
907 779 1574 404 4 0 1 1644498801 796547 900000.000000 11 12
887 744 1554 369 4 0 1 1644498801 796548 900000.000000 11 12
887 839 1594 439 4 0 1 1644498801 796548 1080000.000000 11 12
867 804 1574 404 4 0 1 1644498801 796548 1080000.000000 11 12
1031 654 1554 369 4 0 1 1644498802 72714 0.000000 11 12
1071 724 1594 439 4 0 1 1644498802 72714 0.000000 11 12
1051 689 1574 404 4 0 1 1644498802 72715 0.000000 11 12
991 679 1554 369 4 0 1 1644498802 72715 180000.000000 11 12
1031 749 1594 439 4 0 1 1644498802 72715 180000.000000 11 12
1011 714 1574 404 4 0 1 1644498802 72715 180000.000000 11 12
951 704 1554 369 4 0 1 1644498802 72715 360000.000000 11 12
991 774 1594 439 4 0 1 1644498802 72715 360000.000000 11 12
971 739 1574 404 4 0 1 1644498802 72715 360000.000000 11 12
911 729 1554 369 4 0 1 1644498802 72715 540000.000000 11 12
951 799 1594 439 4 0 1 1644498802 72715 540000.000000 11 12
931 764 1574 404 4 0 1 1644498802 72715 540000.000000 11 12
863 759 1554 369 4 0 1 1644498802 72715 720000.000000 11 12
967 789 1594 439 4 0 1 1644498802 513352 0.000000 11 12
947 754 1574 404 4 0 1 1644498802 513353 0.000000 11 12
927 719 1554 369 4 0 1 1644498802 513353 0.000000 11 12
927 814 1594 439 4 0 1 1644498802 513353 180000.000000 11 12
907 779 1574 404 4 0 1 1644498802 513353 180000.000000 11 12
887 744 1554 369 4 0 1 1644498802 513353 180000.000000 11 12
887 839 1594 439 4 0 1 1644498802 513353 360000.000000 11 12
867 804 1574 404 4 0 1 1644498802 513353 360000.000000 11 12
847 769 1554 369 4 0 1 1644498802 513353 360000.000000 11 12
847 864 1594 439 4 0 1 1644498802 513353 540000.000000 11 12
827 829 1574 404 4 0 1 1644498802 513354 540000.000000 11 12
807 794 1554 369 4 0 1 1644498802 513354 540000.000000 11 12
799 894 1594 439 4 0 1 1644498802 513354 720000.000000 11 12
779 859 1574 404 4 0 1 1644498802 513354 720000.000000 11 12
759 824 1554 369 4 0 1 1644498802 513354 720000.000000 11 12
759 919 1594 439 4 0 1 1644498802 513354 900000.000000 11 12
739 884 1574 404 4 0 1 1644498802 513354 900000.000000 11 12
719 849 1554 369 4 0 1 1644498802 513354 900000.000000 11 12
743 929 1594 439 4 0 0 1644498802 513354 1080000.000000 11 12
723 894 1574 404 4 0 0 1644498802 513354 1080000.000000 11 12
703 859 1554 369 4 0 0 1644498802 513354 1080000.000000 11 12
743 929 1594 439 4 0 0 1644498802 513354 1260000.000000 11 12
723 894 1574 404 4 0 0 1644498802 513354 1260000.000000 11 12
703 859 1554 369 4 0 0 1644498802 513355 1260000.000000 11 12
847 864 1594 439 4 0 1 1644498803 24837 0.000000 11 12
827 829 1574 404 4 0 1 1644498803 24837 0.000000 11 12
807 794 1554 369 4 0 1 1644498803 24837 0.000000 11 12
807 889 1594 439 4 0 1 1644498803 24837 180000.000000 11 12
787 854 1574 404 4 0 1 1644498803 24837 180000.000000 11 12
767 819 1554 369 4 0 1 1644498803 24837 180000.000000 11 12
767 914 1594 439 4 0 1 1644498803 24837 360000.000000 11 12
747 879 1574 404 4 0 1 1644498803 24837 360000.000000 11 12
727 844 1554 369 4 0 1 1644498803 24837 360000.000000 11 12
743 929 1594 439 4 0 0 1644498803 24837 540000.000000 11 12
723 894 1574 404 4 0 0 1644498803 24837 540000.000000 11 12
703 859 1554 369 4 0 0 1644498803 24837 540000.000000 11 12
743 929 1594 439 4 0 0 1644498803 24837 720000.000000 11 12
723 894 1574 404 4 0 0 1644498803 24838 720000.000000 11 12
703 859 1554 369 4 0 0 1644498803 24838 720000.000000 11 12
743 929 1594 439 4 0 0 1644498803 24838 900000.000000 11 12
723 894 1574 404 4 0 0 1644498803 24838 900000.000000 11 12
703 859 1554 369 4 0 0 1644498803 24838 900000.000000 11 12
10 3 11 0 0 0 1
6 3
6 1
5 4
13
2 1123 287 1 1 1644498771 61099 0.000000 4
2 201 397 1 1 1644498751 683456 0.000000 1
2 116 386 1 1 1644498788 94166 0.000000 4
2 260 584 1 1 1644498757 154303 0.000000 3
2 572 711 1 1 1644498763 36849 0.000000 3
2 1058 598 1 1 1644498798 197316 0.000000 4
2 116 563 0 0 0 0 0.000000 0
2 208 301 1 1 1644498783 63462 0.000000 4
2 966 383 1 1 1644498776 637080 0.000000 4
2 1288 289 1 1 1644498793 128409 0.000000 4
2 693 746 0 0 0 0 0.000000 0
2 407 550 0 0 0 0 0.000000 0
2 1203 380 0 0 0 0 0.000000 0
0 1 10 -1 -1 1
0 1 10 -1 -1 1
0 1 10 -1 -1 1
0 1 10 -1 -1 1
0 1 10 -1 -1 1
0
