arya                            
8 50 20 10
7 10 20 142 4 1 13
141 212 0 0 0 0
384 212 0 0 0 0
627 212 0 0 0 0
870 212 1 12 1 1
1113 212 1 2 0 1
1356 212 1 0 0 0
1599 212 1 4 0 1
20 282 1 7 1 1
263 282 0 0 0 0
506 282 0 0 0 0
749 282 1 3 0 1
992 282 1 2 0 1
1235 282 0 0 0 0
1478 282 1 4 0 1
141 352 1 7 0 1
384 352 0 0 0 0
627 352 0 0 0 0
870 352 0 0 0 0
1113 352 1 2 1 1
1356 352 0 0 0 0
1599 352 1 4 1 1
20 422 0 0 0 0
263 422 0 0 0 0
506 422 0 0 0 0
749 422 1 3 1 1
992 422 1 1 0 1
1235 422 1 2 0 1
1478 422 0 0 0 0
141 492 0 0 0 0
384 492 1 0 0 0
627 492 0 0 0 0
870 492 0 0 0 0
1113 492 0 0 0 0
1356 492 1 6 1 1
1599 492 0 0 0 0
20 562 1 10 1 1
263 562 0 0 0 0
506 562 1 0 0 0
749 562 1 3 0 1
992 562 1 1 1 1
1235 562 1 5 0 1
1478 562 0 0 0 0
141 632 0 0 0 0
384 632 0 0 0 0
627 632 1 0 0 0
870 632 1 1 0 1
1113 632 0 0 0 0
1356 632 0 0 0 0
1599 632 1 9 0 1
20 702 1 0 0 1
263 702 0 0 0 0
506 702 0 0 0 0
749 702 1 0 0 0
992 702 0 0 0 0
1235 702 1 5 1 1
1478 702 1 9 1 1
141 772 1 0 1 1
384 772 0 0 0 0
627 772 1 8 0 1
870 772 1 11 0 1
1113 772 1 5 0 1
1356 772 1 5 0 1
1599 772 1 9 0 1
20 842 1 0 0 1
263 842 0 0 0 0
506 842 1 8 1 1
749 842 1 0 0 0
992 842 1 11 1 1
1235 842 0 0 0 0
1478 842 0 0 0 0
0 3 10 0 0 0
0 8
0 9
0 7
2 3 10 0 0 0
4 5
4 3
3 6
4 4 10 0 0 0
4 2
4 1
4 0
5 3
1 3 10 0 0 0
3 3
3 5
3 1
3 3 10 0 0 0
6 2
6 1
6 0
10 4 20 0 0 0
5 7
5 8
5 5
4 8
10 1 20 0 0 0
5 4
10 2 20 0 0 0
0 1
0 2
10 2 20 0 0 0
2 9
2 8
10 3 20 0 0 0
6 7
6 8
6 6
10 1 20 0 0 0
0 5
10 2 20 0 0 0
4 9
3 8
10 1 20 0 0 0
3 0
0
0 10 -1 1
0 10 -1 1
0 10 -1 1
0 10 -1 1
0 10 -1 1
0
