arya                            
8 50 20 10
7 10 76 142 4 1 13
197 212 1 1 0 1
440 212 1 1 0 1
683 212 0 0 0 0
926 212 1 6 0 1
1169 212 0 0 0 0
1412 212 1 4 0 1
1655 212 0 0 0 0
76 282 0 0 0 0
319 282 1 1 1 1
562 282 0 0 0 0
805 282 1 6 1 1
1048 282 1 11 1 1
1291 282 1 4 1 1
1534 282 1 0 0 0
197 352 1 1 0 1
440 352 1 1 0 1
683 352 0 0 0 0
926 352 1 6 0 1
1169 352 1 4 0 1
1412 352 1 4 0 1
1655 352 1 0 0 0
76 422 1 2 0 1
319 422 0 0 0 0
562 422 0 0 0 0
805 422 0 0 0 0
1048 422 0 0 0 0
1291 422 1 4 0 1
1534 422 0 0 0 0
197 492 1 2 0 1
440 492 1 9 1 1
683 492 1 0 0 0
926 492 0 0 0 0
1169 492 1 7 0 1
1412 492 1 5 0 1
1655 492 1 5 0 1
76 562 1 2 1 1
319 562 0 0 0 0
562 562 0 0 0 0
805 562 0 0 0 0
1048 562 1 7 1 1
1291 562 0 0 0 0
1534 562 1 5 1 1
197 632 0 0 0 0
440 632 1 0 0 1
683 632 0 0 0 0
926 632 1 7 0 1
1169 632 0 0 0 0
1412 632 0 0 0 0
1655 632 0 0 0 0
76 702 1 2 0 1
319 702 0 0 0 0
562 702 1 0 1 1
805 702 0 0 0 0
1048 702 0 0 0 0
1291 702 1 12 1 1
1534 702 0 0 0 0
197 772 0 0 0 0
440 772 0 0 0 0
683 772 1 0 0 1
926 772 1 8 1 1
1169 772 0 0 0 0
1412 772 0 0 0 0
1655 772 1 3 1 1
76 842 1 10 1 1
319 842 1 0 0 0
562 842 1 0 0 1
805 842 0 0 0 0
1048 842 1 8 0 1
1291 842 1 12 0 1
1534 842 0 0 0 0
0 4 10 0 0 0
2 7
2 8
2 9
1 6
2 5 10 0 0 0
1 1
1 2
1 0
0 2
0 0
3 4 10 0 0 0
0 5
0 4
0 7
0 3
1 1 10 0 0 0
6 8
4 5 10 0 0 0
5 1
5 2
5 0
5 3
4 2
10 3 20 0 0 0
6 5
6 4
5 4
10 3 20 0 0 0
3 1
3 2
3 0
10 3 20 0 0 0
4 5
4 4
3 6
10 2 20 0 0 0
3 8
4 9
10 1 20 0 0 0
1 4
10 1 20 0 0 0
0 9
10 1 20 0 0 0
4 1
10 2 20 0 0 0
5 7
5 9
0
0 10 -1 1
0 10 -1 1
0 10 -1 1
0 10 -1 1
0 10 -1 1
0
