arya                            
8 50 20 10
7 10 47 118 4 1 13
168 188 0 0 0 0
411 188 0 2 1 0
654 188 0 0 0 0
897 188 1 2 1 1
1140 188 1 0 0 1
1383 188 1 0 0 1
1626 188 1 12 1 1
47 258 1 7 0 1
290 258 1 7 0 1
533 258 0 2 0 0
776 258 0 5 0 0
1019 258 0 0 0 0
1262 258 1 0 1 1
1505 258 1 12 0 1
168 328 1 7 1 1
411 328 1 11 1 1
654 328 0 0 0 0
897 328 1 2 1 1
1140 328 0 4 1 0
1383 328 1 0 0 1
1626 328 0 0 0 0
47 398 1 1 0 1
290 398 1 7 0 1
533 398 0 0 0 0
776 398 1 2 0 1
1019 398 0 0 0 0
1262 398 1 0 0 1
1505 398 0 0 0 0
168 468 1 1 0 1
411 468 1 11 0 1
654 468 1 0 0 0
897 468 1 2 0 1
1140 468 1 3 0 1
1383 468 1 10 1 1
1626 468 0 0 0 0
47 538 1 1 1 1
290 538 0 3 0 0
533 538 1 5 0 1
776 538 0 0 0 0
1019 538 1 3 1 1
1262 538 1 4 0 1
1505 538 0 0 0 0
168 608 0 3 1 0
411 608 1 5 0 1
654 608 1 5 0 1
897 608 1 3 0 1
1140 608 0 0 0 0
1383 608 0 0 0 0
1626 608 0 0 0 0
47 678 0 3 0 0
290 678 1 8 0 1
533 678 1 5 1 1
776 678 1 9 1 1
1019 678 1 3 0 1
1262 678 1 4 1 1
1505 678 0 0 0 0
168 748 1 8 1 1
411 748 0 1 0 0
654 748 0 1 0 0
897 748 0 0 0 0
1140 748 0 0 0 0
1383 748 1 4 0 1
1626 748 0 0 0 0
47 818 1 8 0 1
290 818 1 8 0 1
533 818 0 1 0 0
776 818 0 0 0 0
1019 818 1 6 1 1
1262 818 0 0 1 0
1505 818 0 0 0 0
0 5 10 0 0 0
5 1
5 2
5 0
5 3
4 0
2 3 10 0 0 0
0 5
0 4
0 3
3 4 10 0 0 0
3 2
3 3
3 4
3 0
4 4 10 0 0 0
4 5
4 4
4 7
3 6
1 3 10 0 0 0
5 7
5 8
5 5
10 4 20 0 0 0
2 7
2 6
2 5
1 6
10 1 20 0 0 0
4 9
10 4 20 0 0 0
0 2
0 1
1 3
1 1
10 4 20 0 0 0
0 8
0 9
1 9
1 7
10 1 20 0 0 0
3 7
10 1 20 0 0 0
5 4
10 2 20 0 0 0
1 2
1 4
10 2 20 0 0 0
6 0
6 1
0
0 10 -1 1
0 10 -1 1
0 10 -1 1
0 10 -1 1
0 10 -1 1
0
