arya                            
8 50 20 10 0 1
7 9 157 188 4 1 13
278 258 1 8 0 1
521 258 0 0 0 0
764 258 1 1 0 1
1007 258 1 1 0 1
1250 258 0 0 0 0
1493 258 1 4 0 1
1736 258 1 3 1 1
157 328 1 8 1 1
400 328 0 0 0 0
643 328 0 0 0 0
886 328 1 1 1 1
1129 328 1 12 1 1
1372 328 1 4 1 1
1615 328 1 3 0 1
278 398 0 0 0 0
521 398 1 10 1 1
764 398 0 0 0 0
1007 398 0 0 0 0
1250 398 1 4 0 1
1493 398 1 4 0 1
1736 398 0 0 0 0
157 468 0 0 0 0
400 468 0 0 0 0
643 468 0 0 0 0
886 468 0 0 0 0
1129 468 1 12 0 1
1372 468 0 0 0 0
1615 468 1 2 0 1
278 538 0 0 0 0
521 538 0 0 0 0
764 538 0 0 0 0
1007 538 1 0 0 0
1250 538 1 0 0 0
1493 538 1 0 0 0
1736 538 1 2 1 1
157 608 1 7 1 1
400 608 0 0 0 0
643 608 0 0 0 0
886 608 0 0 0 0
1129 608 0 0 0 0
1372 608 1 0 0 0
1615 608 1 2 0 1
278 678 0 0 0 0
521 678 0 0 0 0
764 678 0 0 0 0
1007 678 0 0 0 0
1250 678 0 0 0 0
1493 678 0 0 0 0
1736 678 0 0 0 0
157 748 1 0 0 1
400 748 0 0 0 0
643 748 0 0 0 0
886 748 1 5 0 1
1129 748 0 0 0 0
1372 748 0 0 0 0
1615 748 0 0 0 0
278 818 1 0 1 1
521 818 1 9 1 1
764 818 1 0 0 0
1007 818 1 5 1 1
1250 818 1 11 1 1
1493 818 1 6 1 1
1736 818 0 0 0 0
0 2 16 0 0 0 0
0 8
0 7
1 3 13 9 12 1 0
3 1
3 0
2 0
958 412 1799 343 1 0 1 1644498706 158055 0.000000 1 3
956 377 1797 308 1 0 1 1644498706 158055 0.000000 1 3
954 342 1795 273 1 0 1 1644498706 158055 0.000000 1 3
949 413 1799 343 1 0 0 1644498701 158056 180000.000000 1 3
947 378 1797 308 1 0 0 1644498701 158056 180000.000000 1 3
945 343 1795 273 1 0 0 1644498701 158056 180000.000000 1 3
949 413 1799 343 1 0 0 1644498701 158056 360000.000000 1 3
947 378 1797 308 1 0 0 1644498701 158056 360000.000000 1 3
945 343 1795 273 1 0 0 1644498701 158056 360000.000000 1 3
949 413 1799 343 1 0 0 1644498701 158056 540000.000000 1 3
947 378 1797 308 1 0 0 1644498701 158056 540000.000000 1 3
945 343 1795 273 1 0 0 1644498701 158056 540000.000000 1 3
2 3 4 0 12 1 0
6 4
6 5
6 3
1837 578 1837 308 2 1 1 1644498706 158045 0.000000 2 3
1797 578 1797 308 2 1 1 1644498706 158045 0.000000 2 3
1757 578 1757 308 2 1 1 1644498706 158045 0.000000 2 3
1837 588 1837 308 2 0 0 1644498701 158052 180000.000000 2 3
1797 588 1797 308 2 0 0 1644498701 158052 180000.000000 2 3
1757 588 1757 308 2 0 0 1644498701 158052 180000.000000 2 3
1837 588 1837 308 2 0 0 1644498701 158052 360000.000000 2 3
1797 588 1797 308 2 0 0 1644498701 158052 360000.000000 2 3
1757 588 1757 308 2 0 0 1644498701 158052 360000.000000 2 3
1837 588 1837 308 2 0 0 1644498701 158053 540000.000000 2 3
1797 588 1797 308 2 0 0 1644498701 158053 540000.000000 2 3
1757 588 1757 308 2 0 0 1644498701 158053 540000.000000 2 3
3 2 4 0 12 0 1
6 0
6 1
1837 528 1837 588 3 1 1 1644498706 158053 0.000000 3 2
1797 528 1797 588 3 1 1 1644498706 158053 0.000000 3 2
1757 528 1757 588 3 1 1 1644498701 158053 0.000000 3 2
1837 558 1837 588 3 1 1 1644498701 158053 180000.000000 3 2
1797 558 1797 588 3 1 1 1644498701 158053 180000.000000 3 2
1757 558 1757 588 3 1 1 1644498701 158053 180000.000000 3 2
1837 558 1837 588 3 1 1 1644498701 158053 360000.000000 3 2
1797 558 1797 588 3 1 1 1644498701 158053 360000.000000 3 2
1757 558 1757 588 3 1 1 1644498701 158053 360000.000000 3 2
1837 558 1837 588 3 1 1 1644498701 158053 540000.000000 3 2
1797 558 1797 588 3 1 1 1644498701 158054 540000.000000 3 2
1757 558 1757 588 3 1 1 1644498701 158054 540000.000000 3 2
4 4 16 16 16 1 0
5 1
5 2
5 0
4 2
1439 413 1803 343 4 0 0 1644498701 158057 0.000000 4 3
1433 378 1797 308 4 0 0 1644498701 158057 0.000000 4 3
1427 343 1791 273 4 0 0 1644498701 158057 0.000000 4 3
1439 413 1803 343 4 0 0 1644498701 158057 180000.000000 4 3
1433 378 1797 308 4 0 0 1644498701 158057 180000.000000 4 3
1427 343 1791 273 4 0 0 1644498701 158057 180000.000000 4 3
1439 413 1803 343 4 0 0 1644498701 158057 360000.000000 4 3
1433 378 1797 308 4 0 0 1644498701 158057 360000.000000 4 3
1427 343 1791 273 4 0 0 1644498701 158057 360000.000000 4 3
1439 413 1803 343 4 0 0 1644498701 158057 540000.000000 4 3
1433 378 1797 308 4 0 0 1644498701 158057 540000.000000 4 3
1427 343 1791 273 4 0 0 1644498701 158058 540000.000000 4 3
1393 413 1514 903 4 0 0 1644498707 758313 0.000000 4 6
1433 378 1554 868 4 0 0 1644498708 29654 0.000000 4 6
1473 343 1594 833 4 0 0 1644498709 15965 0.000000 4 6
1393 413 1514 903 4 0 0 1644498710 35426 0.000000 4 6
10 2 20 0 0 0 0
3 8
3 7
10 1 20 0 0 0 0
5 8
10 1 20 0 0 0 0
0 5
10 2 20 0 0 0 0
0 1
0 0
10 1 20 0 0 0 0
1 8
10 1 20 0 0 0 0
1 2
10 1 20 0 0 0 0
4 8
10 2 20 0 0 0 0
4 1
4 3
2
2 1797 353 1 1 1644498706 194414 0.000000 3
2 1508 665 0 0 0 0 0.000000 0
0 1 0 -1 -1 1
0 1 0 -1 -1 1
0 1 0 -1 -1 1
0 1 10 2 0 1
0 1 0 -1 -1 1
0
