arya                            
8 50 20 10 0 1
7 10 37 176 1 1 10
158 246 1 0 0 0
401 246 0 0 0 0
644 246 1 4 1 1
887 246 0 0 0 0
1130 246 1 8 1 1
1373 246 1 1 0 1
1616 246 1 1 0 1
37 316 1 7 0 1
280 316 1 0 0 0
523 316 1 4 0 1
766 316 0 0 0 0
1009 316 1 8 0 1
1252 316 0 0 0 0
1495 316 1 1 1 1
158 386 1 7 0 1
401 386 1 0 0 0
644 386 0 0 0 0
887 386 0 0 0 0
1130 386 1 8 0 1
1373 386 1 1 0 1
1616 386 0 0 0 0
37 456 1 7 1 1
280 456 0 0 0 0
523 456 1 0 0 0
766 456 1 0 0 0
1009 456 1 0 0 0
1252 456 0 0 0 0
1495 456 1 1 0 1
158 526 0 0 0 0
401 526 0 0 0 0
644 526 0 0 0 0
887 526 1 6 0 1
1130 526 0 0 0 0
1373 526 1 0 0 0
1616 526 1 9 1 1
37 596 1 0 0 1
280 596 0 0 0 0
523 596 1 0 0 0
766 596 0 0 0 0
1009 596 0 0 0 0
1252 596 0 0 0 0
1495 596 0 0 0 0
158 666 1 0 1 1
401 666 0 0 0 0
644 666 0 0 0 0
887 666 1 6 1 1
1130 666 0 0 0 0
1373 666 0 0 0 0
1616 666 1 9 0 1
37 736 1 0 0 1
280 736 0 0 0 0
523 736 0 0 0 0
766 736 0 0 0 0
1009 736 0 0 0 0
1252 736 1 5 0 1
1495 736 1 5 0 1
158 806 1 0 0 1
401 806 1 0 0 0
644 806 1 0 0 0
887 806 1 2 0 1
1130 806 1 2 0 1
1373 806 1 5 1 1
1616 806 1 0 0 0
37 876 1 3 1 1
280 876 1 0 0 0
523 876 0 0 0 0
766 876 0 0 0 0
1009 876 1 2 1 1
1252 876 1 5 0 1
1495 876 1 5 0 1
0 4 10 0 0 0 0
0 6
0 7
0 5
0 8
2 5 10 0 0 0 0
6 1
6 0
6 3
5 2
5 0
10 3 20 0 0 0 0
4 9
4 8
3 8
10 1 20 0 0 0 0
0 9
10 2 20 0 0 0 0
2 0
2 1
10 5 20 0 0 0 0
5 8
5 9
5 7
6 9
6 7
10 2 20 0 0 0 0
3 6
3 4
10 3 20 0 0 0 0
0 3
0 2
0 1
10 3 20 0 0 0 0
4 0
4 1
4 2
10 2 20 0 0 0 0
6 4
6 6
0
0 1 10 -1 -1 1
0 0 10 -1 -1 1
0
