arya                            
8 50 20 10
7 11 1 71 4 1 13
122 141 1 9 0 1
365 141 0 4 1 0
608 141 1 1 0 1
851 141 0 3 1 0
1094 141 1 2 0 0
1337 141 1 6 1 0
1580 141 1 6 1 1
1 211 1 9 1 1
244 211 1 7 1 0
487 211 1 1 1 1
730 211 1 11 1 1
973 211 0 3 0 0
1216 211 0 7 1 0
1459 211 1 6 1 1
122 281 1 9 0 1
365 281 0 4 1 0
608 281 0 0 1 0
851 281 0 5 1 0
1094 281 0 5 1 0
1337 281 1 4 1 1
1580 281 0 4 0 0
1 351 0 6 1 0
244 351 0 5 1 0
487 351 1 1 1 1
730 351 1 11 1 1
973 351 1 0 1 1
1216 351 1 4 1 1
1459 351 0 1 1 0
122 421 0 6 1 0
365 421 0 0 1 0
608 421 1 2 1 1
851 421 1 0 1 1
1094 421 0 4 1 0
1337 421 0 1 1 0
1580 421 1 7 1 1
1 491 1 8 1 0
244 491 1 5 0 1
487 491 0 0 1 0
730 491 0 5 1 0
973 491 1 0 0 1
1216 491 1 4 1 1
1459 491 1 7 1 1
122 561 1 6 0 0
365 561 1 5 1 1
608 561 1 2 1 1
851 561 0 5 0 0
1094 561 1 12 1 1
1337 561 1 1 0 0
1580 561 0 4 0 0
1 631 0 6 0 0
244 631 1 5 1 1
487 631 1 2 1 1
730 631 0 3 1 0
973 631 1 12 1 1
1216 631 0 10 1 0
1459 631 1 10 0 1
122 701 0 6 1 0
365 701 1 5 0 1
608 701 1 2 0 1
851 701 0 10 1 0
1094 701 0 6 0 0
1337 701 0 10 1 0
1580 701 1 10 1 1
1 771 0 6 1 0
244 771 0 6 1 0
487 771 0 2 1 0
730 771 0 3 1 0
973 771 0 11 1 0
1216 771 0 0 0 0
1459 771 0 3 0 0
122 841 1 4 0 0
365 841 1 8 1 1
608 841 0 3 1 0
851 841 0 3 0 0
1094 841 1 3 1 1
1337 841 1 10 1 0
1580 841 0 1 1 0
0 3 10 0 0 0
4 3
4 5
3 4
2 3 10 0 0 0
2 1
2 0
2 3
1 4 10 0 0 0
2 6
2 7
2 8
2 4
4 1 10 0 0 0
4 10
3 3 10 0 0 0
5 3
5 2
5 5
10 4 20 0 0 0
1 6
1 7
1 5
1 8
10 2 20 0 0 0
6 0
6 1
10 2 20 0 0 0
6 4
6 5
10 1 20 0 0 0
1 10
10 3 20 0 0 0
0 1
0 2
0 0
10 2 20 0 0 0
6 8
6 7
10 2 20 0 0 0
3 1
3 3
10 2 20 0 0 0
4 6
4 7
0
0 10 -1 1
0 10 -1 1
0 10 -1 1
0 10 -1 1
0 10 -1 1
0
