arya                            
8 50 20 10 0 1
7 11 66 64 4 1 13
187 134 0 0 0 0
430 134 0 0 0 0
673 134 1 2 0 1
916 134 1 2 0 1
1159 134 1 1 1 1
1402 134 0 0 0 0
1645 134 0 0 0 0
66 204 0 0 0 0
309 204 1 5 1 1
552 204 0 0 0 0
795 204 1 2 1 1
1038 204 0 0 0 0
1281 204 0 0 0 0
1524 204 0 0 0 0
187 274 1 5 0 1
430 274 1 5 0 1
673 274 1 2 0 1
916 274 0 0 0 0
1159 274 1 1 0 1
1402 274 1 3 1 1
1645 274 1 6 1 1
66 344 0 0 0 0
309 344 1 5 0 1
552 344 0 0 0 0
795 344 0 0 0 0
1038 344 0 0 0 0
1281 344 1 3 0 1
1524 344 0 0 0 0
187 414 1 10 1 1
430 414 1 11 0 1
673 414 1 12 0 1
916 414 1 9 0 1
1159 414 1 0 0 0
1402 414 0 0 0 0
1645 414 0 0 0 0
66 484 1 10 0 1
309 484 0 0 0 0
552 484 0 0 0 0
795 484 1 9 0 1
1038 484 0 0 0 0
1281 484 1 7 0 1
1524 484 0 0 0 0
187 554 0 0 0 0
430 554 1 11 1 1
673 554 1 12 1 1
916 554 1 9 1 1
1159 554 0 0 0 0
1402 554 0 0 0 0
1645 554 0 0 0 0
66 624 0 0 0 0
309 624 0 0 0 0
552 624 1 11 0 1
795 624 0 0 0 0
1038 624 1 4 0 1
1281 624 1 7 1 1
1524 624 0 0 0 0
187 694 0 0 0 0
430 694 0 0 0 0
673 694 1 0 0 1
916 694 1 4 0 1
1159 694 1 4 0 1
1402 694 0 0 0 0
1645 694 0 0 0 0
66 764 0 0 0 0
309 764 0 0 0 0
552 764 0 0 0 0
795 764 1 0 0 1
1038 764 1 4 1 1
1281 764 0 0 0 0
1524 764 0 0 0 0
187 834 1 8 1 1
430 834 1 0 0 0
673 834 1 0 1 1
916 834 1 4 0 1
1159 834 1 4 0 1
1402 834 0 0 0 0
1645 834 1 0 0 0
0 3 24 0 0 0 0
2 10
2 8
3 9
4 2 7 -3 27 0 0
4 0
4 2
1296 274 1443 359 1 1 1 1644498817 477488 0.000000 1 3
1332 248 1463 324 1 1 1 1644498817 477488 0.000000 1 3
1376 227 1483 289 1 1 1 1644498817 477488 0.000000 1 3
1280 265 1443 359 1 1 1 1644498817 477488 180000.000000 1 3
1340 253 1463 324 1 1 1 1644498817 477488 180000.000000 1 3
1376 227 1483 289 1 1 1 1644498817 477488 180000.000000 1 3
1304 279 1443 359 1 1 1 1644498817 477488 360000.000000 1 3
1348 257 1463 324 1 1 1 1644498817 477489 360000.000000 1 3
1456 273 1483 289 1 1 1 1644498817 477489 360000.000000 1 3
1320 288 1443 359 1 1 1 1644498817 477489 540000.000000 1 3
1436 308 1463 324 1 1 1 1644498817 477489 540000.000000 1 3
1456 273 1483 289 1 1 1 1644498817 477489 540000.000000 1 3
1280 265 1443 359 2 1 1 1644498818 906038 0.000000 1 3
1332 248 1463 324 2 1 1 1644498818 906038 0.000000 1 3
1400 241 1483 289 2 1 1 1644498818 906038 0.000000 1 3
1344 302 1443 359 2 1 1 1644498818 906039 180000.000000 1 3
1364 267 1463 324 2 1 1 1644498818 906039 180000.000000 1 3
1400 241 1483 289 2 1 1 1644498819 76034 0.000000 1 3
1352 306 1443 359 2 1 1 1644498819 76035 0.000000 1 3
1388 281 1463 324 2 1 1 1644498819 76035 0.000000 1 3
1416 250 1483 289 2 1 1 1644498819 76035 180000.000000 1 3
1240 242 1443 359 2 1 1 1644498820 27187 0.000000 1 3
1260 207 1463 324 2 1 1 1644498820 27187 0.000000 1 3
1280 172 1483 289 2 1 1 1644498820 27187 0.000000 1 3
1200 219 1443 359 2 1 1 1644498805 27187 180000.000000 1 3
1220 184 856 254 2 1 1 1644498816 47058 0.000000 1 2
1214 149 850 219 2 1 1 1644498817 34539 0.000000 1 2
4 4 2 0 23 0 0
3 1
3 0
2 2
2 0
1195 221 1226 219 2 1 1 1644498817 477489 0.000000 2 1
1189 186 1220 184 2 1 1 1644498817 477489 0.000000 2 1
1183 151 1214 149 2 1 1 1644498817 477489 0.000000 2 1
1195 221 1226 219 2 1 1 1644498817 477498 180000.000000 2 1
1189 186 1220 184 2 1 1 1644498817 477498 180000.000000 2 1
1183 151 1214 149 2 1 1 1644498817 477498 180000.000000 2 1
1195 221 1226 219 2 1 1 1644498817 477498 360000.000000 2 1
1189 186 1220 184 2 1 1 1644498817 477498 360000.000000 2 1
1183 151 1214 149 2 1 1 1644498817 477498 360000.000000 2 1
1195 221 1226 219 2 1 1 1644498817 477498 540000.000000 2 1
1189 186 1220 184 2 1 1 1644498817 477498 540000.000000 2 1
1183 151 1214 149 2 1 1 1644498817 477498 540000.000000 2 1
915 296 1459 359 2 1 1 1644498818 906039 0.000000 2 3
928 262 1463 324 2 1 1 1644498819 76035 0.000000 2 3
905 224 1467 289 2 1 1 1644498820 27187 0.000000 2 3
1428 353 1459 359 4 1 1 1644498822 848727 0.000000 2 3
1432 318 1463 324 4 1 1 1644498822 985342 0.000000 2 3
1238 261 1467 289 4 1 1 1644498823 20443 0.000000 2 3
1428 353 1459 359 4 1 1 1644498823 20444 0.000000 2 3
1432 318 1463 324 4 1 1 1644498824 14718 0.000000 2 3
1183 151 1214 149 4 1 1 1644498825 34480 0.000000 2 1
1195 221 1226 219 4 1 1 1644498827 40943 0.000000 2 1
1189 186 1220 184 4 1 1 1644498827 40944 0.000000 2 1
4 2 2 0 38 0 0
5 2
5 3
971 310 368 289 3 1 1 1644498817 477485 0.000000 3 5
1313 309 370 254 3 1 1 1644498817 477486 0.000000 3 5
1355 278 372 219 3 1 1 1644498817 477486 0.000000 3 5
961 309 368 289 3 1 1 1644498817 477486 180000.000000 3 5
1323 310 370 254 3 1 1 1644498817 477486 180000.000000 3 5
1375 280 372 219 3 1 1 1644498817 477486 180000.000000 3 5
391 289 368 289 3 1 1 1644498817 477486 360000.000000 3 5
1343 312 370 254 3 1 1 1644498817 477486 360000.000000 3 5
1395 282 372 219 3 1 1 1644498817 477486 360000.000000 3 5
1321 345 368 289 3 1 1 1644498817 477486 540000.000000 3 5
1363 314 370 254 3 1 1 1644498817 477486 540000.000000 3 5
1395 282 372 219 3 1 1 1644498817 477486 540000.000000 3 5
391 289 368 289 3 1 1 1644498818 23632 0.000000 3 5
1313 309 370 254 1 1 1 1644498818 735349 0.000000 3 5
1375 280 372 219 1 1 1 1644498819 42117 0.000000 3 5
1381 351 368 289 4 1 1 1644498819 451264 0.000000 3 5
1393 317 370 254 4 1 1 1644498819 451265 0.000000 3 5
1435 286 372 219 4 1 1 1644498819 451265 0.000000 3 5
391 289 368 289 4 1 1 1644498819 619923 0.000000 3 5
1423 320 370 254 4 1 1 1644498819 619923 0.000000 3 5
1435 286 372 219 4 1 1 1644498819 619923 0.000000 3 5
391 289 368 289 4 1 1 1644498819 789513 0.000000 3 5
1233 301 370 254 4 1 1 1644498819 789513 0.000000 3 5
1455 288 372 219 4 1 1 1644498819 959035 0.000000 3 5
391 289 368 289 4 1 1 1644498819 959036 0.000000 3 5
933 271 370 254 4 1 1 1644498819 959036 0.000000 3 5
395 219 372 219 4 1 1 1644498820 27186 0.000000 3 5
879 291 852 289 4 1 1 1644498821 13237 0.000000 3 2
1247 199 1220 184 4 1 1 1644498825 34481 0.000000 3 1
1330 201 1240 149 4 1 1 1644498825 34481 0.000000 3 1
1227 234 1200 219 4 1 1 1644498825 34481 0.000000 3 1
1247 199 1220 184 4 1 1 1644498825 34481 180000.000000 3 1
1267 164 1240 149 4 1 1 1644498825 34481 180000.000000 3 1
1683 359 1706 359 4 1 1 1644498825 238441 0.000000 3 6
1683 324 1706 324 4 1 1 1644498825 238442 0.000000 3 6
1267 164 1240 149 4 1 1 1644498827 40944 0.000000 3 1
1227 234 1200 219 4 1 1 1644498827 40944 0.000000 3 1
1247 199 1220 184 4 1 1 1644498827 40944 0.000000 3 1
4 6 2 0 22 0 0
4 9
4 10
4 8
4 7
3 10
3 8
1485 383 1503 359 4 1 1 1644498817 477499 0.000000 4 3
1445 348 1463 324 4 1 1 1644498817 477499 0.000000 4 3
1405 313 1423 289 4 1 1 1644498817 477499 0.000000 4 3
1485 383 1503 359 4 1 1 1644498817 477499 180000.000000 4 3
1445 348 1463 324 4 1 1 1644498817 477499 180000.000000 4 3
1405 313 1423 289 4 1 1 1644498817 477499 180000.000000 4 3
1485 383 1503 359 4 1 1 1644498817 477500 360000.000000 4 3
1445 348 1463 324 4 1 1 1644498817 477500 360000.000000 4 3
1381 345 1423 289 4 1 1 1644498817 477500 360000.000000 4 3
1485 383 1503 359 4 1 1 1644498817 477500 540000.000000 4 3
1445 348 1463 324 4 1 1 1644498817 477500 540000.000000 4 3
1405 313 1423 289 4 1 1 1644498817 477500 540000.000000 4 3
825 309 816 289 4 1 1 1644498821 13237 0.000000 4 2
865 274 856 254 4 1 1 1644498821 13238 0.000000 4 2
905 239 896 219 4 1 1 1644498821 13238 0.000000 4 2
825 309 816 289 4 1 1 1644498821 13238 180000.000000 4 2
1211 214 1220 184 4 1 1 1644498825 34481 0.000000 4 1
1171 179 1180 149 4 1 1 1644498825 34481 0.000000 4 1
1251 249 1260 219 4 1 1 1644498825 34482 0.000000 4 1
1211 214 1220 184 4 1 1 1644498825 34482 180000.000000 4 1
1171 179 1180 149 4 1 1 1644498827 40944 0.000000 4 1
1251 249 1260 219 4 1 1 1644498827 40944 0.000000 4 1
10 4 14 0 0 0 0
1 1
1 2
1 3
0 2
10 1 18 0 0 0 0
6 2
10 2 20 0 0 0 0
5 7
5 5
10 1 20 0 0 0 0
0 10
10 3 20 0 0 0 0
3 6
3 5
3 4
10 2 20 0 0 0 0
0 4
0 5
10 3 20 0 0 0 0
1 6
1 4
2 7
10 2 20 0 0 0 0
2 6
2 4
4
2 599 252 1 1 1644498820 571224 0.000000 3
2 284 679 0 0 0 0 0.000000 0
2 1584 308 1 0 1644498825 443311 0.000000 4
2 1493 290 1 1 1644498820 197943 0.000000 4
0 1 0 -1 -1 1
0 1 0 -1 -1 1
0 1 0 -1 -1 1
0 1 0 2 0 1
0 1 10 2 2 1
0
