arya                            
0 50 20 10
7 9 18 189 1 1 2
139 259 0 0 0 0
382 259 0 0 0 0
625 259 1 0 0 0
868 259 0 0 0 0
1111 259 1 0 0 0
1354 259 1 0 0 0
1597 259 0 0 0 0
18 329 1 0 0 0
261 329 0 0 0 0
504 329 0 0 0 0
747 329 0 0 0 0
990 329 1 0 0 0
1233 329 1 0 0 0
1476 329 1 0 0 0
139 399 0 0 0 0
382 399 1 0 0 0
625 399 0 0 0 0
868 399 1 0 0 0
1111 399 1 0 0 0
1354 399 0 0 0 0
1597 399 1 0 0 0
18 469 1 0 0 0
261 469 0 0 0 0
504 469 1 0 0 0
747 469 0 0 0 0
990 469 1 0 0 0
1233 469 0 0 0 0
1476 469 1 0 0 0
139 539 1 0 0 0
382 539 1 0 0 0
625 539 0 0 0 0
868 539 0 0 0 0
1111 539 0 0 0 0
1354 539 1 0 0 0
1597 539 0 0 0 0
18 609 1 0 0 0
261 609 0 0 0 0
504 609 0 0 0 0
747 609 0 0 0 0
990 609 0 0 0 0
1233 609 0 0 0 0
1476 609 0 0 0 0
139 679 1 1 0 1
382 679 1 1 0 1
625 679 1 0 0 1
868 679 1 0 0 0
1111 679 1 0 0 0
1354 679 1 0 0 0
1597 679 0 0 0 0
18 749 0 0 0 0
261 749 1 1 1 1
504 749 1 0 0 1
747 749 0 0 0 0
990 749 1 0 0 0
1233 749 0 0 0 0
1476 749 0 0 0 0
139 819 0 0 0 0
382 819 0 0 0 0
625 819 1 0 1 1
868 819 0 0 0 0
1111 819 1 0 0 0
1354 819 1 0 0 0
1597 819 0 0 0 0
0 3 10 0 0 0
2 8
2 7
2 6
2 3 10 0 0 0
1 7
1 6
0 6
0
0 10 -1 1
0 10 -1 1
0
