arya                            
0 50 20 10
7 11 73 86 1 1 2
194 156 1 0 0 0
437 156 1 1 1 1
680 156 0 0 0 0
923 156 1 0 0 0
1166 156 0 0 0 0
1409 156 1 0 0 0
1652 156 1 0 1 1
73 226 0 0 0 0
316 226 1 1 0 1
559 226 0 0 0 0
802 226 1 0 0 0
1045 226 1 0 0 0
1288 226 1 0 0 0
1531 226 0 0 0 0
194 296 0 0 0 0
437 296 0 0 0 0
680 296 1 0 0 0
923 296 1 0 0 0
1166 296 0 0 0 0
1409 296 1 0 0 0
1652 296 0 0 0 0
73 366 1 0 0 0
316 366 1 0 0 0
559 366 0 0 0 0
802 366 0 0 0 0
1045 366 1 0 0 0
1288 366 1 0 0 0
1531 366 0 0 0 0
194 436 0 0 0 0
437 436 0 0 0 0
680 436 0 0 0 0
923 436 0 0 0 0
1166 436 1 0 0 0
1409 436 0 0 0 0
1652 436 1 0 0 0
73 506 1 0 0 0
316 506 1 0 0 0
559 506 0 0 0 0
802 506 0 0 0 0
1045 506 0 0 0 0
1288 506 1 0 0 0
1531 506 1 0 0 0
194 576 1 0 0 0
437 576 0 0 0 0
680 576 0 0 0 0
923 576 1 0 0 0
1166 576 0 0 0 0
1409 576 1 0 0 0
1652 576 1 0 0 0
73 646 1 0 0 0
316 646 1 0 0 0
559 646 1 0 0 0
802 646 0 0 0 0
1045 646 0 0 0 0
1288 646 1 0 0 0
1531 646 0 0 0 0
194 716 0 0 0 0
437 716 0 0 0 0
680 716 1 0 0 0
923 716 0 0 0 0
1166 716 0 0 0 0
1409 716 1 0 0 0
1652 716 0 0 0 0
73 786 1 0 0 0
316 786 1 0 0 0
559 786 0 0 0 0
802 786 1 0 0 0
1045 786 0 0 0 0
1288 786 0 0 0 0
1531 786 1 0 0 0
194 856 0 0 0 0
437 856 1 0 0 0
680 856 0 0 0 0
923 856 0 0 0 0
1166 856 1 0 0 0
1409 856 0 0 0 0
1652 856 1 0 0 0
0 1 10 0 0 0
6 0
2 2 10 0 0 0
1 0
1 1
0
0 10 -1 1
0 10 -1 1
0
