arya
8 50 20 10 0 1
7 10 126 135 4 1 13
247 205 1 0 0 0
490 205 0 0 0 0
733 205 0 0 0 0
976 205 1 6 1 1
1219 205 1 0 0 0
1462 205 1 3 0 1
1705 205 1 4 0 1
126 275 1 5 0 1
369 275 1 0 0 0
612 275 1 7 1 1
855 275 1 6 0 1
1098 275 1 6 0 1
1341 275 0 0 0 0
1584 275 0 0 0 0
247 345 1 5 0 1
490 345 0 0 0 0
733 345 1 7 0 1
976 345 0 0 0 0
1219 345 0 0 0 0
1462 345 1 3 1 1
1705 345 1 4 1 1
126 415 1 5 1 1
369 415 0 0 0 0
612 415 0 0 0 0
855 415 1 9 1 1
1098 415 0 0 0 0
1341 415 0 0 0 0
1584 415 0 0 0 0
247 485 1 5 0 1
490 485 1 1 1 1
733 485 0 0 0 0
976 485 1 9 0 1
1219 485 1 11 1 1
1462 485 0 0 0 0
1705 485 0 0 0 0
126 555 0 0 0 0
369 555 1 1 0 1
612 555 1 1 0 1
855 555 1 9 0 1
1098 555 0 0 0 0
1341 555 0 0 0 0
1584 555 0 0 0 0
247 625 1 8 0 1
490 625 0 0 0 0
733 625 0 0 0 0
976 625 1 10 1 1
1219 625 0 0 0 0
1462 625 1 0 0 0
1705 625 1 0 0 0
126 695 1 8 0 1
369 695 1 8 0 1
612 695 0 0 0 0
855 695 0 0 0 0
1098 695 1 0 0 1
1341 695 0 0 0 0
1584 695 1 0 0 0
247 765 1 8 1 1
490 765 0 0 0 0
733 765 1 2 0 1
976 765 0 0 0 0
1219 765 1 0 1 1
1462 765 1 0 0 0
1705 765 1 0 0 0
126 835 1 8 0 1
369 835 1 8 0 1
612 835 1 12 1 1
855 835 1 2 1 1
1098 835 0 0 0 0
1341 835 0 0 0 0
1584 835 1 0 0 0
0 2 50 0 0 0 0
4 8
4 7
4 3 0 -1 73 0 0
1 4
1 5
2 5
205 502 181 500 1 1 1 1644499717 37610 0.000000 1 5
211 467 187 465 1 1 1 1644499717 37611 0.000000 1 5
217 432 193 430 1 1 1 1644499717 37611 0.000000 1 5
205 502 181 500 1 1 1 1644499717 37611 180000.000000 1 5
211 467 187 465 1 1 1 1644499717 37611 180000.000000 1 5
217 432 193 430 1 1 1 1644499717 37611 180000.000000 1 5
205 502 181 500 1 1 1 1644499717 37611 360000.000000 1 5
211 467 187 465 1 1 1 1644499717 37611 360000.000000 1 5
217 432 193 430 1 1 1 1644499717 37611 360000.000000 1 5
205 502 181 500 1 1 1 1644499717 37611 540000.000000 1 5
211 467 187 465 1 1 1 1644499717 37611 540000.000000 1 5
217 432 193 430 1 1 1 1644499717 37611 540000.000000 1 5
205 502 181 500 1 1 1 1644499717 37611 720000.000000 1 5
211 467 187 465 1 1 1 1644499717 37611 720000.000000 1 5
217 432 193 430 1 1 1 1644499717 37612 720000.000000 1 5
205 502 181 500 1 1 1 1644499717 37612 900000.000000 1 5
211 467 187 465 1 1 1 1644499717 37612 900000.000000 1 5
217 432 193 430 1 1 1 1644499717 37612 900000.000000 1 5
205 502 181 500 1 1 1 1644499712 37612 1080000.000000 1 5
211 467 187 465 1 1 1 1644499712 37612 1080000.000000 1 5
217 432 193 430 1 1 1 1644499712 37612 1080000.000000 1 5
205 502 181 500 1 1 1 1644499712 37612 1260000.000000 1 5
211 467 187 465 1 1 1 1644499712 37612 1260000.000000 1 5
217 432 193 430 1 1 1 1644499712 37612 1260000.000000 1 5
609 651 883 920 1 1 1 1644499722 36317 0.000000 1 2
642 616 916 885 1 1 1 1644499722 36318 0.000000 1 2
675 581 949 850 1 1 1 1644499722 36318 0.000000 1 2
651 692 883 920 1 1 1 1644499722 36318 180000.000000 1 2
684 657 916 885 1 1 1 1644499722 36318 180000.000000 1 2
668 574 949 850 2 1 1 1644499723 906462 0.000000 1 2
861 898 883 920 2 1 1 1644499723 906462 0.000000 1 2
894 863 916 885 2 1 1 1644499724 43502 0.000000 1 2
633 542 949 850 2 1 1 1644499724 77557 0.000000 1 2
861 898 883 920 2 1 1 1644499724 283785 0.000000 1 2
558 541 916 885 2 1 1 1644499724 283785 0.000000 1 2
584 500 949 850 2 1 1 1644499725 31518 0.000000 1 2
861 898 883 920 2 1 1 1644499725 810512 0.000000 1 2
551 535 916 885 2 1 1 1644499725 810512 0.000000 1 2
1077 402 1518 360 2 1 1 1644499725 945837 0.000000 1 3
754 526 1528 430 2 1 1 1644499725 945837 0.000000 1 3
902 457 1523 395 2 1 1 1644499725 945838 0.000000 1 3
1167 392 1518 360 2 1 1 1644499725 945838 180000.000000 1 3
861 898 883 920 2 1 1 1644499725 980426 0.000000 1 2
894 863 916 885 2 1 1 1644499725 980427 0.000000 1 2
598 512 949 850 2 1 1 1644499726 14405 0.000000 1 2
861 898 883 920 2 1 1 1644499726 150952 0.000000 1 2
551 535 1523 395 2 1 1 1644499727 70374 0.000000 1 3
1495 360 1518 360 4 1 1 1644499727 409063 0.000000 1 3
1505 430 1528 430 4 1 1 1644499727 578367 0.000000 1 3
1500 395 1523 395 4 1 1 1644499727 578367 0.000000 1 3
1495 360 1518 360 4 1 1 1644499727 578367 0.000000 1 3
1505 430 1528 430 4 1 1 1644499727 748476 0.000000 1 3
1500 395 1523 395 4 1 1 1644499728 20961 0.000000 1 3
1495 360 1518 360 4 1 1 1644499728 598461 0.000000 1 3
1505 430 1528 430 4 1 1 1644499728 598461 0.000000 1 3
1500 395 1523 395 4 1 1 1644499729 41560 0.000000 1 3
1495 360 1518 360 4 1 1 1644499729 754091 0.000000 1 3
1505 430 1528 430 4 1 1 1644499729 754091 0.000000 1 3
1500 395 1523 395 4 1 1 1644499730 27007 0.000000 1 3
1495 360 1518 360 4 1 1 1644499730 265505 0.000000 1 3
861 898 883 920 4 1 1 1644499731 13010 0.000000 1 2
894 863 916 885 4 1 1 1644499732 168972 0.000000 1 2
217 432 193 430 4 1 1 1644499733 561796 0.000000 1 5
205 502 181 500 4 1 1 1644499734 311555 0.000000 1 5
211 467 187 465 4 1 1 1644499735 331504 0.000000 1 5
217 432 193 430 4 1 1 1644499737 30524 0.000000 1 5
205 502 181 500 4 1 1 1644499737 30524 0.000000 1 5
1015 263 1037 255 4 1 1 1644499738 832185 0.000000 1 6
995 228 1017 220 4 1 1 1644499741 43364 0.000000 1 6
1035 298 1057 290 4 1 1 1644499741 43364 0.000000 1 6
1015 263 1037 255 4 1 1 1644499741 43364 0.000000 1 6
941 252 1017 220 4 0 1 1644499742 304487 0.000000 1 6
676 417 713 360 4 0 1 1644499743 424854 0.000000 1 7
4 2 -3 -4 66 0 0
3 9
2 8
643 693 518 570 2 1 1 1644499717 37613 0.000000 2 1
676 658 551 535 2 1 1 1644499717 37613 0.000000 2 1
709 623 584 500 2 1 1 1644499717 37613 0.000000 2 1
683 732 518 570 2 1 1 1644499717 37619 180000.000000 2 1
716 697 551 535 2 1 1 1644499717 37620 180000.000000 2 1
605 521 584 500 2 1 1 1644499717 37620 180000.000000 2 1
611 661 518 570 2 1 1 1644499717 37620 360000.000000 2 1
572 556 551 535 2 1 1 1644499717 37620 360000.000000 2 1
605 521 584 500 2 1 1 1644499717 37620 360000.000000 2 1
627 677 518 570 2 1 1 1644499717 37620 540000.000000 2 1
636 619 551 535 2 1 1 1644499717 37620 540000.000000 2 1
605 521 584 500 2 1 1 1644499717 37620 540000.000000 2 1
635 685 518 570 2 1 1 1644499717 37620 720000.000000 2 1
572 556 551 535 2 1 1 1644499717 37620 720000.000000 2 1
605 521 584 500 2 1 1 1644499717 37620 720000.000000 2 1
539 591 518 570 2 1 1 1644499717 37620 900000.000000 2 1
588 572 551 535 2 1 1 1644499717 37620 900000.000000 2 1
637 552 584 500 2 1 1 1644499717 37620 900000.000000 2 1
539 591 518 570 2 1 1 1644499712 37621 1080000.000000 2 1
572 556 551 535 2 1 1 1644499712 37621 1080000.000000 2 1
669 584 584 500 2 1 1 1644499712 37621 1080000.000000 2 1
539 591 518 570 2 1 1 1644499712 37621 1260000.000000 2 1
572 556 551 535 2 1 1 1644499712 37621 1260000.000000 2 1
669 584 584 500 2 1 1 1644499712 37621 1260000.000000 2 1
539 591 518 570 2 1 1 1644499723 161374 0.000000 2 1
572 556 551 535 2 1 1 1644499723 161374 0.000000 2 1
677 591 584 500 2 1 1 1644499723 161374 0.000000 2 1
699 748 518 570 2 1 1 1644499723 161374 180000.000000 2 1
572 556 551 535 2 1 1 1644499723 161374 180000.000000 2 1
653 568 584 500 2 1 1 1644499723 161374 180000.000000 2 1
1508 462 1551 430 2 1 1 1644499725 810512 0.000000 2 3
1376 505 1523 395 2 1 1 1644499725 810512 0.000000 2 3
1212 572 1495 360 2 1 1 1644499727 70375 0.000000 2 3
1268 642 1551 430 2 1 1 1644499727 70375 0.000000 2 3
1240 607 1523 395 2 1 1 1644499727 70375 0.000000 2 3
896 850 1746 360 2 1 1 1644499725 469484 0.000000 2 4
936 920 1786 430 2 1 1 1644499725 469485 0.000000 2 4
916 885 1766 395 2 1 1 1644499726 13008 0.000000 2 4
896 850 1746 360 2 1 1 1644499727 32483 0.000000 2 4
698 806 167 500 4 1 1 1644499733 561796 0.000000 2 5
673 745 187 465 4 1 1 1644499733 561796 0.000000 2 5
234 445 207 430 4 1 1 1644499733 561796 0.000000 2 5
194 515 167 500 4 1 1 1644499733 561796 180000.000000 2 5
214 480 187 465 4 1 1 1644499733 561796 180000.000000 2 5
234 445 207 430 4 1 1 1644499734 311556 0.000000 2 5
194 515 167 500 4 1 1 1644499734 311556 0.000000 2 5
214 480 187 465 4 1 1 1644499734 311556 0.000000 2 5
234 445 207 430 4 1 1 1644499734 311556 180000.000000 2 5
194 515 167 500 4 1 1 1644499734 311556 180000.000000 2 5
214 480 187 465 4 1 1 1644499734 311556 180000.000000 2 5
234 445 207 430 4 1 1 1644499734 311556 360000.000000 2 5
194 515 167 500 4 1 1 1644499735 331504 0.000000 2 5
214 480 187 465 4 1 1 1644499735 331505 0.000000 2 5
234 445 207 430 4 1 1 1644499735 331505 0.000000 2 5
194 515 167 500 4 1 1 1644499735 331505 180000.000000 2 5
214 480 187 465 4 1 1 1644499735 331505 180000.000000 2 5
234 445 207 430 4 1 1 1644499735 331505 180000.000000 2 5
194 515 167 500 4 1 1 1644499735 331505 360000.000000 2 5
214 480 187 465 4 1 1 1644499737 30524 0.000000 2 5
234 445 207 430 4 1 1 1644499737 30524 0.000000 2 5
1068 320 1077 290 4 1 1 1644499738 832186 0.000000 2 6
1028 285 1037 255 4 1 1 1644499741 43364 0.000000 2 6
988 250 997 220 4 1 1 1644499741 43365 0.000000 2 6
1068 320 1077 290 4 1 1 1644499741 43365 0.000000 2 6
1008 385 1037 255 4 0 1 1644499742 304488 0.000000 2 6
883 680 713 290 4 0 1 1644499743 424854 0.000000 2 7
4 2 1 0 84 0 0
5 2
5 0
708 537 556 570 3 1 1 1644499717 37621 0.000000 3 1
673 508 551 535 3 1 1 1644499717 37622 0.000000 3 1
578 491 546 500 3 1 1 1644499717 37622 0.000000 3 1
698 539 556 570 3 1 1 1644499717 37622 180000.000000 3 1
673 508 551 535 3 1 1 1644499717 37622 180000.000000 3 1
568 493 546 500 3 1 1 1644499717 37622 180000.000000 3 1
698 539 556 570 3 1 1 1644499717 37622 360000.000000 3 1
573 528 551 535 3 1 1 1644499717 37622 360000.000000 3 1
568 493 546 500 3 1 1 1644499717 37622 360000.000000 3 1
698 539 556 570 3 1 1 1644499717 37622 540000.000000 3 1
613 520 551 535 3 1 1 1644499717 37622 540000.000000 3 1
578 491 546 500 3 1 1 1644499717 37622 540000.000000 3 1
1528 430 556 570 3 1 1 1644499717 37622 720000.000000 3 1
1523 395 551 535 3 1 1 1644499717 37622 720000.000000 3 1
1518 360 546 500 3 1 1 1644499717 37622 720000.000000 3 1
1528 430 556 570 3 1 1 1644499717 37623 900000.000000 3 1
1523 395 551 535 3 1 1 1644499717 37623 900000.000000 3 1
1518 360 546 500 3 1 1 1644499717 37623 900000.000000 3 1
1528 430 556 570 3 1 1 1644499712 37623 1080000.000000 3 1
1523 395 551 535 3 1 1 1644499712 37623 1080000.000000 3 1
1518 360 546 500 3 1 1 1644499712 37623 1080000.000000 3 1
698 539 556 570 3 1 1 1644499712 37623 1260000.000000 3 1
653 512 551 535 3 1 1 1644499712 37623 1260000.000000 3 1
1438 368 546 500 3 1 1 1644499712 37623 1260000.000000 3 1
1079 693 1057 710 3 1 1 1644499720 880224 0.000000 3 10
1059 658 1037 675 3 1 1 1644499720 880224 0.000000 3 10
1039 623 1017 640 3 1 1 1644499720 880232 0.000000 3 10
1079 693 1057 710 3 1 1 1644499721 16569 0.000000 3 10
1059 658 1037 675 3 1 1 1644499722 36316 0.000000 3 10
1039 623 1017 640 3 1 1 1644499723 23382 0.000000 3 10
1079 693 1057 710 4 1 1 1644499723 362719 0.000000 3 10
1059 658 1037 675 4 1 1 1644499723 362719 0.000000 3 10
1494 364 1017 640 4 1 1 1644499723 362719 0.000000 3 10
1079 693 1057 710 4 1 1 1644499723 566415 0.000000 3 10
1059 658 1037 675 4 1 1 1644499723 566416 0.000000 3 10
1039 623 1017 640 4 1 1 1644499723 566416 0.000000 3 10
1079 693 1057 710 4 1 1 1644499723 736164 0.000000 3 10
1059 658 1037 675 4 1 1 1644499723 736164 0.000000 3 10
1039 623 1017 640 4 1 1 1644499723 736165 0.000000 3 10
1079 693 1057 710 4 1 1 1644499723 872286 0.000000 3 10
1059 658 1037 675 4 1 1 1644499723 872287 0.000000 3 10
1039 623 1017 640 4 1 1 1644499723 872287 0.000000 3 10
1079 693 1057 710 4 1 1 1644499723 872287 180000.000000 3 10
1059 658 1037 675 4 1 1 1644499723 872287 180000.000000 3 10
1039 623 1017 640 4 1 1 1644499723 872287 180000.000000 3 10
1079 693 1057 710 4 1 1 1644499723 906460 0.000000 3 10
1059 658 1037 675 4 1 1 1644499723 906461 0.000000 3 10
1039 623 1017 640 4 1 1 1644499723 906461 0.000000 3 10
1079 693 1057 710 4 1 1 1644499724 43501 0.000000 3 10
1059 658 1037 675 4 1 1 1644499724 77555 0.000000 3 10
1039 623 1017 640 4 1 1 1644499724 77556 0.000000 3 10
1079 693 1057 710 4 1 1 1644499724 77556 0.000000 3 10
953 452 551 535 4 1 1 1644499725 708053 0.000000 3 1
1128 399 546 500 4 1 1 1644499727 34712 0.000000 3 1
578 563 556 570 4 1 1 1644499727 34712 0.000000 3 1
1507 407 916 885 4 1 1 1644499728 598462 0.000000 3 2
1255 540 888 850 4 1 1 1644499729 754093 0.000000 3 2
964 897 944 920 4 1 1 1644499731 13011 0.000000 3 2
936 862 916 885 4 1 1 1644499731 13011 0.000000 3 2
908 827 888 850 4 1 1 1644499731 13011 0.000000 3 2
964 897 944 920 4 1 1 1644499731 760200 0.000000 3 2
936 862 916 885 4 1 1 1644499731 760200 0.000000 3 2
908 827 888 850 4 1 1 1644499731 760200 0.000000 3 2
964 897 944 920 4 1 1 1644499731 760200 180000.000000 3 2
936 862 916 885 4 1 1 1644499731 760200 180000.000000 3 2
908 827 888 850 4 1 1 1644499732 168972 0.000000 3 2
964 897 944 920 4 1 1 1644499732 168972 0.000000 3 2
936 862 916 885 4 1 1 1644499732 168972 0.000000 3 2
212 427 186 430 4 1 1 1644499733 561796 0.000000 3 5
214 497 188 500 4 1 1 1644499733 561797 0.000000 3 5
213 462 187 465 4 1 1 1644499733 561797 0.000000 3 5
212 427 186 430 4 1 1 1644499733 561797 180000.000000 3 5
214 497 188 500 4 1 1 1644499734 311556 0.000000 3 5
213 462 187 465 4 1 1 1644499734 311557 0.000000 3 5
212 427 186 430 4 1 1 1644499734 311557 0.000000 3 5
214 497 188 500 4 1 1 1644499735 331505 0.000000 3 5
213 462 187 465 4 1 1 1644499737 30524 0.000000 3 5
212 427 186 430 4 1 1 1644499737 30524 0.000000 3 5
1053 295 1027 290 4 1 1 1644499738 832186 0.000000 3 6
1063 260 1037 255 4 1 1 1644499741 43365 0.000000 3 6
1073 225 1047 220 4 1 1 1644499741 43365 0.000000 3 6
1053 295 1027 290 4 1 1 1644499741 43365 0.000000 3 6
1063 260 1037 255 4 1 1 1644499742 304488 0.000000 3 6
1355 343 675 290 4 0 1 1644499743 424855 0.000000 3 7
4 2 1 0 50 0 0
6 2
6 0
1556 430 1523 430 4 1 1 1644499717 37624 0.000000 4 3
1556 395 1523 395 4 1 1 1644499717 37624 0.000000 4 3
1556 360 1523 360 4 1 1 1644499717 37624 0.000000 4 3
1556 430 1523 430 4 1 1 1644499717 37624 180000.000000 4 3
1556 395 1523 395 4 1 1 1644499717 37624 180000.000000 4 3
1556 360 1523 360 4 1 1 1644499717 37624 180000.000000 4 3
1566 430 1523 430 4 1 1 1644499717 37624 360000.000000 4 3
1566 395 1523 395 4 1 1 1644499717 37624 360000.000000 4 3
1566 360 1523 360 4 1 1 1644499717 37624 360000.000000 4 3
1546 430 1523 430 4 1 1 1644499717 37624 540000.000000 4 3
1546 395 1523 395 4 1 1 1644499717 37624 540000.000000 4 3
1546 360 1523 360 4 1 1 1644499717 37624 540000.000000 4 3
1546 430 1523 430 4 1 1 1644499717 37624 720000.000000 4 3
1546 395 1523 395 4 1 1 1644499717 37625 720000.000000 4 3
1546 360 1523 360 4 1 1 1644499717 37625 720000.000000 4 3
1546 430 1523 430 4 1 1 1644499717 37625 900000.000000 4 3
1546 395 1523 395 4 1 1 1644499717 37625 900000.000000 4 3
1546 360 1523 360 4 1 1 1644499717 37625 900000.000000 4 3
1546 430 1523 430 4 1 1 1644499712 37625 1080000.000000 4 3
1546 395 1523 395 4 1 1 1644499712 37625 1080000.000000 4 3
1546 360 1523 360 4 1 1 1644499712 37625 1080000.000000 4 3
1546 430 1523 430 4 1 1 1644499712 37625 1260000.000000 4 3
1546 395 1523 395 4 1 1 1644499712 37625 1260000.000000 4 3
1546 360 1523 360 4 1 1 1644499712 37625 1260000.000000 4 3
1546 430 1523 430 4 1 1 1644499723 161375 0.000000 4 3
1546 395 1523 395 4 1 1 1644499723 161375 0.000000 4 3
1546 360 1523 360 4 1 1 1644499723 161375 0.000000 4 3
1546 430 1523 430 4 1 1 1644499723 161375 180000.000000 4 3
1546 395 1523 395 4 1 1 1644499723 161375 180000.000000 4 3
1546 360 1523 360 4 1 1 1644499723 161375 180000.000000 4 3
580 564 555 570 4 1 1 1644499725 708054 0.000000 4 1
576 529 551 535 4 1 1 1644499725 708054 0.000000 4 1
1222 414 547 500 4 1 1 1644499727 34713 0.000000 4 1
1420 465 555 570 4 1 1 1644499727 34713 0.000000 4 1
1325 639 916 885 4 1 1 1644499728 598462 0.000000 4 2
1296 609 896 850 4 1 1 1644499729 754093 0.000000 4 2
958 903 936 920 4 1 1 1644499731 13011 0.000000 4 2
938 868 916 885 4 1 1 1644499731 13011 0.000000 4 2
918 833 896 850 4 1 1 1644499732 168972 0.000000 4 2
217 496 188 500 4 1 1 1644499733 561797 0.000000 4 5
216 461 187 465 4 1 1 1644499734 311557 0.000000 4 5
215 426 186 430 4 1 1 1644499735 331505 0.000000 4 5
217 496 188 500 4 1 1 1644499737 30525 0.000000 4 5
216 461 187 465 4 1 1 1644499737 30525 0.000000 4 5
1072 222 1043 220 4 1 1 1644499738 832186 0.000000 4 6
1060 292 1031 290 4 1 1 1644499741 43365 0.000000 4 6
1066 257 1037 255 4 1 1 1644499741 43365 0.000000 4 6
1072 222 1043 220 4 1 1 1644499741 43365 0.000000 4 6
1260 330 1031 290 4 0 1 1644499742 304488 0.000000 4 6
1596 378 673 325 4 0 1 1644499743 424855 0.000000 4 7
4 4 -14 -15 57 0 0
0 3
0 4
0 2
0 1
647 776 896 920 1 1 1 1644499722 36318 0.000000 5 2
571 686 916 885 1 1 1 1644499722 36318 0.000000 5 2
567 637 936 850 1 1 1 1644499722 36318 0.000000 5 2
655 781 896 920 1 1 1 1644499722 36318 180000.000000 5 2
579 690 916 885 1 1 1 1644499722 36318 180000.000000 5 2
583 646 936 850 1 1 1 1644499722 36318 180000.000000 5 2
615 758 896 920 1 1 1 1644499722 36318 360000.000000 5 2
187 465 551 535 1 1 1 1644499710 708055 0.000000 5 1
193 430 557 500 1 1 1 1644499710 708055 0.000000 5 1
181 500 545 570 1 1 1 1644499710 708055 0.000000 5 1
187 465 673 885 1 1 1 1644499717 544156 0.000000 5 12
217 430 703 850 1 1 1 1644499717 544156 0.000000 5 12
157 500 643 920 1 1 1 1644499718 20960 0.000000 5 12
187 465 673 885 1 1 1 1644499719 41559 0.000000 5 12
217 430 703 850 1 1 1 1644499720 27006 0.000000 5 12
157 500 643 920 1 1 1 1644499721 13009 0.000000 5 12
187 465 673 885 1 1 1 1644499722 32483 0.000000 5 12
217 430 703 850 1 1 1 1644499728 18784 0.000000 5 12
157 500 643 920 1 1 1 1644499729 40296 0.000000 5 12
187 465 673 885 1 1 1 1644499730 24095 0.000000 5 12
217 430 703 850 1 1 1 1644499731 10514 0.000000 5 12
157 500 643 920 1 1 1 1644499732 30522 0.000000 5 12
1006 257 1037 255 4 1 1 1644499738 832186 0.000000 5 6
998 222 1029 220 4 1 1 1644499738 832186 0.000000 5 6
1014 292 1045 290 4 1 1 1644499738 832187 0.000000 5 6
1006 257 1037 255 4 1 1 1644499738 832187 180000.000000 5 6
998 222 1029 220 4 1 1 1644499738 832187 180000.000000 5 6
1014 292 1045 290 4 1 1 1644499738 832187 180000.000000 5 6
1006 257 1037 255 4 1 1 1644499738 832187 360000.000000 5 6
998 222 1029 220 4 1 1 1644499738 832187 360000.000000 5 6
1014 292 1045 290 4 1 1 1644499738 832187 360000.000000 5 6
1006 257 1037 255 4 1 1 1644499738 832187 540000.000000 5 6
998 222 1029 220 4 1 1 1644499738 832187 540000.000000 5 6
1014 292 1045 290 4 1 1 1644499738 832187 540000.000000 5 6
1006 257 1037 255 4 1 1 1644499738 832187 720000.000000 5 6
998 222 1029 220 4 1 1 1644499738 832187 720000.000000 5 6
1014 292 1045 290 4 1 1 1644499738 832187 720000.000000 5 6
1006 257 1037 255 4 1 1 1644499738 832187 900000.000000 5 6
998 222 1029 220 4 1 1 1644499738 832188 900000.000000 5 6
1014 292 1045 290 4 1 1 1644499738 832188 900000.000000 5 6
1006 257 1037 255 4 1 1 1644499738 832188 1080000.000000 5 6
962 226 1029 220 4 0 1 1644499741 43373 0.000000 5 6
978 296 1045 290 4 0 1 1644499741 43373 0.000000 5 6
970 261 1037 255 4 0 1 1644499741 43373 0.000000 5 6
917 234 1029 220 4 0 1 1644499741 43373 180000.000000 5 6
933 304 1045 290 4 0 1 1644499741 43373 180000.000000 5 6
925 269 1037 255 4 0 1 1644499741 43373 180000.000000 5 6
872 244 1029 220 4 0 1 1644499741 43373 360000.000000 5 6
888 314 1045 290 4 0 1 1644499741 43373 360000.000000 5 6
880 279 1037 255 4 0 1 1644499741 43374 360000.000000 5 6
827 254 1029 220 4 0 1 1644499741 43374 540000.000000 5 6
645 368 1045 290 4 0 1 1644499742 304488 0.000000 5 6
637 333 1037 255 4 0 1 1644499742 304489 0.000000 5 6
629 298 1029 220 4 0 1 1644499742 304489 0.000000 5 6
600 378 1045 290 4 0 1 1644499742 304489 180000.000000 5 6
592 343 1037 255 4 0 1 1644499742 304489 180000.000000 5 6
330 379 663 290 4 0 1 1644499743 424855 0.000000 5 7
4 3 11 8 20 1 0
3 0
3 1
4 1
873 319 679 360 4 0 1 1644499743 424855 0.000000 6 7
867 284 673 325 4 0 1 1644499743 424855 0.000000 6 7
861 249 667 290 4 0 1 1644499743 424856 0.000000 6 7
923 309 679 360 4 0 1 1644499743 424856 180000.000000 6 7
917 274 673 325 4 0 1 1644499743 424856 180000.000000 6 7
911 239 667 290 4 0 1 1644499743 424856 180000.000000 6 7
973 299 679 360 4 0 1 1644499743 424856 360000.000000 6 7
967 264 673 325 4 0 1 1644499743 424856 360000.000000 6 7
961 229 667 290 4 0 1 1644499743 424856 360000.000000 6 7
1023 292 679 360 4 0 1 1644499743 424856 540000.000000 6 7
1017 257 673 325 4 0 1 1644499743 424856 540000.000000 6 7
1011 222 667 290 4 0 1 1644499743 424856 540000.000000 6 7
1043 290 679 360 4 0 0 1644499743 424857 720000.000000 6 7
1037 255 673 325 4 0 0 1644499743 424857 720000.000000 6 7
1031 220 667 290 4 0 0 1644499743 424857 720000.000000 6 7
1043 290 679 360 4 0 0 1644499743 424857 900000.000000 6 7
1037 255 673 325 4 0 0 1644499743 424857 900000.000000 6 7
1031 220 667 290 4 0 0 1644499743 424857 900000.000000 6 7
1043 290 679 360 4 0 0 1644499743 424857 1080000.000000 6 7
1037 255 673 325 4 0 0 1644499743 424857 1080000.000000 6 7
10 2 20 0 0 0 1
2 1
2 2
10 6 20 0 0 0 0
0 8
0 9
0 7
0 6
1 9
1 7
10 3 20 0 0 0 0
3 3
3 4
3 5
4 1 1 0 25 0 0
3 6
567 575 541 570 4 1 1 1644499725 844826 0.000000 10 1
577 540 551 535 4 1 1 1644499725 844827 0.000000 10 1
797 565 561 500 4 1 1 1644499725 844827 0.000000 10 1
567 575 541 570 4 1 1 1644499725 844827 180000.000000 10 1
577 540 551 535 4 1 1 1644499725 844827 180000.000000 10 1
587 505 561 500 4 1 1 1644499725 844827 180000.000000 10 1
567 575 541 570 4 1 1 1644499725 844827 360000.000000 10 1
577 540 551 535 4 1 1 1644499727 34713 0.000000 10 1
587 505 561 500 4 1 1 1644499727 34714 0.000000 10 1
968 890 956 920 4 1 1 1644499728 598463 0.000000 10 2
928 855 916 885 4 1 1 1644499729 754093 0.000000 10 2
888 820 876 850 4 1 1 1644499731 13012 0.000000 10 2
968 890 956 920 4 1 1 1644499731 13012 0.000000 10 2
928 855 916 885 4 1 1 1644499732 168973 0.000000 10 2
225 436 195 430 4 1 1 1644499733 561797 0.000000 10 5
209 506 179 500 4 1 1 1644499734 311558 0.000000 10 5
217 471 187 465 4 1 1 1644499735 331506 0.000000 10 5
225 436 195 430 4 1 1 1644499737 30525 0.000000 10 5
209 506 179 500 4 1 1 1644499737 30525 0.000000 10 5
1037 285 1037 255 4 1 1 1644499738 832188 0.000000 10 6
997 285 997 255 4 1 1 1644499741 43374 0.000000 10 6
1077 285 1077 255 4 1 1 1644499741 43374 0.000000 10 6
1037 285 1037 255 4 1 1 1644499741 43374 0.000000 10 6
997 285 997 255 4 1 1 1644499742 304489 0.000000 10 6
868 584 640 360 4 0 1 1644499743 424858 0.000000 10 7
10 1 20 0 0 0 0
4 4
10 1 20 0 0 0 0
2 9
12
2 361 460 1 1 1644499718 93146 0.000000 1
2 1158 589 1 1 1644499724 315005 0.000000 3
2 1399 450 1 1 1644499727 581 0.000000 4
2 337 579 0 0 0 0 0.000000 0
2 1307 643 1 1 1644499732 68339 0.000000 4
2 949 575 1 0 1644499742 199593 0.000000 4
2 504 761 0 0 0 0 0.000000 0
2 321 474 1 1 1644499737 134447 0.000000 4
2 716 409 0 0 0 0 0.000000 0
2 738 468 0 0 0 0 0.000000 0
2 361 449 0 0 0 0 0.000000 0
2 566 449 0 0 0 0 0.000000 0
0 1 0 -1 -1 1
0 1 0 -1 -1 1
0 1 0 -1 -1 1
0 1 0 2 1 1
0 1 10 2 5 1
0
