                                
8 50 20 10
7 10 96 146 1 1 10
217 216 1 0 1 1
460 216 1 2 0 1
703 216 0 4 0 0
946 216 0 4 0 0
1189 216 1 3 1 1
1432 216 0 0 0 0
1675 216 1 9 1 1
96 286 1 0 0 1
339 286 0 0 0 0
582 286 0 0 0 0
825 286 1 7 1 1
1068 286 1 3 0 1
1311 286 1 3 0 1
1554 286 0 0 0 0
217 356 1 0 0 1
460 356 1 2 1 1
703 356 0 0 0 0
946 356 0 4 0 0
1189 356 0 0 0 0
1432 356 0 0 1 0
1675 356 0 0 0 0
96 426 1 0 0 0
339 426 1 2 0 1
582 426 0 0 0 0
825 426 0 4 0 0
1068 426 1 8 0 1
1311 426 1 8 0 1
1554 426 1 4 0 1
217 496 0 0 0 0
460 496 0 0 0 0
703 496 0 0 0 0
946 496 1 0 0 0
1189 496 1 8 1 1
1432 496 0 0 0 0
1675 496 1 4 0 1
96 566 0 0 0 0
339 566 0 0 0 0
582 566 0 0 0 0
825 566 1 6 0 1
1068 566 0 0 0 0
1311 566 1 8 0 1
1554 566 1 4 1 1
217 636 1 1 1 1
460 636 0 1 0 0
703 636 1 6 1 1
946 636 0 0 0 0
1189 636 1 8 0 1
1432 636 1 4 0 1
1675 636 0 2 0 0
96 706 1 1 0 1
339 706 0 1 1 0
582 706 0 0 0 0
825 706 1 6 1 1
1068 706 1 0 0 0
1311 706 1 0 0 0
1554 706 1 4 0 1
217 776 0 0 0 0
460 776 0 1 0 0
703 776 1 6 0 1
946 776 0 0 0 0
1189 776 0 0 0 0
1432 776 1 0 0 0
1675 776 1 5 1 1
96 846 1 0 0 0
339 846 1 0 0 0
582 846 0 0 0 0
825 846 0 6 0 0
1068 846 1 0 0 0
1311 846 0 5 0 0
1554 846 1 5 0 1
0 3 10 0 0 0
0 0
0 1
0 2
2 2 10 0 0 0
0 6
0 7
10 3 20 0 0 0
1 2
1 3
1 0
10 3 20 0 0 0
4 0
4 1
5 1
10 5 20 0 0 0
6 5
6 4
6 7
6 3
5 6
10 2 20 0 0 0
6 8
6 9
10 4 20 0 0 0
2 6
2 8
3 7
3 5
10 1 20 0 0 0
3 1
10 5 20 0 0 0
4 4
4 3
4 6
5 5
5 3
10 1 20 0 0 0
6 0
0
0 10 -1 1
0 10 -1 1
0
