arya                            
8 50 20 10
7 9 120 180 1 1 10
241 250 0 0 0 0
484 250 1 0 0 0
727 250 1 2 1 1
970 250 1 3 1 1
1213 250 0 0 0 0
1456 250 0 0 0 0
1699 250 1 7 1 1
120 320 0 0 0 0
363 320 0 0 0 0
606 320 0 0 0 0
849 320 0 0 0 0
1092 320 0 0 0 0
1335 320 1 0 0 0
1578 320 1 7 0 1
241 390 1 0 0 0
484 390 0 0 0 0
727 390 0 0 0 0
970 390 1 0 0 1
1213 390 1 0 0 1
1456 390 0 0 0 0
1699 390 0 0 0 0
120 460 1 0 0 0
363 460 1 0 0 0
606 460 1 0 0 0
849 460 1 8 0 1
1092 460 1 0 1 1
1335 460 0 0 0 0
1578 460 1 1 0 1
241 530 1 0 0 0
484 530 1 0 0 0
727 530 0 0 0 0
970 530 0 0 0 0
1213 530 0 0 0 0
1456 530 1 1 1 1
1699 530 1 6 1 1
120 600 1 0 0 0
363 600 1 0 0 0
606 600 0 0 0 0
849 600 1 8 1 1
1092 600 1 0 0 1
1335 600 1 1 0 1
1578 600 0 0 0 0
241 670 1 0 0 0
484 670 0 0 0 0
727 670 1 4 0 1
970 670 0 0 0 0
1213 670 0 0 0 0
1456 670 1 1 0 1
1699 670 0 0 0 0
120 740 1 0 0 0
363 740 1 5 0 1
606 740 0 0 0 0
849 740 1 4 0 1
1092 740 1 0 0 0
1335 740 1 9 1 1
1578 740 0 0 0 0
241 810 0 0 0 0
484 810 1 5 1 1
727 810 1 4 1 1
970 810 1 0 0 0
1213 810 0 0 0 0
1456 810 1 9 0 1
1699 810 1 0 0 0
0 4 10 0 0 0
4 3
4 2
4 5
3 2
2 4 10 0 0 0
5 4
5 5
5 6
6 3
10 1 20 0 0 0
2 0
10 1 20 0 0 0
3 0
10 3 20 0 0 0
2 8
2 6
3 7
10 2 20 0 0 0
1 8
1 7
10 1 20 0 0 0
6 4
10 2 20 0 0 0
6 0
6 1
10 2 20 0 0 0
3 5
3 3
10 2 20 0 0 0
5 7
5 8
0
0 10 -1 1
0 10 -1 1
0
