arya                            
8 50 20 10
7 11 56 109 1 1 10
177 179 0 0 0 0
420 179 1 0 0 0
663 179 0 3 0 0
906 179 1 8 1 1
1149 179 1 0 0 0
1392 179 1 0 0 0
1635 179 0 8 1 0
56 249 1 0 0 0
299 249 1 9 0 1
542 249 1 3 1 0
785 249 1 8 0 1
1028 249 0 4 1 0
1271 249 1 0 1 0
1514 249 1 0 0 0
177 319 1 9 1 1
420 319 0 0 0 0
663 319 0 3 0 0
906 319 1 8 0 1
1149 319 1 0 0 1
1392 319 0 0 0 0
1635 319 1 0 0 0
56 389 0 6 0 0
299 389 1 9 1 1
542 389 0 0 0 0
785 389 1 0 0 0
1028 389 0 0 0 0
1271 389 1 0 0 1
1514 389 0 0 0 0
177 459 1 9 0 1
420 459 0 0 0 0
663 459 0 0 0 0
906 459 1 7 0 1
1149 459 1 0 1 1
1392 459 1 5 1 1
1635 459 0 0 0 0
56 529 0 0 0 0
299 529 0 7 0 0
542 529 0 0 0 0
785 529 0 0 0 0
1028 529 1 0 0 1
1271 529 0 2 0 0
1514 529 1 5 0 1
177 599 1 1 1 1
420 599 1 2 1 1
663 599 0 0 0 0
906 599 1 7 1 1
1149 599 0 0 0 0
1392 599 1 5 0 1
1635 599 0 0 0 0
56 669 1 1 1 1
299 669 1 2 0 1
542 669 1 2 0 1
785 669 1 4 0 1
1028 669 0 0 0 0
1271 669 1 0 0 0
1514 669 0 0 0 0
177 739 0 1 0 0
420 739 0 0 0 0
663 739 1 4 1 1
906 739 1 7 0 1
1149 739 0 0 0 0
1392 739 1 6 0 1
1635 739 0 0 0 0
56 809 1 1 0 1
299 809 0 0 0 0
542 809 0 0 0 0
785 809 1 4 0 1
1028 809 0 5 0 0
1271 809 1 6 0 1
1514 809 1 6 0 1
177 879 0 1 1 0
420 879 1 3 1 1
663 879 0 0 0 0
906 879 1 0 0 0
1149 879 0 5 1 0
1392 879 1 6 1 1
1635 879 0 0 0 0
0 4 10 0 0 0
4 4
4 5
4 2
5 3
2 3 10 0 0 0
0 7
0 6
0 9
10 3 20 0 0 0
1 6
1 7
2 7
10 1 20 0 0 0
1 10
10 3 20 0 0 0
2 8
3 9
3 7
10 3 20 0 0 0
5 4
5 6
6 5
10 4 20 0 0 0
5 10
5 9
5 8
6 9
10 3 20 0 0 0
3 6
3 8
3 4
10 3 20 0 0 0
3 0
3 1
3 2
10 4 20 0 0 0
1 3
1 1
0 4
0 2
0
0 10 -1 1
0 10 -1 1
0
