arya                            
8 50 20 10
7 10 129 114 4 1 13
250 184 1 3 1 1
493 184 0 4 1 0
736 184 0 1 1 0
979 184 1 7 1 1
1222 184 0 6 1 0
1465 184 1 10 1 1
1708 184 0 6 1 0
129 254 1 3 1 1
372 254 0 1 1 0
615 254 0 7 1 0
858 254 0 1 1 0
1101 254 0 0 1 0
1344 254 0 0 1 0
1587 254 1 10 1 1
250 324 0 3 1 0
493 324 1 0 1 0
736 324 1 0 1 0
979 324 0 1 1 0
1222 324 1 8 1 1
1465 324 0 2 0 0
1708 324 1 0 0 1
129 394 0 8 1 0
372 394 0 3 1 0
615 394 1 1 1 0
858 394 1 6 0 0
1101 394 1 8 1 1
1344 394 0 2 1 0
1587 394 0 5 1 0
250 464 1 0 1 0
493 464 1 4 0 0
736 464 1 7 1 0
979 464 0 4 1 0
1222 464 1 5 1 1
1465 464 1 1 1 1
1708 464 1 0 1 1
129 534 1 0 0 0
372 534 0 5 1 0
615 534 1 9 1 1
858 534 0 2 1 0
1101 534 0 4 1 0
1344 534 1 1 1 1
1587 534 0 5 1 0
250 604 0 0 1 0
493 604 0 2 1 0
736 604 0 2 0 0
979 604 1 12 1 1
1222 604 1 5 1 1
1465 604 1 1 0 1
1708 604 1 0 1 1
129 674 1 11 0 1
372 674 1 2 0 1
615 674 1 9 1 1
858 674 1 12 1 1
1101 674 1 5 1 1
1344 674 0 3 0 0
1587 674 0 5 0 0
250 744 0 3 0 0
493 744 1 2 1 1
736 744 0 2 1 0
979 744 0 2 0 0
1222 744 0 1 1 0
1465 744 1 4 1 1
1708 744 0 6 1 0
129 814 1 11 1 1
372 814 1 2 1 1
615 814 0 2 1 0
858 814 0 2 1 0
1101 814 1 6 1 1
1344 814 1 4 1 1
1587 814 0 3 1 0
0 3 10 0 0 0
6 4
6 6
6 2
2 3 10 0 0 0
5 4
5 5
5 6
4 3 10 0 0 0
1 9
1 8
1 7
1 2 10 0 0 0
0 0
0 1
3 2 10 0 0 0
5 8
5 9
10 3 20 0 0 0
4 6
4 7
4 4
10 1 20 0 0 0
4 9
10 1 20 0 0 0
3 0
10 2 20 0 0 0
4 2
4 3
10 2 20 0 0 0
2 7
2 5
10 2 20 0 0 0
6 1
5 0
10 2 20 0 0 0
0 9
0 7
10 2 20 0 0 0
3 7
3 6
0
0 10 -1 1
0 10 -1 1
0 10 -1 1
0 10 -1 1
0 10 -1 1
0
