arya                            
8 50 20 10 0 1
7 10 124 117 4 1 13
245 187 0 0 0 0
488 187 1 3 0 1
731 187 1 3 0 1
974 187 1 12 1 1
1217 187 0 0 0 0
1460 187 1 9 0 1
1703 187 0 0 0 0
124 257 0 0 0 0
367 257 1 5 0 1
610 257 1 3 1 1
853 257 1 8 0 1
1096 257 1 1 0 1
1339 257 1 9 1 1
1582 257 0 0 0 0
245 327 1 5 1 1
488 327 0 0 0 0
731 327 0 0 0 0
974 327 0 0 0 0
1217 327 0 0 0 0
1460 327 0 0 0 0
1703 327 0 0 0 0
124 397 1 5 0 1
367 397 0 0 0 0
610 397 1 3 0 1
853 397 1 8 1 1
1096 397 1 1 1 1
1339 397 0 0 0 0
1582 397 1 10 1 1
245 467 0 0 0 0
488 467 1 0 0 0
731 467 1 8 0 1
974 467 0 0 0 0
1217 467 0 0 0 0
1460 467 0 0 0 0
1703 467 0 0 0 0
124 537 1 0 0 0
367 537 1 0 0 0
610 537 0 0 0 0
853 537 1 8 0 1
1096 537 0 0 0 0
1339 537 1 4 0 1
1582 537 1 10 0 1
245 607 0 0 0 0
488 607 0 0 0 0
731 607 1 6 0 1
974 607 1 11 1 1
1217 607 1 4 1 1
1460 607 1 2 0 1
1703 607 1 0 0 0
124 677 1 7 0 1
367 677 0 0 0 0
610 677 0 0 0 0
853 677 0 0 0 0
1096 677 0 0 0 0
1339 677 1 2 0 1
1582 677 0 0 0 0
245 747 1 7 0 1
488 747 1 0 0 0
731 747 1 6 1 1
974 747 1 0 0 1
1217 747 0 0 0 0
1460 747 1 2 1 1
1703 747 1 0 0 0
124 817 1 7 1 1
367 817 1 0 0 0
610 817 1 6 0 1
853 817 0 0 0 0
1096 817 1 0 1 1
1339 817 0 0 0 0
1582 817 1 2 0 1
0 2 10 0 0 0 0
4 9
3 8
1 2 10 0 0 0 0
4 3
4 1
2 4 10 0 0 0 0
5 8
5 7
5 6
6 9
3 4 10 0 0 0 0
2 1
2 0
2 3
1 0
4 2 10 0 0 0 0
4 6
5 5
10 3 20 0 0 0 0
0 2
0 3
1 1
10 3 20 0 0 0 0
2 8
2 9
2 6
10 3 20 0 0 0 0
0 9
0 8
0 7
10 4 20 0 0 0 0
3 3
3 5
3 1
2 4
10 2 20 0 0 0 0
5 1
5 0
10 2 20 0 0 0 0
6 3
6 5
10 1 20 0 0 0 0
3 6
10 1 20 0 0 0 0
3 0
0
0 1 10 -1 -1 1
0 1 10 -1 -1 1
0 1 10 -1 -1 1
0 1 10 -1 -1 1
0 1 10 -1 -1 1
0
