arya                            
8 50 20 10
7 9 152 198 1 1 10
273 268 0 0 0 0
516 268 1 0 0 0
759 268 0 0 0 0
1002 268 0 0 0 0
1245 268 0 0 0 0
1488 268 0 0 0 0
1731 268 1 2 1 1
152 338 1 0 0 0
395 338 1 0 0 0
638 338 0 0 0 0
881 338 1 8 1 1
1124 338 1 4 1 1
1367 338 0 0 0 0
1610 338 1 2 0 1
273 408 1 5 0 1
516 408 1 6 0 1
759 408 0 0 0 0
1002 408 1 1 0 1
1245 408 1 4 0 1
1488 408 0 0 0 0
1731 408 1 0 0 1
152 478 0 0 0 0
395 478 0 0 0 0
638 478 0 0 0 0
881 478 1 1 0 1
1124 478 0 0 0 0
1367 478 1 9 0 1
1610 478 0 0 0 0
273 548 1 5 1 1
516 548 1 6 1 1
759 548 1 3 1 1
1002 548 1 1 1 1
1245 548 1 0 0 0
1488 548 1 9 1 1
1731 548 1 0 1 1
152 618 1 5 0 1
395 618 0 0 0 0
638 618 0 0 0 0
881 618 0 0 0 0
1124 618 1 1 0 1
1367 618 1 9 0 1
1610 618 1 0 0 1
273 688 0 0 0 0
516 688 1 6 0 1
759 688 0 0 0 0
1002 688 1 1 0 1
1245 688 1 0 0 0
1488 688 0 0 0 0
1731 688 0 0 0 0
152 758 0 0 0 0
395 758 0 0 0 0
638 758 0 0 0 0
881 758 1 0 0 0
1124 758 1 0 0 0
1367 758 0 0 0 0
1610 758 0 0 0 0
273 828 1 7 1 1
516 828 1 0 0 0
759 828 1 0 0 0
1002 828 0 0 0 0
1245 828 0 0 0 0
1488 828 0 0 0 0
1731 828 1 0 0 0
0 3 10 0 0 0
6 4
6 5
6 2
2 5 10 0 0 0
3 4
3 3
3 6
3 2
4 5
10 2 20 0 0 0
6 0
6 1
10 1 20 0 0 0
2 4
10 2 20 0 0 0
4 1
4 2
10 3 20 0 0 0
0 4
0 5
0 2
10 3 20 0 0 0
1 4
1 6
1 2
10 1 20 0 0 0
0 8
10 1 20 0 0 0
3 1
10 3 20 0 0 0
5 4
5 5
5 3
0
0 10 -1 1
0 10 -1 1
0
