arya                            
0 50 20 10
7 11 101 99 1 1 2
222 169 0 0 0 0
465 169 1 0 0 0
708 169 0 0 0 0
951 169 1 0 0 0
1194 169 0 0 0 0
1437 169 0 0 0 0
1680 169 1 0 0 0
101 239 0 0 0 0
344 239 1 0 0 0
587 239 0 0 0 0
830 239 1 0 0 0
1073 239 0 0 0 0
1316 239 1 0 1 1
1559 239 0 0 0 0
222 309 1 0 0 0
465 309 1 0 0 0
708 309 0 0 0 0
951 309 0 0 0 0
1194 309 1 0 0 1
1437 309 0 0 0 0
1680 309 0 0 0 0
101 379 0 0 0 0
344 379 1 0 0 0
587 379 1 0 0 0
830 379 1 0 0 0
1073 379 1 0 0 0
1316 379 1 0 0 1
1559 379 1 0 0 0
222 449 1 0 0 0
465 449 0 0 0 0
708 449 0 0 0 0
951 449 1 0 0 0
1194 449 0 0 0 0
1437 449 0 0 0 0
1680 449 0 0 0 0
101 519 0 0 0 0
344 519 0 0 0 0
587 519 1 0 0 0
830 519 0 0 0 0
1073 519 0 0 0 0
1316 519 1 0 0 0
1559 519 1 0 0 0
222 589 0 0 0 0
465 589 1 0 0 0
708 589 1 0 0 0
951 589 0 0 0 0
1194 589 0 0 0 0
1437 589 0 0 0 0
1680 589 0 0 0 0
101 659 1 0 0 0
344 659 0 0 0 0
587 659 1 0 0 0
830 659 1 0 0 0
1073 659 0 0 0 0
1316 659 0 0 0 0
1559 659 0 0 0 0
222 729 1 0 0 0
465 729 0 0 0 0
708 729 1 0 0 0
951 729 0 0 0 0
1194 729 0 0 0 0
1437 729 1 0 0 0
1680 729 0 0 0 0
101 799 0 0 0 0
344 799 1 1 0 1
587 799 0 0 0 0
830 799 0 0 0 0
1073 799 0 0 0 0
1316 799 0 0 0 0
1559 799 1 0 0 0
222 869 0 0 0 0
465 869 1 1 1 1
708 869 0 0 0 0
951 869 0 0 0 0
1194 869 0 0 0 0
1437 869 0 0 0 0
1680 869 0 0 0 0
0 3 10 0 0 0
5 1
5 3
4 2
2 2 10 0 0 0
1 10
1 9
0
0 10 -1 1
0 10 -1 1
0
