arya                            
8 50 20 10 0 1
7 10 120 137 4 1 13
241 207 1 10 0 1
484 207 1 0 0 0
727 207 1 8 1 1
970 207 1 2 1 1
1213 207 0 0 0 0
1456 207 1 4 0 1
1699 207 0 0 0 0
120 277 0 0 0 0
363 277 0 0 0 0
606 277 1 8 0 1
849 277 1 2 0 1
1092 277 1 2 0 1
1335 277 0 0 0 0
1578 277 1 4 1 1
241 347 1 10 1 1
484 347 0 0 0 0
727 347 1 8 0 1
970 347 1 2 0 1
1213 347 0 0 0 0
1456 347 0 0 0 0
1699 347 0 0 0 0
120 417 0 0 0 0
363 417 0 0 0 0
606 417 1 7 0 1
849 417 0 0 0 0
1092 417 0 0 0 0
1335 417 1 0 1 1
1578 417 0 0 0 0
241 487 0 0 0 0
484 487 1 7 0 1
727 487 0 0 0 0
970 487 1 3 0 1
1213 487 0 0 0 0
1456 487 0 0 0 0
1699 487 1 5 0 1
120 557 1 0 0 0
363 557 1 12 1 1
606 557 1 7 1 1
849 557 1 6 1 1
1092 557 1 3 1 1
1335 557 0 0 0 0
1578 557 0 0 0 0
241 627 1 12 0 1
484 627 0 0 0 0
727 627 1 6 0 1
970 627 0 0 0 0
1213 627 0 0 0 0
1456 627 0 0 0 0
1699 627 1 5 1 1
120 697 0 0 0 0
363 697 0 0 0 0
606 697 0 0 0 0
849 697 0 0 0 0
1092 697 0 0 0 0
1335 697 1 9 0 1
1578 697 0 0 0 0
241 767 1 1 0 1
484 767 1 1 0 1
727 767 0 0 0 0
970 767 1 0 0 0
1213 767 0 0 0 0
1456 767 1 9 1 1
1699 767 0 0 0 0
120 837 0 0 0 0
363 837 1 1 1 1
606 837 1 11 1 1
849 837 1 0 0 0
1092 837 0 0 0 0
1335 837 0 0 0 0
1578 837 1 9 0 1
0 1 10 0 0 0 0
5 3
1 3 10 0 0 0 0
1 9
1 8
0 8
2 4 10 0 0 0 0
3 0
3 1
3 2
4 1
3 2 10 0 0 0 0
4 5
3 4
4 2 10 0 0 0 0
6 1
5 0
10 2 20 0 0 0 0
6 6
6 4
10 2 20 0 0 0 0
3 5
2 6
10 3 20 0 0 0 0
2 5
2 3
1 4
10 3 20 0 0 0 0
2 0
2 1
2 2
10 3 20 0 0 0 0
5 8
5 7
6 9
10 2 20 0 0 0 0
0 2
0 0
10 1 20 0 0 0 0
2 9
10 2 20 0 0 0 0
1 5
0 6
0
0 1 10 -1 -1 1
0 1 10 -1 -1 1
0 1 10 -1 -1 1
0 1 10 -1 -1 1
0 1 10 -1 -1 1
0
