arya                            
0 50 20 10
7 10 21 140 1 1 2
142 210 1 0 0 0
385 210 1 0 0 0
628 210 1 0 0 1
871 210 0 0 0 0
1114 210 1 0 0 0
1357 210 0 0 0 0
1600 210 0 0 0 0
21 280 0 0 0 0
264 280 0 0 0 0
507 280 0 0 0 0
750 280 1 0 0 1
993 280 0 0 0 0
1236 280 0 0 0 0
1479 280 1 0 0 0
142 350 1 0 0 0
385 350 1 0 0 0
628 350 1 0 1 1
871 350 0 0 0 0
1114 350 0 0 0 0
1357 350 1 0 0 0
1600 350 1 0 0 0
21 420 1 0 0 0
264 420 1 0 0 0
507 420 1 0 0 1
750 420 1 0 0 1
993 420 0 0 0 0
1236 420 1 0 0 0
1479 420 0 0 0 0
142 490 0 0 0 0
385 490 1 0 0 0
628 490 1 0 0 1
871 490 0 0 0 0
1114 490 0 0 0 0
1357 490 0 0 0 0
1600 490 0 0 0 0
21 560 1 0 0 0
264 560 0 0 0 0
507 560 0 0 0 0
750 560 1 0 0 0
993 560 0 0 0 0
1236 560 0 0 0 0
1479 560 0 0 0 0
142 630 0 0 0 0
385 630 1 1 0 1
628 630 0 0 0 0
871 630 1 0 0 0
1114 630 0 0 0 0
1357 630 1 0 0 0
1600 630 0 0 0 0
21 700 0 0 0 0
264 700 1 1 1 1
507 700 1 0 0 0
750 700 1 0 0 0
993 700 0 0 0 0
1236 700 0 0 0 0
1479 700 0 0 0 0
142 770 0 0 0 0
385 770 1 1 0 1
628 770 0 0 0 0
871 770 1 0 0 0
1114 770 0 0 0 0
1357 770 1 0 0 0
1600 770 1 0 0 0
21 840 0 0 0 0
264 840 1 1 0 1
507 840 1 0 0 0
750 840 0 0 0 0
993 840 1 0 0 0
1236 840 0 0 0 0
1479 840 1 0 0 0
0 6 10 0 0 0
2 2
2 3
2 4
2 0
3 3
3 1
2 4 10 0 0 0
1 7
1 8
1 6
1 9
0
0 10 -1 1
0 10 -1 1
0
