arya                            
0 50 20 10
7 11 118 77 1 1 2
239 147 1 0 0 0
482 147 1 0 0 0
725 147 0 0 0 0
968 147 0 0 0 0
1211 147 0 0 0 0
1454 147 0 0 0 0
1697 147 1 0 0 0
118 217 0 0 0 0
361 217 0 0 0 0
604 217 1 0 0 0
847 217 0 0 0 0
1090 217 1 0 0 0
1333 217 0 0 0 0
1576 217 1 0 0 0
239 287 1 1 0 1
482 287 1 1 0 1
725 287 1 0 0 0
968 287 1 0 0 0
1211 287 1 0 0 0
1454 287 1 0 0 0
1697 287 1 0 0 0
118 357 1 0 0 0
361 357 1 1 1 1
604 357 0 0 0 0
847 357 0 0 0 0
1090 357 0 0 0 0
1333 357 1 0 0 0
1576 357 1 0 0 0
239 427 1 1 0 1
482 427 1 1 0 1
725 427 1 0 0 0
968 427 0 0 0 0
1211 427 0 0 0 0
1454 427 1 0 0 0
1697 427 1 0 0 0
118 497 1 0 0 0
361 497 1 1 0 1
604 497 0 0 0 0
847 497 1 0 0 0
1090 497 1 0 0 0
1333 497 1 0 0 0
1576 497 1 0 0 0
239 567 0 0 0 0
482 567 1 0 0 0
725 567 0 0 0 0
968 567 1 0 0 0
1211 567 1 0 0 0
1454 567 1 0 0 0
1697 567 0 0 0 0
118 637 0 0 0 0
361 637 1 0 0 0
604 637 0 0 0 0
847 637 1 0 0 1
1090 637 0 0 0 0
1333 637 0 0 0 0
1576 637 0 0 0 0
239 707 0 0 0 0
482 707 1 0 0 0
725 707 1 0 1 1
968 707 0 0 0 0
1211 707 0 0 0 0
1454 707 0 0 0 0
1697 707 0 0 0 0
118 777 1 0 0 0
361 777 1 0 0 0
604 777 1 0 0 1
847 777 0 0 0 0
1090 777 0 0 0 0
1333 777 1 0 0 0
1576 777 1 0 0 0
239 847 1 0 0 0
482 847 0 0 0 0
725 847 0 0 0 0
968 847 1 0 0 0
1211 847 0 0 0 0
1454 847 0 0 0 0
1697 847 0 0 0 0
0 3 10 0 0 0
2 8
2 9
3 7
2 6 10 0 0 0
1 3
1 4
1 2
1 5
0 4
0 2
0
0 10 -1 1
0 10 -1 1
0
