arya                            
0 50 20 10
7 11 81 86 4 1 5
202 156 1 0 0 0
445 156 1 0 0 0
688 156 0 0 0 0
931 156 1 4 0 1
1174 156 0 0 0 0
1417 156 1 3 0 1
1660 156 1 3 0 1
81 226 0 0 0 0
324 226 0 0 0 0
567 226 0 0 0 0
810 226 1 4 1 1
1053 226 1 0 0 0
1296 226 1 0 0 0
1539 226 1 3 1 1
202 296 1 0 0 0
445 296 1 0 0 0
688 296 1 4 0 1
931 296 0 0 0 0
1174 296 1 0 0 0
1417 296 0 0 0 0
1660 296 0 0 0 0
81 366 1 0 0 1
324 366 0 0 0 0
567 366 0 0 0 0
810 366 0 0 0 0
1053 366 1 0 0 0
1296 366 1 0 0 0
1539 366 1 3 0 1
202 436 1 0 0 1
445 436 1 0 0 0
688 436 0 0 0 0
931 436 1 0 0 0
1174 436 0 0 0 0
1417 436 1 0 0 0
1660 436 0 0 0 0
81 506 1 0 1 1
324 506 0 0 0 0
567 506 1 0 0 0
810 506 1 0 0 0
1053 506 1 0 0 0
1296 506 0 0 0 0
1539 506 0 0 0 0
202 576 0 0 0 0
445 576 1 1 0 1
688 576 1 0 0 0
931 576 1 0 0 0
1174 576 0 0 0 0
1417 576 0 0 0 0
1660 576 1 2 1 1
81 646 1 0 0 1
324 646 1 1 1 1
567 646 0 0 0 0
810 646 0 0 0 0
1053 646 1 0 0 0
1296 646 0 0 0 0
1539 646 0 0 0 0
202 716 0 0 0 0
445 716 1 1 0 1
688 716 0 0 0 0
931 716 0 0 0 0
1174 716 1 0 0 0
1417 716 0 0 0 0
1660 716 1 2 0 1
81 786 1 0 0 0
324 786 1 1 0 1
567 786 1 0 0 0
810 786 0 0 0 0
1053 786 0 0 0 0
1296 786 0 0 0 0
1539 786 1 0 0 0
202 856 1 0 0 0
445 856 0 0 0 0
688 856 1 0 0 0
931 856 1 0 0 0
1174 856 1 0 0 0
1417 856 0 0 0 0
1660 856 0 0 0 0
0 4 10 0 0 0
0 5
0 4
0 7
0 3
2 4 10 0 0 0
1 7
1 8
1 6
1 9
4 2 10 0 0 0
6 6
6 8
1 4 10 0 0 0
6 1
6 0
6 3
5 0
3 3 10 0 0 0
3 1
3 0
2 2
0
0 10 -1 1
0 10 -1 1
0 10 -1 1
0 10 -1 1
0 10 -1 1
0
