arya                            
8 50 20 10 0 1
7 9 99 184 4 1 13
220 254 0 4 1 0
463 254 1 1 0 0
706 254 1 10 1 1
949 254 0 0 0 0
1192 254 0 0 0 0
1435 254 0 0 0 0
1678 254 0 0 0 0
99 324 0 4 0 0
342 324 1 0 0 1
585 324 1 10 1 1
828 324 0 0 1 0
1071 324 1 2 0 1
1314 324 1 2 0 1
1557 324 1 3 0 1
220 394 0 2 0 0
463 394 0 0 0 0
706 394 1 10 0 1
949 394 1 4 1 1
1192 394 1 2 1 1
1435 394 1 3 1 1
1678 394 1 3 0 1
99 464 1 12 1 1
342 464 1 0 1 1
585 464 0 0 0 0
828 464 0 0 0 0
1071 464 1 2 0 1
1314 464 0 9 0 0
1557 464 1 3 1 1
220 534 1 0 1 1
463 534 0 0 0 0
706 534 0 0 0 0
949 534 1 4 0 1
1192 534 1 2 0 1
1435 534 1 3 0 1
1678 534 1 3 1 1
99 604 1 12 0 1
342 604 1 0 0 1
585 604 0 3 0 0
828 604 1 7 1 1
1071 604 0 0 0 0
1314 604 1 5 1 1
1557 604 0 0 0 0
220 674 0 0 0 0
463 674 1 6 0 1
706 674 1 7 0 1
949 674 0 5 1 0
1192 674 1 5 0 1
1435 674 0 6 0 0
1678 674 0 11 0 0
99 744 0 0 0 0
342 744 1 6 0 1
585 744 1 6 1 1
828 744 1 1 0 1
1071 744 0 0 0 0
1314 744 1 5 1 1
1557 744 1 8 0 1
220 814 0 7 0 0
463 814 1 6 1 1
706 814 1 11 1 1
949 814 1 1 1 1
1192 814 1 9 1 1
1435 814 1 8 1 1
1678 814 0 0 0 0
0 4 10 0 0 0 0
1 3
1 5
1 1
0 4
1 2 10 0 0 0 0
3 8
3 7
2 5 10 0 0 0 0
4 2
4 3
4 1
4 4
5 1
3 6 10 0 0 0 0
6 3
6 4
6 2
6 1
5 4
5 2
4 2 10 0 0 0 0
3 2
3 4
10 3 20 0 0 0 0
5 5
5 7
4 6
10 4 20 0 0 0 0
1 8
1 7
1 6
2 7
10 2 20 0 0 0 0
3 5
2 6
10 2 20 0 0 0 0
5 8
6 7
10 1 20 0 0 0 0
4 8
10 3 20 0 0 0 0
2 0
2 1
2 2
10 1 20 0 0 0 0
2 8
10 2 20 0 0 0 0
0 3
0 5
0
0 1 10 -1 -1 1
0 1 10 -1 -1 1
0 1 10 -1 -1 1
0 1 10 -1 -1 1
0 1 10 -1 -1 1
0
