arya                            
8 50 20 10
7 11 59 87 1 1 10
180 157 0 0 0 0
423 157 1 1 0 1
666 157 0 0 0 0
909 157 1 0 0 0
1152 157 0 0 0 0
1395 157 0 0 0 0
1638 157 0 0 0 0
59 227 1 0 0 0
302 227 1 1 1 1
545 227 0 0 0 0
788 227 0 0 0 0
1031 227 0 0 0 0
1274 227 0 0 0 0
1517 227 1 0 1 1
180 297 0 0 0 0
423 297 1 1 0 1
666 297 1 3 1 1
909 297 1 0 0 0
1152 297 1 6 1 1
1395 297 0 0 0 0
1638 297 1 0 0 1
59 367 1 9 0 1
302 367 0 0 0 0
545 367 1 3 0 1
788 367 1 3 0 1
1031 367 1 6 0 1
1274 367 0 0 0 0
1517 367 0 0 0 0
180 437 1 9 1 1
423 437 1 7 1 1
666 437 1 3 0 1
909 437 1 0 0 0
1152 437 0 0 0 0
1395 437 1 4 0 1
1638 437 1 0 0 0
59 507 1 9 0 1
302 507 0 0 0 0
545 507 1 7 0 1
788 507 0 0 0 0
1031 507 1 8 0 1
1274 507 0 0 0 0
1517 507 0 0 0 0
180 577 1 9 0 1
423 577 0 0 0 0
666 577 0 0 0 0
909 577 0 0 0 0
1152 577 1 8 1 1
1395 577 1 4 1 1
1638 577 1 0 0 0
59 647 0 0 0 0
302 647 1 0 0 0
545 647 0 0 0 0
788 647 0 0 0 0
1031 647 1 2 0 1
1274 647 0 0 0 0
1517 647 1 4 0 1
180 717 0 0 0 0
423 717 0 0 0 0
666 717 1 5 1 1
909 717 0 0 0 0
1152 717 1 2 0 1
1395 717 0 0 0 0
1638 717 1 0 0 0
59 787 0 0 0 0
302 787 1 0 0 0
545 787 0 0 0 0
788 787 1 5 0 1
1031 787 1 2 1 1
1274 787 0 0 0 0
1517 787 1 0 0 0
180 857 0 0 0 0
423 857 0 0 0 0
666 857 0 0 0 0
909 857 0 0 0 0
1152 857 0 0 0 0
1395 857 0 0 0 0
1638 857 0 0 0 0
0 2 10 0 0 0
6 1
6 2
2 3 10 0 0 0
1 1
1 2
1 0
10 3 20 0 0 0
4 9
4 8
4 7
10 4 20 0 0 0
2 2
2 3
2 4
3 3
10 3 20 0 0 0
5 6
5 4
6 7
10 2 20 0 0 0
2 8
3 9
10 2 20 0 0 0
4 2
4 3
10 2 20 0 0 0
1 4
2 5
10 2 20 0 0 0
4 6
4 5
10 4 20 0 0 0
0 4
0 5
0 3
0 6
0
0 10 -1 1
0 10 -1 1
0
