arya                            
8 50 20 10
7 11 37 78 1 1 10
158 148 1 0 0 0
401 148 1 0 0 0
644 148 1 8 0 1
887 148 1 6 1 1
1130 148 0 0 0 0
1373 148 0 0 0 0
1616 148 0 0 0 0
37 218 0 1 0 0
280 218 1 1 0 0
523 218 1 8 1 1
766 218 0 2 0 0
1009 218 0 0 0 0
1252 218 0 0 1 0
1495 218 0 4 0 0
158 288 1 1 1 0
401 288 1 0 0 0
644 288 1 8 1 1
887 288 0 2 0 0
1130 288 1 0 1 1
1373 288 1 3 1 1
1616 288 1 5 1 1
37 358 0 1 0 0
280 358 0 0 0 0
523 358 0 0 0 0
766 358 0 2 1 0
1009 358 1 0 0 1
1252 358 1 0 0 1
1495 358 0 4 1 0
158 428 0 0 0 0
401 428 1 1 0 1
644 428 1 1 0 1
887 428 1 4 1 1
1130 428 0 0 0 0
1373 428 1 3 0 1
1616 428 1 5 0 1
37 498 0 0 0 0
280 498 1 0 0 0
523 498 1 1 1 1
766 498 1 4 0 1
1009 498 0 0 0 0
1252 498 0 0 0 0
1495 498 1 4 0 0
158 568 0 0 0 0
401 568 0 0 0 0
644 568 1 1 0 1
887 568 0 2 1 0
1130 568 0 0 0 0
1373 568 1 5 1 0
1616 568 0 1 1 0
37 638 1 7 0 1
280 638 0 0 0 0
523 638 0 0 0 0
766 638 1 2 0 0
1009 638 0 3 1 0
1252 638 0 0 0 0
1495 638 0 5 0 0
158 708 1 7 0 1
401 708 1 9 0 1
644 708 0 0 0 0
887 708 0 2 0 0
1130 708 1 0 0 0
1373 708 0 0 0 0
1616 708 1 2 0 1
37 778 1 7 1 1
280 778 1 9 1 1
523 778 0 0 0 0
766 778 0 0 0 0
1009 778 0 0 0 0
1252 778 0 0 0 0
1495 778 1 2 1 1
158 848 0 0 0 0
401 848 0 0 0 0
644 848 0 0 0 0
887 848 0 0 0 0
1130 848 1 0 0 0
1373 848 1 2 0 1
1616 848 0 0 0 0
0 3 10 0 0 0
4 2
4 3
5 3
2 4 10 0 0 0
2 5
2 6
2 4
1 4
10 3 20 0 0 0
6 9
6 8
5 10
10 2 20 0 0 0
5 2
5 4
10 2 20 0 0 0
3 4
3 5
10 2 20 0 0 0
6 2
6 4
10 1 20 0 0 0
3 0
10 3 20 0 0 0
0 9
0 8
0 7
10 3 20 0 0 0
2 2
2 1
2 0
10 2 20 0 0 0
1 9
1 8
0
0 10 -1 1
0 10 -1 1
0
