arya                            
8 50 20 10
7 10 83 131 1 1 10
204 201 1 8 1 1
447 201 1 0 0 0
690 201 0 0 0 0
933 201 1 6 1 1
1176 201 1 0 0 0
1419 201 0 0 0 0
1662 201 1 0 1 1
83 271 1 8 0 1
326 271 0 0 0 0
569 271 0 0 0 0
812 271 0 0 0 0
1055 271 0 0 0 0
1298 271 1 7 0 1
1541 271 0 0 0 0
204 341 0 0 0 0
447 341 1 0 0 0
690 341 0 0 0 0
933 341 1 2 0 1
1176 341 0 0 0 0
1419 341 1 7 1 1
1662 341 1 0 0 1
83 411 0 0 0 0
326 411 1 1 0 1
569 411 0 0 0 0
812 411 1 2 1 1
1055 411 1 9 0 1
1298 411 0 0 0 0
1541 411 0 0 0 0
204 481 1 1 0 1
447 481 1 1 0 1
690 481 1 2 0 1
933 481 1 2 0 1
1176 481 0 0 0 0
1419 481 1 7 0 1
1662 481 0 0 0 0
83 551 0 0 0 0
326 551 1 1 1 1
569 551 0 0 0 0
812 551 1 2 0 1
1055 551 1 9 1 1
1298 551 0 0 0 0
1541 551 1 4 0 1
204 621 1 1 0 1
447 621 1 1 0 1
690 621 1 0 0 0
933 621 0 0 0 0
1176 621 0 0 0 0
1419 621 1 5 0 1
1662 621 1 4 1 1
83 691 0 0 0 0
326 691 0 0 0 0
569 691 1 0 0 0
812 691 1 3 0 1
1055 691 0 0 0 0
1298 691 1 5 1 1
1541 691 0 0 0 0
204 761 1 0 0 0
447 761 1 0 0 0
690 761 0 0 0 0
933 761 1 3 1 1
1176 761 0 0 0 0
1419 761 1 5 0 1
1662 761 0 0 0 0
83 831 1 0 0 0
326 831 0 0 0 0
569 831 0 0 0 0
812 831 1 3 0 1
1055 831 1 3 0 1
1298 831 0 0 0 0
1541 831 0 0 0 0
0 2 10 0 0 0
6 0
6 2
2 6 10 0 0 0
1 5
1 6
1 4
1 3
0 6
0 4
10 5 20 0 0 0
3 3
3 4
3 2
3 5
2 4
10 4 20 0 0 0
3 8
3 9
3 7
4 9
10 2 20 0 0 0
6 6
6 5
10 3 20 0 0 0
5 7
5 8
5 6
10 1 20 0 0 0
3 0
10 3 20 0 0 0
5 2
5 1
5 4
10 2 20 0 0 0
0 0
0 1
10 2 20 0 0 0
4 5
4 3
0
0 10 -1 1
0 10 -1 1
0
